10.029332 15.000005
10.039212 15.000000
10.048985 14.999311
10.059299 14.999683
10.070043 15.000084
10.080904 15.000501
10.091367 15.000891
10.102620 15.001222
10.113307 15.001485
10.122923 15.002329
10.133064 15.003860
10.143813 15.005653
10.153281 15.006405
10.164043 15.008554
10.174567 15.010786
10.184964 15.013358
10.195259 15.016121
10.205554 15.019034
10.215942 15.022265
10.226624 15.025406
10.236776 15.028255
10.245178 15.030486
10.257221 15.033669
10.268586 15.036302
10.279065 15.038702
10.289296 15.041149
10.299206 15.043641
10.308290 15.046002
10.318810 15.048547
10.328329 15.051280
10.338558 15.053248
10.349245 15.055101
10.359548 15.057186
10.369488 15.059568
10.380253 15.061750
10.390920 15.063846
10.401487 15.065913
10.402874 15.066157
10.411557 15.067864
10.422221 15.069974
10.432765 15.072159
10.443517 15.074076
10.454533 15.076038
10.465102 15.077816
10.475426 15.079631
10.484094 15.081024
10.496429 15.083033
10.506973 15.084473
10.517732 15.085930
10.528480 15.087618
10.539110 15.089465
10.549109 15.091255
10.559421 15.093157
10.569980 15.095070
10.580754 15.096975
10.590994 15.098841
10.601640 15.100769
10.611238 15.102402
10.621783 15.104161
10.632227 15.105836
10.640812 15.107411
10.653225 15.109674
10.663534 15.111345
10.674354 15.112949
10.684566 15.114254
10.695419 15.115467
10.705761 15.116470
10.716453 15.117432
10.727205 15.118162
10.737711 15.119359
10.748559 15.120600
10.758780 15.121861
10.769411 15.123299
10.779980 15.124437
10.790631 15.125475
10.801612 15.126577
10.812058 15.127584
10.822718 15.128654
10.833486 15.129689
10.844049 15.130699
10.854938 15.131664
10.865584 15.132391
10.876584 15.133335
10.887145 15.134209
10.897817 15.135115
10.908166 15.135947
10.919041 15.136786
10.920345 15.136891
10.929377 15.137635
10.939618 15.138381
10.950816 15.139172
10.961148 15.139909
10.972029 15.140570
10.982482 15.141158
10.993043 15.141731
11.004026 15.142357
11.015062 15.143151
11.025301 15.144101
11.036092 15.145060
11.047102 15.145492
11.057468 15.145722
11.068373 15.145979
11.078850 15.146251
11.089863 15.146482
11.100240 15.146715
11.110826 15.146959
11.121736 15.147133
11.123194 15.147341
11.131665 15.147465
11.142688 15.147640
11.153273 15.147769
11.164070 15.147901
11.174959 15.148039
11.185347 15.148184
11.195969 15.148389
11.206773 15.148556
11.217784 15.148462
11.228170 15.148430
11.238758 15.148448
11.249769 15.148407
11.260655 15.148431
11.270610 15.148492
11.281396 15.148415
11.292468 15.148460
11.302923 15.148502
11.313482 15.148514
11.324150 15.148571
11.334605 15.148618
11.345595 15.148649
11.356499 15.148730
11.366986 15.148748
11.377871 15.148802
11.388541 15.148901
11.398998 15.148974
11.409458 15.149071
11.419919 15.149141
11.430916 15.149225
11.441809 15.149335
11.450138 15.149404
11.462745 15.149462
11.473647 15.149549
11.484097 15.149834
11.495016 15.150410
11.505480 15.150984
11.516280 15.151309
11.526971 15.151499
11.537804 15.152020
11.548106 15.152736
11.559241 15.153542
11.569383 15.153865
11.580395 15.154151
11.590903 15.154545
11.601626 15.154924
11.612491 15.155361
11.623291 15.155769
11.633549 15.156109
11.644653 15.156584
11.655218 15.157071
11.665780 15.157495
11.676458 15.157957
11.687032 15.158403
11.698132 15.158882
11.708479 15.159401
11.719897 15.160274
11.730670 15.161002
11.741351 15.161630
11.751912 15.162300
11.762570 15.162958
11.773139 15.163590
11.784055 15.164315
11.794724 15.165073
11.805295 15.165866
11.815924 15.166807
11.826609 15.167724
11.837172 15.168592
11.848281 15.169500
11.858961 15.170301
11.869976 15.171233
11.880589 15.172159
11.891441 15.173325
11.902328 15.174566
11.913111 15.175754
11.923564 15.176934
11.934336 15.178148
11.944629 15.179257
11.955601 15.180503
11.966302 15.181771
11.976608 15.182924
11.987473 15.184176
11.997998 15.185333
12.008517 15.186451
12.018835 15.187462
12.029749 15.188727
12.040128 15.189931
12.050513 15.191135
12.061107 15.192341
12.071698 15.193588
12.082489 15.194779
12.093293 15.195995
12.103767 15.197122
12.114347 15.198243
12.124951 15.199433
12.135367 15.200525
12.145910 15.201766
12.156662 15.202794
12.167632 15.203582
12.177871 15.204173
12.188745 15.204743
12.199513 15.205181
12.210293 15.205541
12.221204 15.206279
12.232075 15.206763
12.242324 15.207502
12.253540 15.208259
12.264134 15.208780
12.275220 15.209580
12.285830 15.210258
12.296197 15.210763
12.306889 15.211181
12.317708 15.211419
12.328411 15.211616
12.339325 15.211697
12.350023 15.211722
12.360609 15.211741
12.370821 15.212117
12.381620 15.212847
12.391788 15.213521
12.393310 15.213651
12.401905 15.214482
12.412604 15.215637
12.423502 15.216537
12.434269 15.217329
12.444947 15.217877
12.455315 15.218242
12.466093 15.218561
12.476645 15.218838
12.487313 15.219087
12.488742 15.219165
12.497732 15.219357
12.508976 15.219543
12.519736 15.219809
12.530181 15.219937
12.538712 15.220034
12.551399 15.220202
12.562057 15.220398
12.572848 15.220499
12.583546 15.220603
12.584928 15.220668
12.593919 15.220591
12.604390 15.220394
12.614964 15.220309
12.625651 15.220211
12.636345 15.220083
12.647058 15.219997
12.657732 15.219905
12.668280 15.219832
12.678829 15.219702
12.689804 15.219594
12.700372 15.219493
12.711395 15.219331
12.721874 15.219241
12.732676 15.219170
12.743155 15.219056
12.753838 15.218995
12.764421 15.218897
12.775297 15.218837
12.785954 15.218947
12.796646 15.218904
12.807343 15.218788
12.818183 15.218865
12.828767 15.218870
12.839249 15.218903
12.850132 15.218904
12.861030 15.218903
12.869468 15.218939
12.882271 15.218933
12.892632 15.218928
12.903313 15.218950
12.914207 15.218924
12.924782 15.218915
12.933541 15.218894
12.946254 15.218846
12.956918 15.219121
12.967644 15.219404
12.978094 15.219727
12.988973 15.219866
12.999647 15.220064
13.010328 15.220126
13.020901 15.220007
13.031469 15.219983
13.042276 15.219955
13.053079 15.220016
13.063758 15.220003
13.074764 15.219987
13.085130 15.219920
13.096239 15.219810
13.106715 15.219722
13.117527 15.219665
13.128743 15.219553
13.138816 15.219708
13.149917 15.219887
13.160382 15.220038
13.171368 15.220118
13.181608 15.220224
13.192302 15.220263
13.202994 15.220236
13.213801 15.220141
13.224995 15.220078
13.235368 15.219826
13.246381 15.219886
13.256750 15.220154
13.267981 15.220712
13.278782 15.220999
13.289487 15.221013
13.300085 15.220945
13.310585 15.220833
13.321612 15.220870
13.332209 15.220834
13.343031 15.220741
13.353738 15.220606
13.364481 15.220785
13.375537 15.220998
13.383905 15.221174
13.396545 15.221272
13.407675 15.221378
13.418174 15.221503
13.428969 15.221595
13.439560 15.221679
13.450274 15.221787
13.461069 15.221826
13.471442 15.222001
13.482234 15.222200
13.493035 15.222491
13.503814 15.222871
13.514278 15.222993
13.525549 15.223379
13.535714 15.223723
13.546912 15.223829
13.557589 15.224004
13.568045 15.224010
13.578827 15.223992
13.589599 15.223981
13.600250 15.223949
13.608680 15.223895
13.621954 15.224065
13.632581 15.224058
13.643582 15.224086
13.654277 15.224080
13.664582 15.224052
13.675576 15.224019
13.686033 15.223953
13.696481 15.223809
13.707380 15.223601
13.717573 15.223393
13.727986 15.223409
13.738745 15.223358
13.749413 15.223314
13.759997 15.223235
13.770798 15.223099
13.772450 15.223116
13.781336 15.223038
13.791812 15.223006
13.802622 15.222960
13.813352 15.222892
13.824297 15.222829
13.834675 15.222758
13.845480 15.222657
13.856280 15.222615
13.866872 15.222518
13.868696 15.222521
13.877801 15.222415
13.888180 15.222369
13.898775 15.222266
13.909580 15.222162
13.920594 15.222078
13.930851 15.221953
13.941752 15.221837
13.952660 15.221716
13.960784 15.221601
13.964957 15.221523
13.973871 15.221451
13.984347 15.221295
13.995265 15.221092
14.005847 15.220941
14.016319 15.220737
14.027331 15.220534
14.029202 15.220500
14.029215 15.220518
14.029231 15.220539
14.037833 15.220425
14.048408 15.220171
14.059307 15.219966
14.070202 15.219743
14.080563 15.219496
14.091133 15.219275
14.101991 15.219056
14.112677 15.218796
14.114446 15.218751
14.123038 15.218538
14.133718 15.218285
14.144607 15.218024
14.155412 15.217809
14.165990 15.217569
14.176658 15.217367
14.187214 15.217188
14.197889 15.217001
14.199855 15.216957
14.199855 15.216957
14.199855 15.216957
14.208747 15.216824
14.219018 15.216606
14.230019 15.216458
14.240915 15.216335
14.251487 15.216198
14.262395 15.216060
14.263947 15.216035
14.273035 15.215978
14.283725 15.215899
14.294201 15.215833
14.304684 15.215777
14.315704 15.215726
14.326411 15.215686
14.336897 15.215670
14.347702 15.215679
14.358193 15.215660
14.360209 15.215642
14.368995 15.215694
14.379344 15.215759
14.390024 15.215793
14.400837 15.215843
14.411649 15.215885
14.422463 15.215891
14.432526 15.215934
14.443982 15.215947
14.454473 15.215981
14.456380 15.215965
14.465196 15.215987
14.475682 15.215990
14.486711 15.216017
14.497513 15.216035
14.499409 15.216036
14.499394 15.216056
14.508390 15.216019
14.518980 15.216016
14.529464 15.215977
14.540481 15.215908
14.550839 15.215905
14.561517 15.215845
14.572621 15.215776
14.582976 15.215736
14.593758 15.215660
14.604423 15.215617
14.606379 15.215599
14.606379 15.215599
14.615159 15.215537
14.625720 15.215436
14.636385 15.215382
14.647267 15.215335
14.657620 15.215229
14.668387 15.215140
14.679162 15.215071
14.689728 15.214982
14.700619 15.214952
14.711402 15.214878
14.712901 15.214885
14.712901 15.214885
14.721437 15.214818
14.732535 15.214802
14.743113 15.214732
14.744722 15.214750
14.753512 15.214718
14.764309 15.214710
14.774992 15.214676
14.785472 15.214697
14.796168 15.214716
14.807187 15.214716
14.817565 15.214750
14.828267 15.214796
14.839077 15.214851
14.849568 15.214925
14.860592 15.214980
14.861896 15.214986
14.870923 15.215084
14.881741 15.215189
14.892770 15.215243
14.903265 15.215327
14.913877 15.215399
14.924806 15.215456
14.935717 15.215556
14.946315 15.215602
14.956913 15.215637
14.958234 15.215631
14.967134 15.215703
14.977834 15.215724
14.988220 15.215757
14.999125 15.215786
15.001011 15.215775
15.001024 15.215755
15.001039 15.215735
15.009800 15.215744
15.020167 15.215776
15.031175 15.215749
15.041736 15.215739
15.052517 15.215742
15.062758 15.215698
15.073536 15.215679
15.084208 15.215638
15.094986 15.215549
15.105660 15.215512
15.107222 15.215513
15.115995 15.215463
15.126558 15.215384
15.137228 15.215316
15.148103 15.215240
15.158544 15.215132
15.169433 15.215107
15.180103 15.215025
15.190893 15.214961
15.201355 15.214933
15.212241 15.214858
15.213875 15.214876
15.213863 15.214890
15.222544 15.214845
15.233418 15.214807
15.235367 15.214865
15.235366 15.214865
15.244253 15.214758
15.254832 15.214760
15.265306 15.214746
15.275996 15.214731
15.286583 15.214765
15.297600 15.214793
15.307978 15.214824
15.319097 15.214852
15.329798 15.214905
15.340075 15.214962
15.350781 15.215057
15.361603 15.215082
15.372525 15.215158
15.374390 15.215165
15.383192 15.215256
15.394127 15.215303
15.404516 15.215390
15.415124 15.215444
15.426153 15.215500
15.436752 15.215588
15.447458 15.215623
15.458274 15.215671
15.468977 15.215734
15.470627 15.215744
15.479742 15.215773
15.489904 15.215821
15.500585 15.215848
15.502260 15.215837
15.511270 15.215828
15.521740 15.215868
15.532427 15.215837
15.543004 15.215830
15.554005 15.215820
15.564465 15.215767
15.575134 15.215752
15.586128 15.215723
15.596802 15.215622
15.607255 15.215589
15.608947 15.215569
15.608932 15.215549
15.615902 15.215489
15.628494 15.215407
15.638843 15.215350
15.649833 15.215271
15.660717 15.215181
15.671054 15.215131
15.681926 15.215028
15.692712 15.214969
15.703385 15.214943
15.713955 15.214875
15.724631 15.214848
15.735418 15.214824
15.745587 15.214805
15.756610 15.214836
15.767288 15.214816
15.778085 15.214803
15.788898 15.214860
15.799497 15.214902
15.809889 15.214957
15.820802 15.215012
15.831825 15.215053
15.842316 15.215117
15.853130 15.215219
15.863625 15.215275
15.874010 15.215368
15.884723 15.215445
15.895650 15.215503
15.906666 15.215632
15.916928 15.215712
15.927754 15.215756
15.938469 15.215839
15.949282 15.215880
15.960092 15.215945
15.961631 15.215925
15.970748 15.216003
15.981234 15.216022
15.991931 15.216084
16.002626 15.216090
16.012997 15.216089
16.024113 15.216125
16.034788 15.216109
16.045361 15.216114
16.055933 15.216105
16.066826 15.216043
16.076969 15.216024
16.088188 15.215981
16.098537 15.215895
16.109526 15.215836
16.119873 15.215779
16.130428 15.215683
16.141619 15.215592
16.152073 15.215511
16.162857 15.215408
16.173529 15.215369
16.184093 15.215278
16.194553 15.215208
16.205336 15.215161
16.207357 15.215169
16.215950 15.215085
16.226734 15.215055
16.237415 15.215018
16.247776 15.214965
16.258354 15.214967
16.269363 15.214962
16.280376 15.214945
16.290968 15.214980
16.299414 15.214992
16.312126 15.215015
16.320898 15.215075
16.333740 15.215094
16.344234 15.215153
16.346329 15.215173
16.346342 15.215193
16.355021 15.215256
16.366156 15.215299
16.376434 15.215381
16.387251 15.215461
16.397961 15.215518
16.409002 15.215605
16.419281 15.215656
16.430418 15.215716
16.441015 15.215799
16.451828 15.215837
16.462311 15.215900
16.472916 15.215935
16.483425 15.215919
16.494442 15.215978
16.496264 15.215966
16.505386 15.215969
16.515635 15.215979
16.526621 15.216035
16.536896 15.215981
16.547686 15.215981
16.558580 15.215965
16.569471 15.215899
16.579927 15.215885
16.590376 15.215878
16.601366 15.215782
16.611607 15.215755
16.613722 15.215732
16.622816 15.215687
16.633499 15.215590
16.643740 15.215529
16.654505 15.215463
16.665606 15.215371
16.676167 15.215331
16.686520 15.215235
16.697618 15.215155
16.708078 15.215112
16.709917 15.215131
16.719114 15.215012
16.729774 15.214944
16.740030 15.214913
16.742252 15.214957
16.751484 15.214861
16.762276 15.214856
16.772860 15.214842
16.783655 15.214813
16.794561 15.214842
16.804937 15.214860
16.815529 15.214876
16.826433 15.214901
16.837351 15.214940
16.847950 15.214995
16.858334 15.215073
16.860367 15.215061
16.868973 15.215125
16.879688 15.215190
16.890503 15.215281
16.901320 15.215339
16.912350 15.215424
16.923058 15.215498
16.933659 15.215550
16.944151 15.215636
16.954962 15.215670
16.956697 15.215668
16.965708 15.215706
16.976309 15.215759
16.987024 15.215759
16.997934 15.215807
16.999634 15.215787
16.999619 15.215767
16.999605 15.215747
17.008274 15.215785
17.018848 15.215784
17.029846 15.215840
17.040640 15.215810
17.051325 15.215782
17.062004 15.215784
17.072569 15.215737
17.080677 15.215735
17.093807 15.215684
17.104372 15.215590
17.106298 15.215590
17.115294 15.215553
17.125965 15.215511
17.136541 15.215408
17.147211 15.215343
17.157881 15.215282
17.168550 15.215196
17.179008 15.215164
17.189892 15.215081
17.200779 15.215002
17.210924 15.214988
17.221937 15.214943
17.232721 15.214908
17.243067 15.214878
17.254278 15.214834
17.255810 15.214842
17.255810 15.214842
17.264471 15.214815
17.275259 15.214796
17.285839 15.214784
17.296413 15.214806
17.307219 15.214836
17.318130 15.214865
17.328831 15.214912
17.339104 15.214961
17.350010 15.215004
17.360926 15.215092
17.362879 15.215062
17.362879 15.215062
17.362881 15.215062
17.371569 15.215133
17.380447 15.215246
17.392971 15.215338
17.403574 15.215400
17.414711 15.215491
17.425428 15.215555
17.435715 15.215599
17.446634 15.215696
17.457340 15.215734
17.465796 15.215797
17.469969 15.215783
17.478653 15.215859
17.489782 15.215885
17.491560 15.215897
17.491560 15.215897
17.500483 15.215941
17.511070 15.215967
17.521868 15.215960
17.532780 15.215984
17.543362 15.215956
17.554150 15.215926
17.564508 15.215935
17.575399 15.215886
17.585972 15.215856
17.596870 15.215802
17.598249 15.215796
17.598249 15.215796
17.607180 15.215742
17.617847 15.215712
17.628624 15.215676
17.638865 15.215598
17.649961 15.215523
17.660524 15.215461
17.671089 15.215373
17.681545 15.215326
17.692541 15.215232
17.703325 15.215157
17.713999 15.215127
17.715864 15.215137
17.715864 15.215137
17.725252 15.215072
17.735929 15.215017
17.737480 15.215022
17.746153 15.215016
17.757265 15.214953
17.767843 15.214944
17.778324 15.214945
17.788904 15.214917
17.799812 15.214948
17.810402 15.214969
17.821421 15.214977
17.832020 15.215027
17.842724 15.215073
17.853428 15.215129
17.863707 15.215202
17.874842 15.215224
17.885223 15.215292
17.896040 15.215390
17.906961 15.215438
17.917349 15.215517
17.928165 15.215593
17.938765 15.215638
17.949261 15.215720
17.960396 15.215774
17.962225 15.215775
17.970812 15.215818
17.979679 15.215882
17.992432 15.215892
18.003021 15.215935
18.005028 15.215919
18.005014 15.215899
18.013903 15.215960
18.024382 15.215947
18.033253 15.215968
18.043617 15.215934
18.056868 15.215908
18.065216 15.215914
18.078234 15.215850
18.088907 15.215816
18.099264 15.215787
18.110365 15.215705
18.112228 15.215717
18.112228 15.215717
18.120792 15.215674
18.131676 15.215626
18.142132 15.215526
18.153021 15.215464
18.163576 15.215405
18.174131 15.215309
18.184900 15.215237
18.195778 15.215149
18.205908 15.215055
18.216902 15.215025
18.227579 15.214951
18.238482 15.214910
18.248959 15.214933
18.259865 15.214875
18.270443 15.214864
18.281027 15.214863
18.292038 15.214845
18.302517 15.214870
18.313215 15.214895
18.323805 15.214905
18.334717 15.214950
18.345421 15.214997
18.355909 15.215053
18.366295 15.215127
18.377312 15.215137
18.388330 15.215217
18.398720 15.215316
18.409641 15.215359
18.420137 15.215443
18.430420 15.215519
18.441664 15.215584
18.452049 15.215666
18.463074 15.215702
18.473352 15.215744
18.484373 15.215803
18.495186 15.215816
18.505882 15.215851
18.516460 15.215883
18.526930 15.215878
18.537939 15.215905
18.548626 15.215880
18.559309 15.215837
18.569988 15.215837
18.580559 15.215781
18.591120 15.215749
18.601688 15.215712
18.612467 15.215617
18.623461 15.215572
18.633598 15.215529
18.644472 15.215405
18.655462 15.215330
18.665812 15.215281
18.676590 15.215193
18.687471 15.215126
18.697609 15.215057
18.708712 15.214974
18.719065 15.214952
18.730274 15.214879
18.740524 15.214831
18.751633 15.214846
18.762100 15.214778
18.772989 15.214762
18.783142 15.214753
18.794044 15.214741
18.795652 15.214755
18.795652 15.214756
18.795652 15.214756
18.805082 15.214774
18.815351 15.214796
18.826584 15.214815
18.836863 15.214868
18.847673 15.214920
18.858593 15.214981
18.869406 15.215052
18.879471 15.215095
18.890499 15.215183
18.900888 15.215283
18.912024 15.215337
18.922520 15.215418
18.933121 15.215495
18.943722 15.215549
18.954748 15.215640
18.965450 15.215672
18.976049 15.215714
18.986530 15.215777
18.997766 15.215801
19.006109 15.215839
19.018515 15.215854
19.029943 15.215858
19.040527 15.215878
19.051214 15.215855
19.059752 15.215856
19.072132 15.215834
19.083237 15.215775
19.093487 15.215733
19.104589 15.215679
19.114830 15.215594
19.125717 15.215549
19.136070 15.215505
19.146952 15.215392
19.157949 15.215312
19.168085 15.215262
19.179396 15.215175
19.189425 15.215117
19.200203 15.215037
19.211092 15.214956
19.221548 15.214931
19.232544 15.214864
19.243008 15.214817
19.253473 15.214818
19.264797 15.214762
19.275480 15.214757
19.285740 15.214756
19.296751 15.214746
19.307545 15.214778
19.318018 15.214793
19.328394 15.214814
19.339413 15.214870
19.350224 15.214927
19.360821 15.214993
19.371529 15.215071
19.382019 15.215113
19.392836 15.215206
19.403652 15.215317
19.414255 15.215376
19.425074 15.215461
19.435995 15.215550
19.446278 15.215611
19.457195 15.215705
19.467686 15.215742
19.478714 15.215785
19.489292 15.215865
19.499992 15.215885
19.510260 15.215921
19.521168 15.215940
19.531858 15.215926
19.542332 15.215957
19.553328 15.215943
19.563795 15.215909
19.574793 15.215902
19.585258 15.215845
19.596256 15.215795
19.606716 15.215757
19.617495 15.215674
19.628269 15.215638
19.638620 15.215593
19.649502 15.215479
19.660067 15.215418
19.670630 15.215364
19.681185 15.215261
19.691853 15.215206
19.702841 15.215134
19.713303 15.215053
19.724302 15.215024
19.734550 15.214951
19.745764 15.214901
19.755695 15.214902
19.764454 15.214828
19.777489 15.214850
19.788382 15.214836
19.798750 15.214819
19.809444 15.214854
19.820360 15.214890
19.831057 15.214909
19.841970 15.214964
19.852352 15.215015
19.863161 15.215090
19.873760 15.215169
19.884682 15.215209
19.895176 15.215298
19.905672 15.215402
19.916807 15.215460
19.927626 15.215544
19.938229 15.215631
19.948616 15.215686
19.959536 15.215780
19.970028 15.215815
19.980841 15.215861
19.991751 15.215931
20.002449 15.215950
20.012825 15.215986
20.023413 15.216007
20.034306 15.216009
20.044762 15.216063
20.055984 15.216034
20.066132 15.215996
20.077148 15.215970
20.087721 15.215917
20.098612 15.215868
20.109076 15.215830
20.119642 15.215743
20.130316 15.215698
20.141094 15.215652
20.151657 15.215545
20.162539 15.215476
20.172993 15.215426
20.183767 15.215342
20.194330 15.215283
20.204895 15.215205
20.215784 15.215124
20.226564 15.215098
20.237347 15.215026
20.247810 15.214978
20.258497 15.214992
20.269178 15.214928
20.279856 15.214915
20.290752 15.214904
20.301016 15.214882
20.309999 15.214902
20.322834 15.214943
20.333319 15.214953
20.344017 15.215000
20.355043 15.215055
20.365532 15.215120
20.376129 15.215197
20.387047 15.215233
20.397646 15.215325
20.408035 15.215425
20.418745 15.215487
20.429344 15.215563
20.440159 15.215634
20.450975 15.215689
20.461470 15.215775
20.472494 15.215815
20.483309 15.215858
20.493900 15.215911
20.504599 15.215927
20.515402 15.215963
20.525990 15.215981
20.536573 15.215964
20.547689 15.215990
20.558378 15.215963
20.569056 15.215924
20.579416 15.215926
20.590092 15.215867
20.600876 15.215821
20.611551 15.215779
20.622114 15.215688
20.632788 15.215642
20.643354 15.215597
20.654129 15.215487
20.664585 15.215424
20.675575 15.215361
20.685926 15.215271
20.696703 15.215216
20.707586 15.215137
20.718370 15.215054
20.728939 15.215041
20.739399 15.214972
20.750290 15.214927
20.761185 15.214935
20.771759 15.214871
20.782122 15.214872
20.792919 15.214864
20.803392 15.214848
20.814402 15.214879
20.824873 15.214890
20.835464 15.214911
20.846165 15.214957
20.857080 15.215010
20.867786 15.215075
20.878384 15.215157
20.889517 15.215189
20.900120 15.215277
20.910294 15.215377
20.921644 15.215436
20.932140 15.215517
20.942633 15.215593
20.953236 15.215648
20.964264 15.215740
20.974648 15.215770
20.985779 15.215817
20.996370 15.215876
21.006964 15.215893
21.017660 15.215932
21.028460 15.215951
21.039043 15.215935
21.049414 15.215965
21.060194 15.215946
21.071079 15.215928
21.081545 15.215925
21.092438 15.215863
21.102901 15.215828
21.113466 15.215787
21.124138 15.215688
21.135239 15.215646
21.146017 15.215600
21.156687 15.215492
21.167145 15.215434
21.178028 15.215376
21.188795 15.215277
21.199249 15.215219
21.210133 15.215150
21.220167 15.215074
21.230844 15.215041
21.242163 15.214971
21.252628 15.214925
21.263201 15.214928
21.273766 15.214858
21.284878 15.214860
21.295034 15.214856
21.306150 15.214848
21.316416 15.214878
21.327541 15.214913
21.337704 15.214935
21.348503 15.214971
21.359739 15.215028
21.369804 15.215090
21.378691 15.215169
21.391859 15.215214
21.401926 15.215303
21.413057 15.215403
21.423550 15.215469
21.434361 15.215544
21.442926 15.215593
21.455563 15.215675
21.466375 15.215770
21.477293 15.215813
21.487890 15.215860
21.498583 15.215935
21.509174 15.215955
21.519657 15.216002
21.530781 15.216021
21.541477 15.216003
21.552273 15.216034
21.562532 15.216005
21.573217 15.215980
21.584217 15.215974
21.594574 15.215922
21.605680 15.215883
21.616035 15.215852
21.626497 15.215759
21.637812 15.215719
21.647951 15.215678
21.658726 15.215580
21.669607 15.215513
21.680059 15.215463
21.690947 15.215378
21.701614 15.215315
21.712074 15.215235
21.722750 15.215160
21.733528 15.215129
21.744419 15.215056
21.754667 15.215010
21.765776 15.215009
21.776566 15.214940
21.786709 15.214930
21.797604 15.214909
21.808397 15.214887
21.819199 15.214919
21.829895 15.214947
21.840487 15.214959
21.849154 15.215027
21.861460 15.215046
21.870346 15.215109
21.883085 15.215199
21.893684 15.215235
21.904499 15.215317
21.915100 15.215416
21.923775 15.215449
21.936409 15.215556
21.947653 15.215630
21.957933 15.215677
21.968853 15.215770
21.979876 15.215800
21.990473 15.215854
22.000957 15.215907
22.011765 15.215921
22.022461 15.215955
22.033049 15.215962
22.043421 15.215940
22.054749 15.215963
22.065331 15.215930
22.075586 15.215887
22.084345 15.215891
22.097263 15.215797
22.107622 15.215757
22.118296 15.215709
22.129288 15.215597
22.139748 15.215549
22.150421 15.215501
22.159063 15.215405
22.171654 15.215316
22.182323 15.215242
22.192888 15.215146
22.203772 15.215086
22.214550 15.214995
22.222982 15.214935
22.235689 15.214888
22.246367 15.214809
22.257576 15.214756
22.267937 15.214746
22.278404 15.214680
22.289089 15.214675
22.299994 15.214662
22.310680 15.214636
22.321478 15.214662
22.331947 15.214669
22.342968 15.214684
22.353666 15.214725
22.364258 15.214766
22.374956 15.214819
22.385553 15.214897
22.396261 15.214931
22.407181 15.215014
22.417786 15.215117
22.428495 15.215181
22.438929 15.215236
22.449625 15.215295
22.460449 15.215137
22.471249 15.214894
22.481827 15.214567
22.492649 15.214361
22.503239 15.214172
22.514246 15.213983
22.524498 15.213749
22.535719 15.213490
22.545969 15.213247
22.556763 15.212933
22.567337 15.212656
22.578333 15.212322
22.588587 15.211989
22.599688 15.211659
22.609833 15.211329
22.621157 15.210924
22.631306 15.210589
22.641878 15.210207
22.653419 15.209513
22.664093 15.209131
22.674467 15.208639
22.685366 15.208032
22.696154 15.207362
22.706406 15.206590
22.717480 15.205461
22.728071 15.204442
22.738724 15.203401
22.749556 15.202326
22.760382 15.201268
22.771217 15.200097
22.781879 15.198745
22.792459 15.197392
22.802778 15.196144
22.813072 15.195015
22.824173 15.193801
22.834421 15.192962
22.845428 15.192098
22.855988 15.191454
22.866285 15.190882
22.876656 15.189920
22.885427 15.190894
22.894699 15.189236
22.904383 15.187657
22.914307 15.185219
22.924402 15.182536
22.935106 15.179872
22.945145 15.177170
22.955153 15.174427
22.965704 15.171268
22.976133 15.167707
22.986292 15.164027
22.996441 15.159980
23.006393 15.156116
23.016735 15.151558
23.026251 15.146993
23.036270 15.142386
23.046392 15.137421
23.057110 15.132189
23.066267 15.127725
23.076807 15.121656
23.086397 15.116035
23.096027 15.110582
23.105909 15.104996
23.115749 15.099405
23.125679 15.093877
23.135500 15.088481
23.145153 15.082995
23.154991 15.077044
23.164370 15.071615
23.173899 15.065969
23.182493 15.060777
23.191637 15.054709
23.201353 15.048506
23.210188 15.042680
23.219078 15.036543
23.227777 15.030299
23.236156 15.024204
23.244404 15.017918
23.252634 15.011471
23.261284 15.004632
23.269655 14.997638
23.277510 14.990966
23.285406 14.983878
23.293371 14.976596
23.301197 14.969289
23.308781 14.961809
23.315611 14.955019
23.322113 14.948360
23.329472 14.940375
23.336363 14.932875
23.343792 14.924921
23.351364 14.916400
23.358488 14.908263
23.365587 14.900101
23.372519 14.892153
23.378668 14.884219
23.385254 14.875796
23.391605 14.867507
23.397867 14.859211
23.404745 14.849976
23.410280 14.842052
23.416527 14.833315
23.422401 14.824714
23.428345 14.815667
23.434301 14.806584
23.439903 14.798235
23.445568 14.789054
23.450953 14.779803
23.456154 14.770802
23.461031 14.761712
23.465830 14.753727
23.470898 14.744349
23.475666 14.735115
23.480518 14.725881
23.485161 14.716113
23.489410 14.706838
23.493744 14.697080
23.498190 14.687042
23.502220 14.677363
23.507048 14.668187
23.510862 14.658548
23.514956 14.648250
23.518534 14.638489
23.522026 14.628832
23.526377 14.619478
23.530178 14.609057
23.532661 14.601280
23.536526 14.589240
23.539627 14.579122
23.542793 14.568658
23.545206 14.560535
23.548645 14.548436
23.551287 14.538164
23.554075 14.527926
23.556803 14.517271
23.559458 14.507176
23.562351 14.497166
23.564993 14.486635
23.567486 14.476915
23.569740 14.466952
23.571903 14.456398
23.573933 14.445912
23.575785 14.436016
23.577484 14.425500
23.578978 14.414849
23.580229 14.404275
23.581139 14.393691
23.581921 14.383215
23.582481 14.373071
23.582865 14.362287
23.583447 14.351402
23.584211 14.340996
23.584753 14.330561
23.585148 14.319592
23.585560 14.309451
23.586279 14.298208
23.586693 14.287492
23.586906 14.277193
23.587475 14.266547
23.588211 14.255896
23.588911 14.244911
23.589355 14.234245
23.589977 14.223129
23.590574 14.212454
23.591051 14.201455
23.591492 14.190886
23.592033 14.180093
23.592493 14.169194
23.592979 14.158633
23.593493 14.147431
23.593967 14.137003
23.594450 14.126152
23.594975 14.115193
23.595409 14.104601
23.595831 14.093803
23.596272 14.083661
23.596651 14.072572
23.597023 14.063953
23.597483 14.051514
23.597828 14.041112
23.598227 14.030198
23.598568 14.019722
23.598871 14.009039
23.599163 13.998687
23.599468 13.987805
23.599760 13.977367
23.600052 13.966924
23.600319 13.956076
23.600540 13.945749
23.600763 13.934994
23.600994 13.924856
23.601231 13.914162
23.601479 13.903784
23.601728 13.892657
23.601929 13.882360
23.602158 13.871837
23.602377 13.860978
23.602585 13.850740
23.602791 13.839634
23.602987 13.829041
23.603212 13.818322
23.603405 13.807480
23.603563 13.796838
23.603779 13.786072
23.603958 13.775294
23.604107 13.766880
23.604338 13.753594
23.604460 13.743113
23.604643 13.731758
23.604824 13.721049
23.604954 13.710662
23.605156 13.699397
23.605324 13.688779
23.605444 13.677858
23.605618 13.667490
23.605761 13.656157
23.605886 13.645697
23.606039 13.634821
23.606138 13.624061
23.606266 13.613447
23.606384 13.604978
23.606503 13.592022
23.606644 13.581232
23.606752 13.570246
23.606840 13.559696
23.606936 13.549291
23.607040 13.538568
23.607122 13.528069
23.607193 13.517583
23.607267 13.507108
23.607363 13.496540
23.607431 13.485869
23.607492 13.476997
23.607571 13.464328
23.607616 13.454093
23.607681 13.443741
23.607744 13.433076
23.607784 13.424610
23.607853 13.411700
23.607882 13.400900
23.607925 13.392630
23.607967 13.379891
23.607971 13.369260
23.608017 13.359034
23.608015 13.348154
23.608015 13.337369
23.608063 13.326452
23.608055 13.315947
23.608057 13.305426
23.608076 13.294886
23.608053 13.283692
23.608109 13.274744
23.608065 13.264277
23.608042 13.251098
23.608053 13.240395
23.608025 13.231960
23.607994 13.218866
23.607992 13.207936
23.607944 13.197115
23.607937 13.188350
23.607775 13.175624
23.607607 13.167091
23.607559 13.153781
23.607801 13.143534
23.607853 13.132521
23.608002 13.121668
23.608290 13.110722
23.608761 13.100106
23.609251 13.089294
23.609798 13.078720
23.610210 13.067842
23.610638 13.057195
23.611032 13.046782
23.611500 13.036066
23.611933 13.025896
23.612364 13.014777
23.612833 13.004741
23.613380 12.993649
23.613867 12.983512
23.614441 12.972963
23.614927 12.962402
23.615448 12.951628
23.616013 12.940973
23.616537 12.930314
23.617046 12.920389
23.617630 12.909186
23.618170 12.898929
23.618723 12.888443
23.619272 12.877522
23.619818 12.867222
23.620401 12.856479
23.620968 12.845738
23.621502 12.834961
23.622074 12.824272
23.622643 12.813459
23.623171 12.802957
23.623720 12.792110
23.624229 12.781682
23.624784 12.770700
23.625332 12.759707
23.625811 12.749350
23.626383 12.738663
23.626875 12.727427
23.627354 12.716946
23.627901 12.706027
23.628376 12.695226
23.628860 12.684533
23.629396 12.673412
23.629869 12.662519
23.630360 12.651951
23.630865 12.641173
23.631304 12.630737
23.631804 12.619687
23.632294 12.608747
23.632734 12.598355
23.633232 12.587556
23.633678 12.576984
23.634163 12.566007
23.634598 12.555594
23.635038 12.544860
23.635492 12.534471
23.635897 12.524214
23.636333 12.512985
23.636772 12.502733
23.637228 12.492175
23.637650 12.481617
23.638079 12.471171
23.638494 12.460726
23.638933 12.449650
23.639332 12.439629
23.639744 12.428859
23.640160 12.418402
23.640524 12.407844
23.640932 12.396943
23.641308 12.386362
23.641668 12.376286
23.642054 12.365343
23.642311 12.357151
23.642782 12.344035
23.643152 12.333255
23.643509 12.322345
23.643879 12.311737
23.644215 12.301221
23.644535 12.290582
23.644909 12.279600
23.645262 12.268604
23.645573 12.258142
23.645937 12.247342
23.646238 12.236322
23.646568 12.225510
23.646862 12.214917
23.647125 12.204206
23.647455 12.193172
23.647734 12.182574
23.648008 12.171328
23.648323 12.160747
23.648594 12.150064
23.648872 12.138956
23.649162 12.128295
23.649403 12.117757
23.649693 12.107239
23.649977 12.096416
23.650171 12.085466
23.650387 12.074682
23.650579 12.064121
23.650761 12.053893
23.650932 12.043056
23.651104 12.032545
23.651283 12.021729
23.651464 12.011033
23.651630 12.000345
23.651773 11.990307
23.651915 11.979849
23.652098 11.969186
23.652245 11.958527
23.652369 11.947548
23.652533 11.937096
23.652615 11.928541
23.652758 11.916067
23.652897 11.905702
23.652973 11.897120
23.653137 11.884187
23.653240 11.873678
23.653334 11.862942
23.653448 11.852302
23.653528 11.841536
23.653597 11.831069
23.653709 11.820583
23.653795 11.809655
23.653879 11.798811
23.653994 11.787949
23.654051 11.777182
23.654139 11.766727
23.654243 11.755935
23.654280 11.744809
23.654346 11.736705
23.654434 11.723290
23.654476 11.712372
23.654533 11.701883
23.654575 11.691061
23.654629 11.680244
23.654665 11.669226
23.654673 11.658648
23.654718 11.647533
23.654753 11.636861
23.654772 11.626520
23.654810 11.615441
23.654814 11.604595
23.654827 11.594194
23.654846 11.583489
23.654842 11.572586
23.654829 11.561708
23.654819 11.551271
23.654835 11.540420
23.654835 11.529911
23.654819 11.519207
23.654823 11.509142
23.654810 11.498350
23.654799 11.490207
23.654806 11.476896
23.654768 11.466339
23.654770 11.457893
23.654757 11.445228
23.654739 11.434880
23.654741 11.424314
23.654716 11.413743
23.654720 11.402957
23.654728 11.392579
23.654709 11.382195
23.654690 11.371362
23.654684 11.360947
23.654699 11.350515
23.654688 11.339635
23.654713 11.330877
23.654696 11.318038
23.654709 11.307530
23.654697 11.296590
23.654696 11.286160
23.654707 11.274851
23.654697 11.264393
23.654701 11.253706
23.654716 11.242578
23.654701 11.231875
23.654718 11.221276
23.654732 11.210237
23.654726 11.199200
23.654739 11.188376
23.654741 11.177671
23.654753 11.166972
23.654793 11.156279
23.654789 11.145380
23.654783 11.134706
23.654797 11.123933
23.654808 11.112853
23.654799 11.102444
23.654799 11.091399
23.654819 11.081018
23.654818 11.070226
23.654812 11.059449
23.654806 11.048693
23.654819 11.038159
23.654821 11.027966
23.654787 11.016944
23.654791 11.006454
23.654778 10.995874
23.654779 10.985093
23.654772 10.974949
23.654730 10.964399
23.654718 10.953629
23.654716 10.942862
23.654692 10.932508
23.654696 10.922257
23.654671 10.911583
23.654673 10.900691
23.654673 10.890096
23.654678 10.881723
23.654652 10.869196
23.654652 10.858563
23.654667 10.848025
23.654659 10.837360
23.654652 10.826353
23.654654 10.815543
23.654673 10.805037
23.654665 10.794408
23.654665 10.783554
23.654680 10.775052
23.654682 10.762121
23.654694 10.751223
23.654707 10.740635
23.654690 10.731773
23.654713 10.718576
23.654718 10.708081
23.654718 10.696936
23.654732 10.686004
23.654728 10.675407
23.654736 10.664814
23.654768 10.653896
23.654766 10.643103
23.654757 10.632541
23.654776 10.621768
23.654787 10.610482
23.654793 10.599965
23.654821 10.591711
23.654816 10.578649
23.654808 10.567863
23.654800 10.557086
23.654789 10.546542
23.654808 10.536119
23.654810 10.525395
23.654785 10.515002
23.654779 10.504093
23.654758 10.493728
23.654757 10.483257
23.654720 10.474697
23.654724 10.461709
23.654724 10.453684
23.654705 10.440804
23.654696 10.430034
23.654709 10.419896
23.654684 10.408798
23.654678 10.398337
23.654676 10.387849
23.654667 10.377354
23.654638 10.366426
23.654640 10.355900
23.654654 10.345361
23.654644 10.334587
23.654650 10.324225
23.654648 10.313634
23.654667 10.302697
23.654665 10.291646
23.654661 10.281112
23.654675 10.270776
23.654673 10.259461
23.654684 10.248887
23.654697 10.237866
23.654682 10.226949
23.654690 10.216562
23.654703 10.205631
23.654694 10.194805
23.654705 10.183762
23.654701 10.172948
23.654709 10.162136
23.654722 10.151642
23.654722 10.140848
23.654713 10.130177
23.654734 10.119082
23.654753 10.108544
23.654749 10.097590
23.654755 10.087190
23.654768 10.076380
23.654772 10.065694
23.654764 10.054597
23.654755 10.043946
23.654770 10.033733
23.654766 10.023013
23.654749 10.012205
23.654753 10.001611
23.654732 9.991454
23.654736 9.980777
23.654720 9.969800
23.654682 9.959244
23.654673 9.949002
23.654667 9.938129
23.654648 9.927571
23.654648 9.917007
23.654640 9.906869
23.654629 9.896194
23.654625 9.885708
23.654612 9.874899
23.654596 9.864279
23.654594 9.853642
23.654610 9.843318
23.654598 9.832225
23.654591 9.821855
23.654587 9.810939
23.654604 9.800110
23.654600 9.789707
23.654587 9.781319
23.654604 9.768185
23.654604 9.757301
23.654617 9.746619
23.654594 9.737978
23.654610 9.725000
23.654617 9.714180
23.654627 9.703577
23.654634 9.692214
23.654652 9.681716
23.654644 9.670791
23.654648 9.659978
23.654686 9.649392
23.654703 9.640329
23.654678 9.627821
23.654696 9.617043
23.654716 9.605968
23.654724 9.597379
23.654711 9.586543
23.654705 9.573700
23.654701 9.563010
23.654694 9.552455
23.654690 9.541808
23.654707 9.531171
23.654709 9.520554
23.654678 9.509953
23.654680 9.499146
23.654659 9.489096
23.654669 9.478206
23.654659 9.467853
23.654623 9.456985
23.654613 9.446425
23.654602 9.436189
23.654587 9.425834
23.654593 9.414845
23.654572 9.404486
23.654570 9.393700
23.654572 9.382894
23.654568 9.372611
23.654577 9.364334
23.654556 9.351468
23.654570 9.340717
23.654572 9.330268
23.654564 9.319264
23.654558 9.308676
23.654568 9.297632
23.654568 9.286902
23.654560 9.276149
23.654568 9.267966
23.654575 9.254712
23.654594 9.246506
23.654602 9.233226
23.654587 9.222631
23.654608 9.211384
23.654615 9.200780
23.654617 9.190285
23.654634 9.179353
23.654625 9.168427
23.654633 9.157838
23.654663 9.146919
23.654667 9.135910
23.654657 9.125348
23.654680 9.114681
23.654699 9.103499
23.654684 9.092769
23.654684 9.082156
23.654701 9.071453
23.654709 9.061085
23.654699 9.049990
23.654690 9.039762
23.654703 9.029124
23.654703 9.018399
23.654678 9.007586
23.654678 8.996993
23.654661 8.986306
23.654667 8.975629
23.654654 8.965591
23.654633 8.955031
23.654627 8.944366
23.654619 8.933604
23.654613 8.923151
23.654629 8.912590
23.654606 8.901704
23.654610 8.891235
23.654604 8.880960
23.654600 8.869934
23.654589 8.859529
23.654589 8.848897
23.654604 8.838253
23.654612 8.829720
23.654596 8.816799
23.654598 8.806100
23.654615 8.795592
23.654621 8.784970
23.654619 8.774438
23.654617 8.763126
23.654600 8.752460
23.654615 8.741994
23.654627 8.730865
23.654613 8.720273
23.654627 8.709021
23.654633 8.698632
23.654625 8.687374
23.654636 8.676983
23.654629 8.665843
23.654638 8.655033
23.654655 8.644321
23.654644 8.633534
23.654627 8.622973
23.654646 8.611767
23.654657 8.601122
23.654654 8.590275
23.654678 8.581805
23.654675 8.569064
23.654676 8.558480
23.654669 8.550156
23.654659 8.537157
23.654675 8.526200
23.654640 8.517710
23.654657 8.505098
23.654655 8.494711
23.654625 8.484451
23.654627 8.475780
23.654604 8.463112
23.654585 8.454349
23.654573 8.442207
23.654566 8.433446
23.654552 8.420992
23.654552 8.410322
23.654543 8.399444
23.654530 8.389190
23.654526 8.378380
23.654518 8.367889
23.654490 8.357062
23.654493 8.346852
23.654507 8.336102
23.654497 8.325116
23.654503 8.314648
23.654501 8.303625
23.654512 8.292898
23.654512 8.282496
23.654507 8.271639
23.654518 8.261083
23.654510 8.249868
23.654518 8.239180
23.654528 8.228700
23.654509 8.217679
23.654522 8.206969
23.654530 8.196366
23.654539 8.185545
23.654560 8.174505
23.654554 8.163795
23.654558 8.152551
23.654594 8.142289
23.654604 8.131281
23.654594 8.120394
23.654617 8.109835
23.654638 8.099187
23.654636 8.088124
23.654659 8.079440
23.654648 8.068624
23.654654 8.056013
23.654646 8.045456
23.654642 8.034596
23.654661 8.024278
23.654665 8.013340
23.654644 8.002843
23.654646 7.992566
23.654629 7.981668
23.654650 7.970893
23.654640 7.960750
23.654619 7.949871
23.654612 7.939307
23.654596 7.929072
23.654598 7.918196
23.654604 7.907946
23.654589 7.897376
23.654585 7.886590
23.654575 7.876109
23.654575 7.865188
23.654570 7.855103
23.654573 7.844262
23.654591 7.833511
23.654589 7.823272
23.654589 7.812055
23.654589 7.801571
23.654610 7.791064
23.654631 7.780446
23.654617 7.769155
23.654633 7.758494
23.654633 7.747611
23.654652 7.737037
23.654663 7.726017
23.654652 7.715639
23.654665 7.704821
23.654675 7.694005
23.654688 7.683184
23.654697 7.674309
23.654703 7.661434
23.654713 7.650304
23.654745 7.639386
23.654741 7.628695
23.654726 7.618346
23.654743 7.607560
23.654766 7.596378
23.654766 7.585531
23.654764 7.575028
23.654776 7.564645
23.654787 7.553529
23.654789 7.543179
23.654787 7.534443
23.654793 7.521993
23.654789 7.511374
23.654757 7.502673
23.654776 7.489648
23.654760 7.479068
23.654762 7.468707
23.654760 7.458247
23.654741 7.447793
23.654741 7.437338
23.654726 7.426468
23.654726 7.415909
23.654732 7.405659
23.654718 7.394879
23.654716 7.383986
23.654715 7.373712
23.654718 7.362898
23.654711 7.352600
23.654705 7.341867
23.654720 7.331010
23.654716 7.320558
23.654709 7.309867
23.654707 7.299063
23.654730 7.288340
23.654739 7.277610
23.654728 7.266638
23.654745 7.256085
23.654734 7.245409
23.654749 7.234293
23.654757 7.223485
23.654741 7.213103
23.654757 7.202393
23.654768 7.191358
23.654764 7.180643
23.654787 7.169711
23.654797 7.159011
23.654804 7.147989
23.654823 7.137387
