5.002110 12.970616
5.002675 12.959868
5.003251 12.949151
5.003712 12.938757
5.004189 12.928075
5.004628 12.917197
5.004706 12.906831
5.004643 12.895533
5.004904 12.884877
5.005005 12.874110
5.005111 12.863971
5.005354 12.852979
5.005603 12.842425
5.005959 12.831551
5.006202 12.820854
5.006695 12.810189
5.007163 12.799632
5.007573 12.789080
5.008002 12.778418
5.008466 12.767439
5.008957 12.756986
5.009433 12.746525
5.009969 12.735420
5.010448 12.725124
5.010918 12.714507
5.011410 12.704040
5.011959 12.692930
5.012507 12.682565
5.013117 12.671555
5.013669 12.660853
5.014283 12.650300
5.014984 12.639776
5.015546 12.629247
5.016118 12.617981
5.016556 12.607902
5.017117 12.597093
5.017617 12.586174
5.018125 12.575412
5.018653 12.564700
5.019135 12.553849
5.019609 12.543115
5.019780 12.532598
5.020167 12.521464
5.020592 12.510772
5.020997 12.500187
5.021399 12.489285
5.021784 12.479024
5.021804 12.477429
5.022159 12.468963
5.022500 12.458277
5.022992 12.447443
5.023388 12.437096
5.023763 12.426557
5.024135 12.415780
5.024538 12.404803
5.024885 12.394573
5.025271 12.383601
5.025644 12.373054
5.026019 12.362185
5.026375 12.351848
5.026737 12.341078
5.027119 12.330202
5.027505 12.319754
5.027888 12.308773
5.028304 12.298414
5.028748 12.287527
5.029094 12.276959
5.029146 12.266620
5.029020 12.255364
5.029214 12.244788
5.029382 12.236135
5.029723 12.223633
5.030013 12.212615
5.030202 12.202026
5.030588 12.191314
5.031206 12.180217
5.031777 12.169737
5.031840 12.168331
5.032360 12.159484
5.032975 12.148952
5.033710 12.138031
5.034462 12.129917
5.035233 12.117081
5.035828 12.106537
5.036453 12.095716
5.037113 12.085368
5.037849 12.074404
5.037963 12.073059
5.038627 12.064068
5.039302 12.053751
5.040048 12.042484
5.040802 12.032350
5.041580 12.021500
5.042281 12.011020
5.042957 12.000463
5.043679 11.989554
5.044297 11.979296
5.044491 11.969073
5.044775 11.958307
5.045206 11.947293
5.045706 11.936945
5.046209 11.926060
5.046706 11.915615
5.047216 11.904647
5.047750 11.894302
5.048321 11.883718
5.048443 11.871780
5.048869 11.870011
5.049427 11.861166
5.049994 11.850307
5.050509 11.839881
5.051094 11.829017
5.051615 11.818380
5.052256 11.807851
5.053170 11.796932
5.054183 11.786472
5.055102 11.775202
5.056100 11.764853
5.056948 11.754182
5.057377 11.743294
5.058100 11.732255
5.058853 11.722372
5.059484 11.711428
5.060456 11.700300
5.061588 11.689622
5.062817 11.679253
5.064138 11.668560
5.065300 11.658004
5.066380 11.647077
5.067535 11.636051
5.068599 11.625600
5.069743 11.615217
5.070929 11.604247
5.072132 11.593513
5.073362 11.582915
5.074616 11.571780
5.075801 11.561342
5.077074 11.550378
5.078043 11.542013
5.079530 11.529442
5.080791 11.518584
5.082010 11.507947
5.083203 11.497201
5.084368 11.486672
5.085598 11.476435
5.086524 11.465837
5.087837 11.454958
5.089067 11.444651
5.090174 11.433638
5.091432 11.422976
5.092690 11.412453
5.093842 11.402099
5.095134 11.391547
5.096615 11.380811
5.098269 11.370292
5.099768 11.360184
5.101004 11.349146
5.102265 11.338542
5.103547 11.328086
5.104949 11.317519
5.106601 11.306922
5.108606 11.295714
5.110718 11.285365
5.112808 11.274597
5.114525 11.263995
5.116525 11.253118
5.118498 11.242465
5.120701 11.232099
5.122829 11.221730
5.124918 11.211016
5.126658 11.200419
5.128541 11.189917
5.130497 11.179296
5.132446 11.168684
5.134294 11.158186
5.136202 11.147147
5.138074 11.136536
5.138196 11.135445
5.139813 11.126747
5.141722 11.116042
5.143690 11.105238
5.145573 11.094502
5.147424 11.084105
5.149349 11.073393
5.151142 11.063102
5.153066 11.052191
5.154883 11.041926
5.156665 11.031373
5.158257 11.020678
5.160046 11.010040
5.162080 10.999343
5.164315 10.988628
5.166333 10.977917
5.168169 10.967635
5.170101 10.957337
5.172000 10.946869
5.173971 10.936409
5.175954 10.925756
5.177807 10.915635
5.179872 10.904768
5.181696 10.894506
5.181729 10.893296
5.183823 10.884945
5.186178 10.874552
5.188621 10.864102
5.191056 10.853335
5.193262 10.843320
5.195558 10.832820
5.197953 10.822367
5.200315 10.811924
5.200650 10.810275
5.200650 10.810275
5.202496 10.802979
5.204760 10.793248
5.207662 10.783143
5.208016 10.781561
5.210388 10.772939
5.212980 10.762867
5.215929 10.752290
5.218183 10.742667
5.220793 10.732750
5.223737 10.721898
5.226672 10.711527
5.229365 10.701187
5.232130 10.690829
5.235022 10.680182
5.237688 10.670173
5.240318 10.660039
5.243054 10.649918
5.245857 10.639475
5.248733 10.628825
5.251534 10.618280
5.254510 10.607835
5.257297 10.597692
5.260171 10.587340
5.263122 10.576843
5.265988 10.566445
5.269025 10.555809
5.271695 10.546347
5.274496 10.537126
5.277229 10.526856
5.279651 10.516713
5.281990 10.506366
5.284736 10.496037
5.286825 10.486483
5.290060 10.476283
5.293155 10.466063
5.296171 10.456021
5.299346 10.445536
5.302501 10.436269
5.305389 10.426222
5.308513 10.416164
5.311655 10.405880
5.314822 10.395660
5.318143 10.385453
5.321347 10.375484
5.324607 10.365462
5.328127 10.354987
5.331516 10.344991
5.334678 10.335464
5.337974 10.325740
5.341391 10.315594
5.345033 10.305762
5.348775 10.295547
5.352416 10.285495
5.355861 10.274665
5.359228 10.264429
5.359591 10.263131
5.362805 10.254932
5.366317 10.245104
5.370112 10.234665
5.373638 10.224768
5.377356 10.214426
5.380884 10.204581
5.384589 10.194263
5.388018 10.184850
5.391513 10.175158
5.395203 10.165142
5.399062 10.154669
5.402800 10.144570
5.406053 10.136235
5.410619 10.124041
5.414609 10.114113
5.418906 10.103960
5.422520 10.094623
5.426507 10.083971
5.429913 10.073674
5.433125 10.063438
5.436206 10.053159
5.439585 10.043133
5.443216 10.032932
5.446961 10.022814
5.450668 10.012701
5.454615 10.002434
5.458258 9.992936
5.462348 9.982558
5.466190 9.972805
5.466619 9.971479
5.470015 9.963437
5.473977 9.953666
5.478301 9.943402
5.482485 9.933451
5.486645 9.923632
5.490716 9.914339
5.495080 9.904419
5.499312 9.894709
5.503608 9.885196
5.508148 9.876681
5.512014 9.867941
5.516381 9.857891
5.520627 9.848367
5.524863 9.838099
5.529384 9.828268
5.533679 9.818352
5.537789 9.808317
5.541812 9.798691
5.546489 9.788404
5.550910 9.778498
5.555494 9.768513
5.559912 9.758528
5.564190 9.748419
5.568302 9.738304
5.572315 9.728819
5.576578 9.718955
5.581112 9.708481
5.585375 9.698725
5.589750 9.688727
5.594143 9.678894
5.598561 9.668988
5.602940 9.658859
5.606853 9.649764
5.611066 9.639747
5.615519 9.629666
5.619855 9.619493
5.624036 9.609800
5.628397 9.598771
5.632507 9.589149
5.636961 9.578609
5.641344 9.568727
5.645571 9.559141
5.649960 9.548983
5.654117 9.538867
5.658525 9.529055
5.661991 9.521636
5.667271 9.511297
5.671448 9.502678
5.675841 9.492843
5.680037 9.483473
5.684620 9.473359
5.688545 9.464713
5.692814 9.455446
5.697126 9.446012
5.701759 9.436089
5.706198 9.425146
5.710568 9.415548
5.715104 9.405775
5.719608 9.396146
5.724034 9.386563
5.728531 9.376900
5.732697 9.366886
5.737041 9.356932
5.741302 9.347404
5.745724 9.337566
5.749696 9.328661
5.754063 9.318832
5.758295 9.309326
5.762702 9.299398
5.767124 9.289737
5.771972 9.279995
5.776350 9.270205
5.780788 9.259859
5.785018 9.250308
5.789324 9.240291
5.793606 9.230630
5.797765 9.220834
5.801879 9.210966
5.806213 9.200925
5.809926 9.192109
5.813761 9.182836
5.817679 9.173406
5.821554 9.163568
5.825281 9.154644
5.828973 9.144776
5.832519 9.134945
5.835833 9.125079
5.839796 9.114708
5.840246 9.113232
5.843528 9.105865
5.847311 9.094861
5.850992 9.085093
5.854537 9.075150
5.858009 9.064875
5.861330 9.055016
5.864856 9.044481
5.868065 9.034982
5.871356 9.024673
5.874417 9.014790
5.877393 9.003983
5.880259 8.993729
5.883156 8.983664
5.886096 8.973295
5.888963 8.963122
5.891578 8.952867
5.894272 8.942633
5.896977 8.932570
5.899513 8.922609
5.901282 8.911604
5.902952 8.901628
5.904293 8.890864
5.906169 8.880528
5.907936 8.871352
5.909985 8.860758
5.912086 8.849990
5.914121 8.839495
5.916105 8.828865
5.917806 8.818027
5.919603 8.807431
5.921336 8.796849
5.923079 8.786546
5.924766 8.777095
5.926434 8.767411
5.928177 8.757013
5.929941 8.746681
5.931701 8.735965
5.933244 8.726546
5.935216 8.717296
5.936606 8.709445
5.938613 8.696444
5.940106 8.686167
5.941541 8.676388
5.942968 8.665915
5.944431 8.655217
5.945794 8.645249
5.947268 8.633940
5.948440 8.624474
5.949790 8.614997
5.950922 8.604651
5.952143 8.594273
5.953265 8.583563
5.954380 8.573784
5.955592 8.564202
5.956141 8.553936
5.956867 8.543297
5.957637 8.532550
5.958342 8.521572
5.959118 8.511098
5.960124 8.500713
5.961358 8.489645
5.962588 8.478998
5.963639 8.468674
5.964739 8.457958
5.965814 8.447332
5.966403 8.436276
5.966831 8.425225
5.967559 8.414708
5.968528 8.403991
5.969546 8.393248
5.970454 8.382707
5.971334 8.372375
5.972387 8.361624
5.973557 8.350881
5.974784 8.340349
5.975887 8.329499
5.976984 8.318739
5.977913 8.308307
5.978930 8.297649
5.979902 8.287210
5.980900 8.276128
5.981806 8.266005
5.982013 8.263956
5.982760 8.255245
5.983545 8.244488
5.984411 8.233880
5.985181 8.223431
5.985936 8.212785
5.986650 8.201792
5.987452 8.191464
5.988151 8.180923
5.988845 8.170262
5.989543 8.159183
5.990193 8.148634
5.990302 8.146838
5.990791 8.138407
5.991367 8.127650
5.991845 8.116667
5.992371 8.106214
5.992920 8.095634
5.993462 8.084748
5.993930 8.073869
5.994394 8.063295
5.994858 8.052507
5.995119 8.041852
5.995286 8.031233
5.995611 8.020220
5.995881 8.009835
5.996123 7.998909
5.995903 7.987736
5.995158 7.976370
5.994986 7.965407
5.994593 7.954360
5.994216 7.943963
5.993931 7.932913
5.993795 7.922292
5.993853 7.911470
5.993899 7.901194
5.993898 7.890376
5.993970 7.879680
5.994099 7.868883
5.994256 7.858208
5.994218 7.856683
5.994289 7.847915
5.994385 7.837344
5.994541 7.826689
5.994694 7.815814
5.994847 7.805361
5.995041 7.794496
5.995209 7.783816
5.995406 7.773053
5.995623 7.762620
5.995836 7.752200
5.995843 7.749980
5.995842 7.749980
5.996051 7.741093
5.996271 7.730545
5.996313 7.728682
5.996312 7.728682
5.996456 7.719721
5.996679 7.709172
5.996903 7.698634
5.997087 7.688083
5.997320 7.677530
5.997516 7.666543
5.997694 7.656194
5.997872 7.645190
5.998031 7.634413
5.998195 7.624166
5.998356 7.613481
5.998456 7.602680
5.998579 7.591776
5.998606 7.589876
5.998725 7.581144
5.998773 7.570230
5.998857 7.559849
5.998926 7.549032
5.998965 7.538205
5.998996 7.527712
5.999032 7.516776
5.999070 7.506048
5.999076 7.495209
5.999089 7.484905
5.999108 7.473753
5.999130 7.463561
5.999135 7.452827
5.999157 7.450654
5.999146 7.441737
5.999158 7.431229
5.999180 7.420504
5.999204 7.409901
5.999240 7.398865
5.999281 7.388402
5.999404 7.377717
5.999658 7.366694
5.999929 7.356330
6.000245 7.345558
6.000677 7.335142
6.001120 7.324100
6.001487 7.315543
6.002168 7.304860
6.002852 7.292601
6.003586 7.281629
6.004344 7.270758
6.005011 7.260426
6.005677 7.249450
6.006291 7.239222
6.006927 7.228784
6.007639 7.217589
6.008358 7.206937
6.009097 7.196168
6.009776 7.186045
6.010491 7.175026
6.011163 7.164347
6.011853 7.153548
6.012558 7.142778
6.013203 7.132216
6.013853 7.121867
6.014535 7.110984
6.015165 7.100202
6.015772 7.089724
6.016243 7.081174
6.016973 7.068355
6.017598 7.057888
6.018212 7.046682
6.018777 7.035997
6.019336 7.025648
6.019874 7.015066
6.020439 7.004274
6.021013 6.993589
6.021541 6.982792
6.022095 6.972004
6.022184 6.970319
6.022633 6.961215
6.023153 6.950732
6.023674 6.940070
6.024219 6.929398
6.024715 6.919027
6.025279 6.907911
6.025820 6.897336
6.026374 6.886653
6.026933 6.876079
6.027519 6.865185
6.028069 6.855052
6.028631 6.843874
6.029224 6.833522
6.029844 6.822536
6.030398 6.812188
6.031034 6.801419
6.031655 6.790440
6.032237 6.779991
6.032853 6.769443
6.033455 6.758572
6.034082 6.748028
6.034650 6.737587
6.035216 6.726843
6.035368 6.724664
6.035865 6.715994
6.036445 6.705232
6.037003 6.694578
6.037559 6.684241
6.038099 6.673480
6.038631 6.662724
6.039194 6.651742
6.039661 6.641183
6.039924 6.630879
6.040255 6.620087
6.040643 6.609515
6.041010 6.598517
6.041629 6.587742
6.042022 6.577022
6.041847 6.565883
6.041785 6.555483
6.041642 6.544755
6.041492 6.534013
6.041337 6.523165
6.041195 6.512403
6.041069 6.501327
6.040945 6.491014
6.040846 6.479821
6.040751 6.469179
6.040666 6.458334
6.040658 6.447814
6.040592 6.437305
6.040559 6.426693
6.040587 6.415649
6.041002 6.406171
6.041134 6.395458
6.041080 6.385186
6.041051 6.374168
6.041037 6.363882
6.041065 6.353093
6.041086 6.342204
6.041141 6.331444
6.041231 6.320889
6.041307 6.310439
6.041461 6.299581
6.041575 6.288826
6.041588 6.278315
6.041562 6.267540
6.041646 6.256904
6.041691 6.246699
6.041801 6.235962
6.041946 6.224898
6.042084 6.214374
6.042210 6.204052
6.042357 6.192983
6.042485 6.182548
6.042369 6.171825
6.042361 6.161041
6.042523 6.151017
6.042599 6.140144
6.042661 6.130277
6.042595 6.119883
6.042586 6.109077
6.042624 6.098489
6.042551 6.087656
6.042489 6.076825
6.042566 6.066309
6.042575 6.055674
6.042564 6.044717
6.042584 6.033764
6.042580 6.023125
6.042544 6.012701
6.042808 6.001314
6.042893 5.990954
6.042972 5.980217
6.043067 5.969364
6.043157 5.958516
6.043264 5.947565
6.043328 5.937254
6.043442 5.926100
6.043561 5.915588
6.043663 5.904756
6.043797 5.893932
6.043928 5.883340
6.044041 5.872968
6.044204 5.862059
6.044367 5.851263
6.044468 5.840171
6.044585 5.829580
6.044981 5.818535
6.044943 5.808203
6.044727 5.797578
6.044534 5.786626
6.044334 5.778356
6.044111 5.765395
6.044061 5.754886
6.043872 5.744269
6.043665 5.733863
6.043508 5.723155
6.043400 5.712654
6.043026 5.701952
6.042986 5.691547
6.043087 5.680903
6.043171 5.670362
6.043249 5.659707
6.043351 5.649042
6.043499 5.638375
6.043578 5.627909
6.043630 5.617013
6.043687 5.606115
6.043729 5.595943
6.043758 5.584922
6.043817 5.574431
6.043831 5.563718
6.043864 5.552998
6.043911 5.541742
6.043903 5.531548
6.043927 5.520586
6.043975 5.509747
6.043989 5.499122
6.044017 5.488493
6.044034 5.477650
6.044049 5.466697
6.044106 5.455958
6.044099 5.445659
6.044101 5.434717
6.044202 5.423777
6.044391 5.413599
6.045382 5.403906
6.045841 5.393350
6.045609 5.382906
6.045225 5.371792
6.044821 5.361543
6.044504 5.350456
6.044453 5.339894
6.044303 5.329226
6.044103 5.318882
6.043996 5.308117
6.043967 5.297478
6.043871 5.286832
6.043855 5.276525
6.043696 5.265904
6.043480 5.254862
6.043636 5.245259
6.044724 5.236671
6.044638 5.226941
6.044211 5.216136
6.043931 5.205737
6.043782 5.197467
6.043758 5.184291
6.043747 5.173754
6.043842 5.163429
6.043814 5.152351
6.043848 5.141895
6.043784 5.131019
6.043339 5.121708
6.042456 5.112326
6.041748 5.101906
6.041151 5.091338
6.040479 5.080436
6.039892 5.070155
6.039213 5.059016
6.038555 5.048401
6.037906 5.037453
6.037247 5.027250
6.036580 5.016179
6.035917 5.005321
6.035185 4.994576
6.035281 4.984615
6.037045 4.977998
6.036501 4.967750
6.035404 4.957070
6.034071 4.946902
6.033134 4.935972
6.032313 4.925231
6.031671 4.917047
6.030830 4.904095
6.030091 4.893478
6.029386 4.882556
6.028708 4.871968
6.028000 4.860959
6.027457 4.850376
6.026844 4.839921
6.026354 4.829043
6.025805 4.818820
6.025383 4.810087
6.024889 4.799357
6.024299 4.786726
6.023929 4.775888
6.023620 4.765592
6.023268 4.754875
6.022888 4.744373
6.022541 4.733873
6.022219 4.722948
6.021993 4.712780
6.021729 4.702724
6.021381 4.694670
6.020974 4.682657
6.020572 4.673544
6.020302 4.665402
6.020140 4.656687
6.020123 4.647664
6.019914 4.640110
6.019661 4.632689
6.019421 4.627007
6.019131 4.617010
6.019080 4.610412
6.019011 4.604234
6.018912 4.598171
6.018751 4.592111
6.018900 4.585724
6.018167 4.578685
6.017217 4.571726
6.016662 4.563848
6.016235 4.557125
6.015966 4.551055
6.015657 4.544736
6.015363 4.538589
6.014815 4.528683
6.014332 4.519768
6.013664 4.507924
6.013141 4.498691
6.012594 4.488680
6.012000 4.478204
6.011890 4.476057
6.011890 4.476057
6.011890 4.476057
6.011890 4.476057
6.011889 4.476058
6.011889 4.476058
6.011889 4.476058
6.011889 4.476059
6.011889 4.476058
6.011888 4.476059
6.011888 4.476059
6.011888 4.476059
6.011888 4.476060
6.011888 4.476060
6.011887 4.476060
6.011886 4.476061
6.011887 4.476061
6.011432 4.467194
6.011155 4.456639
6.010695 4.445551
6.010190 4.435090
6.009684 4.424012
6.009317 4.413540
6.008767 4.402356
6.008220 4.391623
6.007961 4.380949
6.007690 4.370429
6.007575 4.359936
6.007610 4.348857
6.007697 4.338163
6.007907 4.327470
6.008315 4.316791
6.008785 4.306389
6.009237 4.295588
6.009683 4.284745
6.010227 4.274376
6.010791 4.263228
6.011273 4.253126
6.011966 4.242284
6.013103 4.231258
6.014157 4.220654
6.015212 4.210236
6.016588 4.199241
6.017902 4.188955
6.019355 4.177926
6.020837 4.167470
6.022777 4.156190
6.023887 4.146561
6.025784 4.136150
6.028119 4.125632
6.030400 4.114896
6.032473 4.104748
6.033439 4.094713
6.033467 4.093334
6.034717 4.090046
6.036943 4.084064
6.041070 4.073996
6.044466 4.063878
6.047455 4.053508
6.049263 4.043615
6.051590 4.033612
6.054285 4.022738
6.056677 4.012288
6.058775 4.002531
6.061262 3.991720
6.063575 3.981499
6.066239 3.971168
6.069208 3.961068
6.072244 3.950979
6.075632 3.940806
6.079302 3.930548
6.083060 3.920435
6.086770 3.910442
6.090886 3.900428
6.095180 3.889791
6.099221 3.879659
6.103216 3.869730
6.107319 3.859848
6.111280 3.850455
6.115804 3.839932
6.120070 3.830090
6.124486 3.820216
6.129112 3.809911
6.133424 3.800267
6.137908 3.789935
6.142572 3.779563
6.146616 3.771117
6.151474 3.761659
6.156651 3.751607
6.161805 3.741527
6.166227 3.732404
6.171381 3.721938
6.176167 3.712844
6.181541 3.703254
6.186960 3.693667
6.192405 3.684430
6.197613 3.674936
6.202909 3.665736
6.208092 3.656475
6.214001 3.646713
6.219728 3.637525
6.225218 3.628655
6.231100 3.619393
6.236935 3.610334
6.242658 3.601514
6.248325 3.593071
6.254545 3.583852
6.260664 3.574939
6.266732 3.566277
6.272898 3.557490
6.279075 3.549000
6.285482 3.540222
6.291782 3.531753
6.298280 3.523119
6.304808 3.514529
6.311451 3.505931
6.317788 3.497661
6.324553 3.489056
6.331075 3.480809
6.337995 3.472173
6.344770 3.463778
6.351517 3.455519
6.358326 3.447220
6.365092 3.439067
6.372028 3.430879
6.378857 3.422558
6.386027 3.414154
6.392928 3.406064
6.400210 3.397497
6.407166 3.389634
6.412739 3.383330
6.421375 3.373529
6.428531 3.365477
6.435106 3.358224
6.441901 3.350533
6.448895 3.342802
6.456289 3.334572
6.463423 3.326741
6.470561 3.318957
6.477782 3.311132
6.485219 3.303085
6.492302 3.295428
6.499734 3.287487
6.506795 3.279928
6.512649 3.273736
6.521824 3.264068
6.527328 3.258287
6.536363 3.248991
6.543911 3.241137
6.551165 3.233753
6.558630 3.226102
6.565633 3.218987
6.572335 3.212193
6.579244 3.205284
6.586496 3.198175
6.594175 3.190450
6.601780 3.183012
6.609600 3.175336
6.616416 3.168673
6.623878 3.161398
6.631882 3.153774
6.639326 3.146500
6.647537 3.138764
6.655128 3.131562
6.663072 3.123973
6.670729 3.116717
6.677926 3.109847
6.685731 3.102499
6.693383 3.095284
6.701090 3.087949
6.708787 3.080634
6.715995 3.073730
6.723871 3.065929
6.731559 3.058615
6.739072 3.051622
6.747109 3.044143
6.754795 3.036916
6.762567 3.029635
6.770330 3.022346
6.777888 3.015139
6.785658 3.007991
6.793508 3.000693
6.801167 2.993538
6.809142 2.986183
6.816781 2.978850
6.824469 2.971703
6.832499 2.964322
6.840000 2.957455
6.847964 2.950143
6.855992 2.942845
6.863792 2.935666
6.871453 2.928630
6.879220 2.921544
6.887181 2.914329
6.895042 2.907146
6.903088 2.899847
6.910681 2.892956
6.918812 2.885549
6.926855 2.878356
6.934642 2.871320
6.942643 2.864233
6.950220 2.857539
6.957937 2.850644
6.965961 2.843756
6.972369 2.838175
6.982283 2.829530
6.990167 2.822647
6.998604 2.815381
7.006623 2.808454
7.014714 2.801694
7.023020 2.794606
7.031065 2.787730
7.039502 2.780497
7.047806 2.773440
7.055883 2.766221
7.064081 2.759207
7.072387 2.752184
7.080555 2.745326
7.088676 2.738420
7.097226 2.731237
7.105418 2.724509
7.113296 2.718094
7.121808 2.711149
7.130054 2.704393
7.138336 2.697607
7.146579 2.690887
7.154727 2.684254
7.162983 2.677616
7.171138 2.671010
7.179349 2.664327
7.187477 2.657894
7.195983 2.651160
7.204051 2.644842
7.212439 2.638261
7.220681 2.631820
7.229306 2.625015
7.237547 2.618518
7.245700 2.612120
7.254311 2.605511
7.262286 2.599427
7.270978 2.592853
7.279457 2.586331
7.288127 2.579934
7.295825 2.574172
7.304470 2.567804
7.312972 2.561664
7.321446 2.555526
7.330251 2.549215
7.339185 2.542884
7.348023 2.536752
7.356491 2.530701
7.365605 2.524430
7.374552 2.518196
7.382997 2.512436
7.392469 2.505971
7.401157 2.500037
7.409811 2.494191
7.418686 2.488277
7.427874 2.482174
7.436713 2.476285
7.446095 2.470194
7.454903 2.464417
7.463808 2.458530
7.472816 2.452707
7.481168 2.447383
7.489017 2.442335
7.497661 2.437039
7.506775 2.431301
7.516007 2.425699
7.524795 2.420394
7.534011 2.414935
7.542859 2.409745
7.551903 2.404548
7.561047 2.399372
7.570609 2.394009
7.579964 2.388867
7.589305 2.383989
7.598516 2.379191
7.608087 2.374260
7.617542 2.369445
7.626978 2.364821
7.636465 2.360116
7.645420 2.355757
7.654919 2.351147
7.664658 2.346694
7.674419 2.342255
7.683904 2.337889
7.693416 2.333511
7.703427 2.328944
7.712550 2.324839
7.722573 2.320541
7.731925 2.316631
7.742143 2.312382
7.751163 2.308478
7.760962 2.304392
7.771032 2.299869
7.780276 2.296041
7.788376 2.292718
7.800263 2.287924
7.809726 2.284111
7.819530 2.279920
7.828989 2.275963
7.838896 2.272021
7.848782 2.268161
7.856105 2.265272
7.867716 2.260881
7.877755 2.257045
7.887264 2.253430
7.897000 2.249841
7.906796 2.246439
7.916401 2.243031
7.926464 2.239438
7.936431 2.236132
7.946549 2.232942
7.956287 2.229884
7.966147 2.226810
7.975803 2.223668
7.985569 2.221609
7.996091 2.219224
8.006099 2.216464
8.016828 2.213430
8.027162 2.210576
8.037506 2.207716
8.047282 2.205224
8.057833 2.202769
8.067945 2.200349
8.078483 2.197896
8.089053 2.195508
8.099078 2.193376
8.109566 2.191182
8.120412 2.188962
8.130862 2.186718
8.140924 2.184692
8.151336 2.182654
8.162457 2.180466
8.172290 2.178509
8.183086 2.176498
8.193627 2.174413
8.204213 2.172520
8.214671 2.170690
8.224947 2.168887
8.233376 2.167425
8.245293 2.165446
8.255834 2.163713
8.266393 2.161946
8.276694 2.160522
8.285293 2.159296
8.297525 2.157763
8.305964 2.156590
8.318193 2.155169
8.329104 2.153714
8.339165 2.152560
8.349842 2.151404
8.360378 2.150135
8.371051 2.148969
8.381236 2.147915
8.391969 2.146950
8.402378 2.145916
8.412836 2.144950
8.423194 2.143988
8.434314 2.143004
8.444822 2.142137
8.455030 2.141387
8.463759 2.140756
8.474094 2.139846
8.487007 2.138676
8.498146 2.138018
8.508551 2.137378
8.519296 2.136543
8.530039 2.135996
8.540703 2.135253
8.551482 2.134414
8.562277 2.133629
8.573605 2.132829
8.583971 2.132089
8.594904 2.131306
8.603444 2.130676
8.616260 2.129891
8.627046 2.129298
8.638237 2.128674
8.648570 2.128124
8.659333 2.127464
8.670280 2.126901
8.680999 2.126348
8.691701 2.125750
8.702497 2.125226
8.712955 2.124755
8.723936 2.124221
8.734560 2.123750
8.744740 2.123309
8.755677 2.122822
8.764052 2.122521
8.776754 2.122069
8.787538 2.121641
8.797675 2.121271
8.808557 2.120891
8.818792 2.120517
8.829378 2.120121
8.840054 2.119766
8.851032 2.119442
8.861176 2.119180
8.871850 2.118919
8.882327 2.118680
8.893233 2.118403
8.903408 2.118239
8.914566 2.118018
8.925087 2.117816
8.935526 2.117651
8.946084 2.117475
8.957088 2.117270
8.967368 2.117117
8.978522 2.116979
8.988724 2.116894
8.999473 2.116832
9.010344 2.116754
9.021017 2.116629
9.032238 2.116502
9.043048 2.116407
9.053535 2.116250
9.064562 2.116155
9.075486 2.116065
9.085876 2.115938
9.097018 2.115845
9.107722 2.115765
9.118535 2.115646
9.129435 2.115585
9.140332 2.115496
9.150578 2.115401
9.162096 2.115356
9.172737 2.115268
9.183261 2.115207
9.193659 2.115175
9.204782 2.115113
9.215148 2.115092
9.226242 2.115053
9.236891 2.115021
9.247528 2.115021
9.257827 2.114987
9.268223 2.114975
9.279034 2.115004
9.289825 2.114994
9.300519 2.114969
9.310872 2.115004
9.321654 2.115006
9.331904 2.115022
9.342359 2.115021
9.353131 2.115039
9.363809 2.115070
9.374068 2.115071
9.384856 2.115070
9.395666 2.115109
9.406386 2.115105
9.416371 2.115114
9.427008 2.115125
9.437546 2.115130
9.448962 2.115125
9.459218 2.115120
9.470234 2.115113
9.480528 2.115117
9.491263 2.115093
9.502118 2.115067
9.512670 2.115075
9.523655 2.115043
9.534553 2.115015
9.545359 2.114994
9.556164 2.114943
9.566970 2.114919
9.577895 2.114900
9.588387 2.114852
9.599207 2.114843
9.610558 2.114816
9.621251 2.114776
9.631407 2.114772
9.642838 2.114731
9.653614 2.114694
9.663953 2.114697
9.674593 2.114686
9.685545 2.114666
9.696481 2.114662
9.707077 2.114652
9.717663 2.114644
9.728543 2.114644
9.739410 2.114644
9.749944 2.114664
9.760454 2.114661
9.770745 2.114666
9.781449 2.114701
9.791926 2.114707
9.802397 2.114722
9.813496 2.114760
9.823951 2.114762
9.834619 2.114791
9.844862 2.114810
9.855743 2.114839
9.866422 2.114871
9.876681 2.114875
9.886939 2.114892
9.898174 2.114923
9.908246 2.114929
9.919185 2.114934
9.929820 2.114951
9.940680 2.114970
9.951348 2.114972
9.961614 2.114966
9.972526 2.114977
9.983352 2.114974
9.993978 2.114968
10.004729 2.114952
10.015064 2.114954
10.026379 2.114944
10.036952 2.114921
10.047646 2.114906
10.058666 2.114869
10.069041 2.114867
10.079864 2.114832
10.091002 2.114798
10.101608 2.114786
10.112526 2.114765
10.123112 2.114738
10.134566 2.114729
10.145032 2.114710
10.155486 2.114684
10.166468 2.114681
10.177649 2.114679
10.188283 2.114657
10.198573 2.114660
10.209274 2.114670
10.220067 2.114667
10.228605 2.114687
10.241391 2.114676
10.252030 2.114716
10.262753 2.114719
10.273360 2.114717
10.283849 2.114749
10.294326 2.114753
10.305430 2.114777
10.315684 2.114805
10.326256 2.114807
10.336718 2.114830
10.347487 2.114854
10.358263 2.114878
10.368304 2.114908
10.379091 2.114909
10.389987 2.114926
10.400480 2.114962
10.411086 2.114974
10.421281 2.114984
10.432130 2.114995
10.443096 2.115013
10.453550 2.115016
10.464125 2.115014
10.475151 2.115015
10.485451 2.115008
10.496612 2.114994
10.507362 2.114975
10.517806 2.114986
10.528360 2.114966
10.539037 2.114951
10.550054 2.114930
10.560752 2.114892
10.571990 2.114887
10.582595 2.114863
10.593084 2.114824
10.604230 2.114815
10.615039 2.114795
10.625950 2.114769
10.636537 2.114766
10.647760 2.114739
10.658215 2.114718
10.668981 2.114717
10.679407 2.114719
10.690790 2.114702
10.701510 2.114705
10.711674 2.114716
10.722788 2.114713
10.733353 2.114722
10.741875 2.114728
10.754857 2.114763
10.765258 2.114757
10.775758 2.114753
10.786460 2.114785
10.796831 2.114789
10.807724 2.114811
10.818189 2.114841
10.828646 2.114843
10.839525 2.114871
10.849873 2.114891
10.860014 2.114914
10.870798 2.114949
10.881477 2.114948
10.891842 2.114962
10.902982 2.114986
10.913270 2.114999
10.923889 2.115006
10.934631 2.115020
10.944851 2.115040
10.955946 2.115041
10.966416 2.115044
10.977221 2.115051
10.985797 2.115057
10.998669 2.115041
11.009313 2.115019
11.020295 2.115028
11.031067 2.115017
11.042069 2.114992
11.052221 2.114978
11.063675 2.114942
11.074373 2.114937
11.084755 2.114902
11.096004 2.114869
11.106607 2.114858
11.117525 2.114838
11.128543 2.114812
11.139132 2.114808
11.149705 2.114788
11.160591 2.114760
11.171358 2.114758
11.181998 2.114761
11.190482 2.114774
11.203448 2.114740
11.214256 2.114750
11.224631 2.114745
11.235832 2.114746
11.246274 2.114748
11.257125 2.114789
11.265304 2.114771
11.278350 2.114792
11.288523 2.114826
11.297203 2.114818
11.309789 2.114847
11.320570 2.114884
11.331349 2.114893
11.341597 2.114919
11.351941 2.114933
11.362612 2.114966
11.373505 2.114998
11.383664 2.114997
11.394347 2.115010
11.404737 2.115033
11.415764 2.115049
11.426383 2.115055
11.436592 2.115070
11.447451 2.115090
11.458224 2.115093
11.469123 2.115093
11.479607 2.115099
11.490114 2.115109
11.501058 2.115096
11.511807 2.115073
11.522573 2.115078
11.533237 2.115061
11.543801 2.115038
11.555027 2.115006
11.566048 2.114969
11.576530 2.114965
11.587461 2.114934
11.598273 2.114894
11.609091 2.114879
11.619792 2.114858
11.630812 2.114830
11.641616 2.114825
11.652082 2.114804
11.662863 2.114776
11.673738 2.114773
11.684703 2.114773
11.695337 2.114751
11.706164 2.114751
11.716757 2.114761
11.727657 2.114756
11.738114 2.114765
11.748768 2.114766
11.757384 2.114794
11.770236 2.114810
11.780206 2.114807
11.790908 2.114836
11.802020 2.114849
11.812491 2.114862
11.820948 2.114863
11.833528 2.114894
11.844094 2.114918
11.854757 2.114939
11.865005 2.114964
11.875368 2.114995
11.886580 2.114998
11.896840 2.115014
11.907545 2.115046
11.918364 2.115062
11.928994 2.115055
11.939531 2.115057
11.950069 2.115078
11.960951 2.115079
11.971529 2.115082
11.982337 2.115077
11.991021 2.115082
12.003681 2.115069
12.014108 2.115050
12.025089 2.115053
12.035753 2.115038
12.046432 2.115021
12.057124 2.115002
12.068040 2.114963
12.078740 2.114967
12.089776 2.114926
12.100592 2.114892
12.111300 2.114890
12.122434 2.114868
12.130644 2.114821
12.143825 2.114841
12.154722 2.114818
12.165179 2.114794
12.176269 2.114791
12.187343 2.114790
12.197864 2.114778
12.208478 2.114781
12.219071 2.114791
12.230078 2.114788
12.240642 2.114797
12.251294 2.114798
12.261934 2.114840
12.270213 2.114814
12.283047 2.114827
12.293535 2.114857
12.304015 2.114859
12.314695 2.114876
12.325159 2.114912
12.335621 2.114919
12.346292 2.114948
12.356744 2.114959
12.367517 2.114990
12.377980 2.115020
12.388557 2.115026
12.399452 2.115038
12.410061 2.115056
12.420667 2.115073
12.431074 2.115081
12.441710 2.115095
12.452462 2.115112
12.463130 2.115115
12.474028 2.115115
12.484618 2.115122
12.495125 2.115132
12.505743 2.115117
12.516710 2.115090
12.527152 2.115097
12.538142 2.115083
12.548926 2.115067
12.557244 2.115020
12.570750 2.115008
12.581340 2.115010
12.590101 2.114961
12.603066 2.114925
12.614100 2.114911
12.624368 2.114889
12.635494 2.114864
12.646190 2.114858
12.656549 2.114837
12.667976 2.114808
12.678529 2.114806
12.689060 2.114808
12.699900 2.114799
12.710937 2.114790
12.721422 2.114800
12.732329 2.114793
12.742573 2.114804
12.753441 2.114801
12.763867 2.114839
12.774802 2.114848
12.785517 2.114847
12.796221 2.114882
12.806698 2.114888
12.816745 2.114894
12.827526 2.114939
12.838094 2.114947
12.849082 2.114976
12.859216 2.114988
12.870097 2.115024
12.880567 2.115057
12.891256 2.115054
12.901938 2.115070
12.912433 2.115083
12.922933 2.115105
12.933658 2.115111
12.944294 2.115126
12.955046 2.115144
12.965500 2.115148
12.975862 2.115150
12.987096 2.115153
12.997709 2.115160
13.008547 2.115147
13.019297 2.115127
13.029739 2.115133
13.040622 2.115119
13.051622 2.115099
13.062207 2.115081
13.073122 2.115041
13.083927 2.115040
13.094529 2.115007
13.105344 2.114973
13.116160 2.114959
13.127187 2.114935
13.137772 2.114908
13.146420 2.114902
13.159580 2.114872
13.169928 2.114847
13.181019 2.114841
13.191875 2.114845
13.202182 2.114833
13.213011 2.114834
13.223927 2.114839
13.234829 2.114838
13.245285 2.114845
13.256152 2.114845
13.264342 2.114869
13.277408 2.114889
13.287486 2.114887
13.298297 2.114920
13.308883 2.114922
13.319777 2.114940
13.330343 2.114966
13.340809 2.114967
13.351482 2.114991
13.361828 2.115004
13.372389 2.115030
13.382964 2.115060
13.393647 2.115065
13.404119 2.115077
13.414611 2.115105
13.425323 2.115127
13.435730 2.115135
13.446152 2.115148
13.457009 2.115166
13.468105 2.115163
13.478575 2.115166
13.489058 2.115166
13.499890 2.115182
13.510401 2.115172
13.521042 2.115147
13.532454 2.115146
13.542800 2.115129
13.553802 2.115117
13.564603 2.115096
13.575193 2.115056
13.586217 2.115057
13.597147 2.115017
13.608070 2.114982
13.618783 2.114974
13.629486 2.114952
13.640180 2.114927
13.651094 2.114924
13.661776 2.114903
13.672556 2.114876
13.683646 2.114871
13.693858 2.114875
13.705133 2.114857
13.715536 2.114854
13.726345 2.114860
13.737141 2.114863
13.747915 2.114867
13.758029 2.114859
13.768669 2.114894
13.779711 2.114905
13.790213 2.114900
13.800808 2.114928
13.811604 2.114933
13.821756 2.114941
13.832538 2.114984
13.842788 2.114990
13.853883 2.115020
13.864226 2.115031
13.874473 2.115062
13.885147 2.115093
13.893710 2.115108
13.906618 2.115110
13.917333 2.115128
13.927513 2.115149
13.938133 2.115157
13.948661 2.115169
13.959839 2.115187
13.970292 2.115191
13.981082 2.115191
13.991565 2.115191
14.002181 2.115207
14.013012 2.115192
14.023547 2.115168
14.034421 2.115171
14.045301 2.115153
14.055874 2.115141
14.067211 2.115123
14.077910 2.115084
14.088396 2.115093
14.099528 2.115046
14.110009 2.114999
14.121043 2.114989
14.131636 2.114964
14.142546 2.114939
14.153351 2.114933
14.163919 2.114905
14.174800 2.114861
14.185995 2.114836
14.196528 2.114841
14.207482 2.114824
14.217882 2.114828
14.228691 2.114835
14.239067 2.114842
14.250055 2.114840
14.260497 2.114840
14.269220 2.114866
14.281642 2.114882
14.292568 2.114879
14.302954 2.114911
14.313437 2.114913
14.324432 2.114936
14.335003 2.114975
14.343030 2.114974
14.355921 2.115008
14.366688 2.115022
14.376829 2.115055
14.387934 2.115091
14.398412 2.115092
14.408883 2.115110
14.419479 2.115138
14.430297 2.115165
14.440809 2.115174
14.451338 2.115190
14.462090 2.115211
14.472436 2.115218
14.483012 2.115220
14.491675 2.115219
14.504326 2.115236
14.515693 2.115218
14.525796 2.115202
14.537103 2.115206
14.547659 2.115186
14.558661 2.115178
14.569569 2.115159
14.580050 2.115120
14.590861 2.115130
14.601671 2.115078
14.612811 2.115050
14.623524 2.115043
14.634333 2.115021
14.644811 2.114997
14.655618 2.114994
14.666299 2.114977
14.677403 2.114950
14.687956 2.114949
14.698920 2.114950
14.709341 2.114932
14.720171 2.114935
14.729056 2.114936
14.741991 2.114945
14.752659 2.114950
14.762887 2.114952
14.773633 2.114988
14.784463 2.115000
14.795080 2.115010
14.805254 2.115041
14.815948 2.115042
14.826944 2.115062
14.837514 2.115100
14.847769 2.115101
14.858654 2.115126
14.869211 2.115140
14.877452 2.115155
14.889923 2.115197
14.900606 2.115205
14.911397 2.115218
14.921882 2.115251
14.932481 2.115286
14.943100 2.115295
14.953415 2.115309
14.964486 2.115328
14.974833 2.115330
14.983166 2.115345
14.996536 2.115330
15.007365 2.115345
15.017985 2.115336
15.028412 2.115314
15.036914 2.115307
15.050380 2.115297
15.061059 2.115283
15.071533 2.115262
15.082336 2.115218
15.092932 2.115232
15.104288 2.115175
15.114779 2.115142
15.123652 2.115134
15.136519 2.115116
15.147111 2.115085
15.158023 2.115085
15.168812 2.115068
15.179701 2.115043
15.190577 2.115038
15.199175 2.115039
15.211741 2.115030
15.222575 2.115024
15.233491 2.115027
15.244182 2.115039
15.255063 2.115039
15.265504 2.115039
15.276143 2.115077
15.286759 2.115088
15.297581 2.115080
15.307539 2.115106
15.318656 2.115110
15.328912 2.115117
15.339799 2.115164
15.350367 2.115172
15.360615 2.115202
15.370967 2.115210
15.381735 2.115245
15.390302 2.115263
15.402671 2.115284
15.413889 2.115281
15.424390 2.115294
15.434783 2.115320
15.445295 2.115330
15.456037 2.115342
15.464765 2.115350
15.477453 2.115366
15.488029 2.115367
15.496586 2.115366
15.509770 2.115382
15.520498 2.115371
15.531250 2.115346
15.541907 2.115352
15.552573 2.115332
15.563360 2.115324
15.573941 2.115305
15.584640 2.115266
15.595775 2.115276
15.606690 2.115225
15.617064 2.115182
15.628210 2.115180
15.639127 2.115154
15.649604 2.115130
15.660627 2.115127
15.671195 2.115103
15.681758 2.115069
15.693079 2.115064
15.703720 2.115070
15.712423 2.115084
15.725180 2.115058
15.735561 2.115058
15.746781 2.115056
15.756907 2.115055
15.765750 2.115053
15.776393 2.115071
15.789239 2.115086
15.799742 2.115082
15.810447 2.115112
15.820504 2.115110
15.831184 2.115120
15.841756 2.115165
15.852424 2.115173
15.863202 2.115201
15.873657 2.115208
15.884215 2.115243
15.895108 2.115278
15.905585 2.115279
15.916270 2.115294
15.926866 2.115320
15.937259 2.115347
15.947883 2.115355
15.958520 2.115371
15.969378 2.115390
15.979938 2.115393
15.990617 2.115389
16.001095 2.115394
16.011707 2.115415
16.022215 2.115409
16.033503 2.115378
16.044163 2.115379
16.054613 2.115352
16.065725 2.115350
16.076303 2.115331
16.087543 2.115292
16.097923 2.115308
16.109165 2.115251
16.119545 2.115218
16.130800 2.115214
16.141500 2.115189
16.152086 2.115166
16.163002 2.115162
16.173574 2.115145
16.184788 2.115117
16.195448 2.115116
16.206305 2.115116
16.216726 2.115097
16.227554 2.115098
16.238043 2.115097
16.248840 2.115121
16.259510 2.115119
16.270485 2.115116
16.280804 2.115151
16.291634 2.115166
16.302031 2.115165
16.312311 2.115193
16.323004 2.115179
16.333685 2.115182
16.342468 2.115200
16.354717 2.115223
16.363279 2.115243
16.375851 2.115260
16.386509 2.115287
16.397402 2.115321
16.407661 2.115332
16.418457 2.115341
16.428946 2.115365
16.439754 2.115387
16.450586 2.115395
16.461115 2.115409
16.471760 2.115430
16.482107 2.115436
16.493107 2.115429
16.503805 2.115429
16.513990 2.115445
16.525038 2.115440
16.535572 2.115416
16.546444 2.115417
16.557322 2.115391
16.568005 2.115379
16.579126 2.115365
16.589388 2.115321
16.600523 2.115332
16.611013 2.115268
16.622046 2.115246
16.632759 2.115246
16.643679 2.115221
16.654812 2.115191
16.665293 2.115188
16.676189 2.115172
16.686754 2.115150
16.697416 2.115146
16.708488 2.115147
16.719013 2.115136
16.729954 2.115130
16.740654 2.115130
16.751238 2.115154
16.762121 2.115150
16.772455 2.115149
16.783308 2.115184
16.793716 2.115194
16.804216 2.115193
16.815235 2.115219
16.825506 2.115220
16.836502 2.115237
16.846968 2.115278
16.857111 2.115286
16.867783 2.115320
16.878660 2.115330
16.888903 2.115364
16.899477 2.115401
16.910265 2.115411
16.918835 2.115436
16.931652 2.115449
16.942045 2.115475
16.952559 2.115486
16.963192 2.115498
16.973835 2.115519
16.984716 2.115524
16.995184 2.115525
17.005671 2.115519
17.016281 2.115538
17.027437 2.115536
17.038189 2.115509
17.049061 2.115512
17.059614 2.115480
17.070620 2.115479
17.080984 2.115460
17.092113 2.115423
17.100872 2.115424
17.113953 2.115389
17.124325 2.115348
17.135147 2.115350
17.146280 2.115321
17.157192 2.115299
17.167891 2.115296
17.178247 2.115282
17.189030 2.115259
17.200222 2.115242
17.210968 2.115246
17.221600 2.115233
17.232107 2.115237
17.243130 2.115236
17.253506 2.115257
17.264057 2.115245
17.274820 2.115238
17.285889 2.115274
17.296497 2.115278
17.307106 2.115274
17.317387 2.115304
17.327971 2.115298
17.338545 2.115305
17.349010 2.115346
17.359470 2.115361
17.370356 2.115394
17.380919 2.115402
17.391157 2.115437
17.401945 2.115474
17.412310 2.115485
17.422899 2.115492
17.434021 2.115515
17.444199 2.115545
17.454924 2.115555
17.465771 2.115567
17.476202 2.115589
17.486868 2.115596
17.497551 2.115597
17.508455 2.115599
17.519068 2.115622
17.530005 2.115611
17.540546 2.115593
17.551203 2.115594
17.562094 2.115560
17.573097 2.115559
17.583462 2.115540
17.594158 2.115502
17.605190 2.115520
17.615887 2.115451
17.626917 2.115430
17.637522 2.115431
17.648439 2.115403
17.659136 2.115380
