0.0010678768157958984
0.0016794204711914062
0.0013413429260253906
0.003374338150024414
0.0017476081848144531
0.0013921260833740234
0.00119781494140625
0.0011432170867919922
0.002813577651977539
0.0010502338409423828
0.0011944770812988281
0.0012099742889404297
0.0015919208526611328
0.0014553070068359375
0.0012829303741455078
0.0016579627990722656
0.001016855239868164
0.0011136531829833984
0.001112222671508789
0.001199483871459961
0.00142669677734375
0.0011768341064453125
0.0012969970703125
0.0010056495666503906
0.001005411148071289
0.0011360645294189453
0.0011639595031738281
0.0010318756103515625
0.002140522003173828
0.0009996891021728516
0.0012483596801757812
0.00119781494140625
0.0015604496002197266
0.00182342529296875
0.0016243457794189453
0.0012607574462890625
0.0013818740844726562
0.001592874526977539
0.0013518333435058594
0.0012879371643066406
0.0013592243194580078
0.0010249614715576172
0.001168966293334961
0.0015747547149658203
0.0014407634735107422
0.0011875629425048828
0.001470804214477539
0.0014824867248535156
0.0013470649719238281
0.0026848316192626953
0.0011858940124511719
0.0011608600616455078
0.0014448165893554688
0.0011899471282958984
0.001352071762084961
0.0014543533325195312
0.0012810230255126953
0.0013458728790283203
0.0017812252044677734
0.0012683868408203125
0.0012054443359375
0.0014576911926269531
0.002854585647583008
0.001596212387084961
0.004087209701538086
0.003599882125854492
0.004064321517944336
0.0013632774353027344
0.004549264907836914
0.0012161731719970703
0.001604318618774414
0.001071929931640625
0.0015666484832763672
0.0015358924865722656
0.0033206939697265625
0.0013098716735839844
0.0014319419860839844
0.0018546581268310547
0.0020089149475097656
0.0016927719116210938
0.0016176700592041016
0.0019724369049072266
0.0013670921325683594
0.0012841224670410156
0.0028629302978515625
0.004063606262207031
0.003513336181640625
0.004924774169921875
0.00443577766418457
0.007901191711425781
0.007835865020751953
0.005071878433227539
0.006484031677246094
0.00460505485534668
0.0074651241302490234
0.006787776947021484
0.002801179885864258
0.006204366683959961
0.007307291030883789
0.006411314010620117
0.00835275650024414
0.0050830841064453125
0.008669853210449219
0.0038912296295166016
0.011856555938720703
0.005800485610961914
0.006958961486816406
0.0073337554931640625
0.0043637752532958984
0.00741124153137207
0.003177165985107422
0.0025522708892822266
0.003288745880126953
0.0019807815551757812
0.001619577407836914
0.0017232894897460938
0.0014019012451171875
0.002063751220703125
0.003856182098388672
0.0027527809143066406
0.002148866653442383
0.0017528533935546875
0.0038695335388183594
0.0032720565795898438
0.008538007736206055
0.003312826156616211
0.0018529891967773438
0.0010542869567871094
0.002151012420654297
0.0072286128997802734
0.002597808837890625
0.005945444107055664
0.0046579837799072266
0.0033195018768310547
0.0027685165405273438
0.0029191970825195312
0.0024285316467285156
0.0029120445251464844
0.0026578903198242188
0.0027816295623779297
0.0019044876098632812
0.003276824951171875
0.0023055076599121094
0.0023925304412841797
0.002402067184448242
0.0021893978118896484
0.002379179000854492
0.0021474361419677734
0.0022127628326416016
0.0026586055755615234
0.002618551254272461
0.0021555423736572266
0.0015971660614013672
0.0013883113861083984
0.0015511512756347656
0.001459360122680664
