25.150002 13.550365
25.150002 13.550365
25.150002 13.550365
25.150002 13.550365
25.150002 13.550365
25.150002 13.550365
25.150002 13.550365
25.150002 13.550365
25.150002 13.550365
25.150002 13.550365
25.150002 13.550365
25.150002 13.550365
25.150002 13.550365
25.150002 13.550365
25.150002 13.550365
25.150002 13.550365
25.150002 13.550365
25.150002 13.550365
25.150002 13.550365
25.150002 13.550365
25.150002 13.550365
25.150002 13.550365
25.150002 13.550365
25.150002 13.550365
25.150002 13.550365
25.150002 13.550365
25.150002 13.550365
25.150002 13.550365
25.150002 13.550365
25.150002 13.550365
25.150002 13.550365
25.150002 13.550365
25.150002 13.550365
25.141947 13.550554
25.128481 13.550048
25.110888 13.546441
25.089592 13.543092
25.068920 13.541892
25.047396 13.539888
25.023909 13.537635
25.001892 13.535149
24.975758 13.532015
24.953453 13.529841
24.931564 13.527821
24.906555 13.525274
24.882576 13.522931
24.861416 13.520785
24.836487 13.518387
24.813801 13.516252
24.789957 13.513876
24.767061 13.511243
24.743938 13.508560
24.720358 13.505583
24.699722 13.503020
24.676355 13.500010
24.650871 13.496503
24.628782 13.493444
24.607136 13.490356
24.583366 13.487136
24.558962 13.483522
24.535421 13.479893
24.513784 13.476557
24.487919 13.472570
24.464262 13.468898
24.443495 13.465597
24.416716 13.461918
24.394274 13.458244
24.373278 13.455038
24.350388 13.452134
24.325930 13.449507
24.303934 13.447567
24.278667 13.445248
24.256861 13.443399
24.232565 13.441557
24.207588 13.439533
24.185640 13.437752
24.161791 13.435781
24.139650 13.434056
24.114010 13.432088
24.092951 13.430462
24.069656 13.428565
24.043653 13.426491
24.022438 13.424851
23.996109 13.422890
23.973347 13.421188
23.951313 13.419635
23.925787 13.417904
23.902212 13.416375
23.878220 13.414926
23.855846 13.413663
23.832277 13.412430
23.809492 13.411235
23.786261 13.410097
23.762598 13.408947
23.736774 13.407722
23.715385 13.406741
23.689878 13.405460
23.666117 13.404742
23.643034 13.403400
23.621332 13.402588
23.598110 13.401624
23.574976 13.400871
23.550014 13.399883
23.527317 13.399073
23.502565 13.398302
23.479959 13.397619
23.455553 13.396942
23.433195 13.396398
23.408720 13.395797
23.385851 13.395315
23.361547 13.394862
23.338905 13.394477
23.315565 13.394158
23.291031 13.393827
23.268154 13.393560
23.243570 13.393275
23.219418 13.393007
23.196934 13.392784
23.171350 13.392423
23.149343 13.392136
23.125950 13.391764
23.101379 13.391334
23.076021 13.390882
23.052765 13.390449
23.029474 13.389923
23.006956 13.389375
22.983498 13.388835
22.960253 13.388319
22.936316 13.387813
22.912407 13.387329
22.888002 13.386902
22.865038 13.386535
22.840693 13.386136
22.818241 13.385801
22.794397 13.385488
22.769850 13.385121
22.745342 13.384820
22.724108 13.384489
22.699306 13.384123
22.674994 13.383663
22.650911 13.383154
22.628250 13.382623
22.604862 13.382010
22.580059 13.381371
22.557940 13.380733
22.534122 13.380024
22.511230 13.379392
22.487371 13.378703
22.463989 13.378081
22.439909 13.377489
22.417240 13.376947
22.393145 13.376477
22.368591 13.375991
22.345415 13.375562
22.322773 13.375011
22.298279 13.374111
22.274628 13.373004
22.251148 13.371861
22.228558 13.370161
22.204453 13.367676
22.181091 13.365300
22.158833 13.363012
22.134954 13.360467
22.112320 13.358110
22.085964 13.355191
22.063511 13.352238
22.040533 13.349280
22.016874 13.346263
21.991287 13.343177
21.968042 13.340282
21.944693 13.337386
21.923145 13.334598
21.900805 13.331879
21.876297 13.328828
21.853680 13.326088
21.831244 13.323359
21.808395 13.320579
21.784836 13.317783
21.761988 13.315053
21.738285 13.312190
21.715864 13.309383
21.691702 13.306386
21.668406 13.303441
21.646341 13.300542
21.622810 13.298162
21.600245 13.296358
21.574942 13.294756
21.553015 13.293521
21.527756 13.292557
21.502178 13.292359
21.480564 13.292039
21.456783 13.291825
21.432306 13.291286
21.408949 13.291145
21.384823 13.291936
21.362185 13.293468
21.337477 13.295038
21.312349 13.297630
21.294472 13.299319
21.267548 13.302168
21.244011 13.304703
21.220369 13.307220
21.198128 13.309711
21.173903 13.312352
21.150030 13.315031
21.126299 13.317659
21.103523 13.320194
21.078836 13.322663
21.057629 13.325005
21.032455 13.327923
21.011118 13.330420
20.986383 13.333373
20.963083 13.336157
20.941622 13.338805
20.918001 13.341779
20.894062 13.344717
20.869415 13.347880
20.847521 13.350780
20.825184 13.353820
20.800482 13.357104
20.777494 13.360059
20.754683 13.363032
20.730444 13.366241
20.706944 13.369352
20.682621 13.372512
20.659721 13.375579
20.636475 13.378638
20.612225 13.381886
20.589939 13.384790
20.567017 13.387760
20.541628 13.391000
20.519444 13.393827
20.495451 13.396937
20.474480 13.399635
20.451042 13.402745
20.429140 13.405673
20.404182 13.409066
20.382145 13.412130
20.357031 13.415610
20.335127 13.418682
20.312788 13.421787
20.288790 13.425113
20.264923 13.428473
20.241339 13.431734
20.218481 13.434762
20.195435 13.437781
20.171711 13.440846
20.146244 13.444086
20.124977 13.446651
20.101795 13.449402
20.078302 13.452161
20.054239 13.454888
20.030348 13.457529
20.009068 13.459802
19.985434 13.462373
19.963549 13.464705
19.940836 13.467330
19.916735 13.470067
19.893381 13.472795
19.870684 13.475327
19.846321 13.478127
19.823071 13.480835
19.803818 13.483027
19.776155 13.486183
19.752333 13.488868
19.728533 13.491410
19.705812 13.493770
19.681667 13.496295
19.658264 13.498644
19.638138 13.500673
19.614557 13.502984
19.595669 13.504771
19.571564 13.507033
19.550528 13.508996
19.529049 13.511090
19.512060 13.512615
19.490734 13.514547
19.467607 13.516708
19.444172 13.518885
19.420393 13.521135
19.398359 13.523233
19.373682 13.525612
19.352646 13.527718
19.328547 13.530118
19.303251 13.532633
19.280340 13.534876
19.257553 13.537090
19.233913 13.539431
19.208481 13.541880
19.187298 13.543931
19.163300 13.546202
19.140312 13.548254
19.117598 13.550295
19.091255 13.552514
19.070017 13.554239
19.046007 13.556271
19.022911 13.558178
18.999876 13.560081
18.976124 13.561992
18.951868 13.563951
18.930275 13.565722
18.906502 13.567691
18.882124 13.569630
18.860756 13.571423
18.834902 13.573547
18.813236 13.575352
18.789883 13.577318
18.765852 13.579297
18.743002 13.581160
18.717693 13.583166
18.694529 13.585233
18.671413 13.587245
18.648279 13.589388
18.622631 13.591749
18.600286 13.593880
18.577829 13.595803
18.554699 13.597775
18.530172 13.599941
18.506561 13.602037
18.483730 13.604059
18.459909 13.606039
18.436460 13.607941
18.414625 13.609776
18.391850 13.611640
18.366304 13.613710
18.345545 13.615397
18.321104 13.617373
18.297846 13.619280
18.271276 13.621448
18.250319 13.623159
18.226141 13.625149
18.201988 13.627062
18.178352 13.628906
18.153101 13.630824
18.130732 13.632486
18.107267 13.634211
18.085323 13.635685
18.060057 13.637151
18.038895 13.638221
18.014120 13.639455
17.990135 13.640272
17.965624 13.641290
17.942093 13.642166
17.918873 13.642965
17.896877 13.643869
17.872711 13.644751
17.848133 13.645368
17.826389 13.646076
17.801891 13.646839
17.777147 13.647676
17.756628 13.648279
17.730606 13.649030
17.709255 13.649544
17.684593 13.650168
17.662451 13.650667
17.637007 13.651134
17.612740 13.651505
17.591972 13.651773
17.567879 13.652112
17.542610 13.652465
17.520575 13.652785
17.497379 13.653193
17.472313 13.653634
17.448479 13.654027
17.423960 13.654451
17.403236 13.654799
17.379009 13.655311
17.354059 13.655781
17.330154 13.656199
17.307703 13.656646
17.282457 13.657145
17.260494 13.657564
17.238539 13.657973
17.211111 13.658448
17.189617 13.658762
17.164886 13.659022
17.142488 13.659204
17.117441 13.659330
17.093845 13.659369
17.072128 13.659360
17.048489 13.659302
17.022676 13.659182
17.001747 13.659131
16.975409 13.659013
16.952429 13.658950
16.930187 13.658827
16.904169 13.658808
16.882236 13.658821
16.857718 13.658858
16.833202 13.658954
16.810307 13.659056
16.785757 13.659245
16.764660 13.659389
16.741648 13.659544
16.715324 13.659732
16.692474 13.659805
16.669624 13.659891
16.646524 13.659854
16.621696 13.659823
16.600397 13.659749
16.576229 13.659586
16.549934 13.659470
16.529312 13.659282
16.503464 13.659114
16.479546 13.658940
16.455158 13.658744
16.432867 13.658634
16.407982 13.658466
16.384090 13.658405
16.363325 13.658378
16.339191 13.658393
16.315561 13.658501
16.292162 13.658561
16.268608 13.658687
16.245096 13.658804
16.219521 13.658907
16.196745 13.658948
16.172956 13.658961
16.150583 13.658993
16.127291 13.658937
16.103704 13.658851
16.079603 13.658738
16.055000 13.658528
16.030602 13.658344
16.009048 13.658141
15.983184 13.657975
15.961935 13.657966
15.937778 13.657918
15.912942 13.657989
15.890907 13.658110
15.864183 13.658364
15.841740 13.658624
15.817188 13.659008
15.794538 13.659381
15.773170 13.659768
15.746650 13.660263
15.723536 13.660705
15.701560 13.661080
15.676105 13.661530
15.655137 13.661875
15.631864 13.662195
15.606472 13.662553
15.582191 13.662815
15.560957 13.663018
15.536424 13.663266
15.512212 13.663446
15.489098 13.663674
15.466147 13.663877
15.443192 13.664097
15.419564 13.664373
15.395448 13.664676
15.369465 13.665174
15.347004 13.665579
15.324793 13.666062
15.298397 13.666593
15.276672 13.666956
15.251841 13.667400
15.229964 13.667768
15.205782 13.668120
15.181307 13.668416
15.158197 13.668603
15.136668 13.668789
15.110897 13.668846
15.086758 13.668831
15.064756 13.668801
15.039416 13.668676
15.016025 13.668523
14.991622 13.668358
14.971458 13.668227
14.946090 13.668077
14.922389 13.667992
14.897035 13.667871
14.875502 13.667892
14.849609 13.667891
14.828579 13.667975
14.805493 13.668012
14.778888 13.668089
14.758855 13.668176
14.731490 13.668251
14.707856 13.668311
14.686351 13.668305
14.661104 13.668238
14.638007 13.668148
14.616007 13.668031
14.589839 13.667971
14.566406 13.667847
14.545819 13.667740
14.521480 13.667619
14.496518 13.667494
14.472025 13.667436
14.449718 13.667355
14.426471 13.667370
14.400929 13.667414
14.379286 13.667536
14.355893 13.667697
14.329441 13.667933
14.308172 13.668202
14.283416 13.668558
14.261426 13.668894
14.236998 13.669276
14.213236 13.669639
14.189665 13.669988
14.164879 13.670305
14.143392 13.670552
14.119520 13.670755
14.096153 13.670905
14.071113 13.671030
14.046871 13.671124
14.025340 13.671178
14.001457 13.671232
13.978045 13.671308
13.953927 13.671415
13.928864 13.671584
13.907115 13.671711
13.883713 13.671848
13.859889 13.672004
13.834937 13.672209
13.813354 13.672362
13.789502 13.672532
13.766361 13.672713
13.742529 13.672788
13.716817 13.672802
13.695615 13.672847
13.672066 13.672889
13.648239 13.672835
13.622493 13.672769
13.600950 13.672622
13.575921 13.672399
13.553918 13.672190
13.527838 13.671864
13.506239 13.671624
13.482511 13.671343
13.457837 13.671111
13.435525 13.670941
13.411594 13.670654
13.385780 13.670475
13.363482 13.670299
13.338239 13.670218
13.317344 13.670117
13.294135 13.670053
13.267843 13.670020
13.246678 13.669995
13.220801 13.669972
13.197021 13.669905
13.176303 13.669832
13.150066 13.669792
13.127324 13.669729
13.104583 13.669759
13.080744 13.669664
13.055010 13.669567
13.031713 13.669437
13.008892 13.669301
12.983915 13.669198
12.959955 13.669085
12.936281 13.669018
12.914766 13.669044
12.890899 13.669043
12.866063 13.669168
12.843843 13.669307
12.819980 13.669547
12.794703 13.669832
12.770405 13.670169
12.747398 13.670465
12.726601 13.670770
12.702649 13.671098
12.678208 13.671391
12.654646 13.671681
12.630053 13.671913
12.608051 13.672085
12.585182 13.672211
12.561394 13.672334
12.538014 13.672414
12.511997 13.672549
12.488088 13.672647
12.464644 13.672725
12.442107 13.672853
12.419343 13.672966
12.396143 13.673139
12.369663 13.673417
12.347481 13.673696
12.323954 13.674067
12.301760 13.674417
12.277470 13.674839
12.254076 13.675298
12.230465 13.675731
12.207096 13.676189
12.181114 13.676625
12.157907 13.677056
12.135436 13.677376
12.112206 13.677690
12.086547 13.677971
12.064084 13.678176
12.041773 13.678359
12.017931 13.678505
11.994595 13.678616
11.970318 13.678790
11.947268 13.678973
11.922129 13.679259
11.899782 13.679529
11.875982 13.679909
11.851436 13.680396
11.828268 13.680886
11.804607 13.681498
11.781452 13.682137
11.757559 13.682830
11.735365 13.683323
11.711114 13.683697
11.687468 13.684189
11.662213 13.684519
11.640482 13.684716
11.614617 13.684944
11.591884 13.685053
11.568872 13.685083
11.545472 13.685027
11.522442 13.684827
11.497565 13.684628
11.473211 13.684357
11.449397 13.684042
11.425172 13.683705
11.401190 13.683384
11.377780 13.683165
11.355583 13.682939
11.329694 13.682712
11.307845 13.682521
11.283626 13.682314
11.262012 13.682210
11.237775 13.682076
11.213325 13.681865
11.188893 13.681624
11.165336 13.681395
11.144252 13.681141
11.120286 13.680790
11.096589 13.680413
11.073539 13.679963
11.049685 13.679467
11.025138 13.678867
11.001454 13.678288
10.979403 13.677739
10.952873 13.677100
10.931067 13.676625
10.908052 13.676134
10.882972 13.675678
10.857976 13.675290
10.835067 13.674957
10.811713 13.674668
10.789805 13.674439
10.766047 13.674179
10.742084 13.673974
10.716879 13.673767
10.696619 13.673555
10.672558 13.673303
10.648249 13.673023
10.625081 13.672697
10.601001 13.672308
10.575188 13.671850
10.553398 13.671425
10.529471 13.670951
10.504772 13.670475
10.481670 13.670034
10.456177 13.669550
10.433772 13.669127
10.411181 13.668716
10.387671 13.668365
10.362354 13.667993
10.339272 13.667754
10.315256 13.667531
10.290490 13.667373
10.268771 13.667232
10.244449 13.667079
10.221810 13.666966
10.196819 13.666775
10.175367 13.666640
10.151561 13.666468
10.127763 13.666216
10.104045 13.665975
10.079485 13.665634
10.055333 13.665318
10.032564 13.664914
10.008580 13.664477
9.986970 13.664118
9.960604 13.663578
9.937324 13.663199
9.915225 13.662837
9.890522 13.662450
9.867763 13.662166
9.841496 13.661889
9.821176 13.661771
9.794261 13.661568
9.773063 13.661492
9.749989 13.661419
9.725918 13.661339
9.700211 13.661302
9.697062 13.661208
9.697078 13.661188
9.697093 13.661167
9.697107 13.661149
9.697122 13.661129
9.697137 13.661108
9.686956 13.661142
9.670477 13.661109
9.648111 13.661011
9.628281 13.660895
9.603398 13.660748
9.581518 13.660531
9.556782 13.660243
9.533272 13.659984
9.511302 13.659692
9.488809 13.659383
9.464172 13.659051
9.440531 13.658723
9.414824 13.658451
9.394271 13.658205
9.370120 13.657998
9.345771 13.657887
9.320951 13.657772
9.299220 13.657763
9.275834 13.657733
9.251763 13.657769
9.228650 13.657813
9.202466 13.657875
9.180745 13.657946
9.155948 13.657969
9.133248 13.657966
9.110622 13.657881
9.086638 13.657786
9.064004 13.657647
9.039654 13.657419
9.016921 13.657230
8.992044 13.656998
8.968566 13.656829
8.944400 13.656631
8.919256 13.656432
8.897881 13.656297
8.873434 13.656170
8.850421 13.656102
8.826046 13.656077
8.801648 13.656107
8.776581 13.656219
8.755301 13.656286
8.729504 13.656443
8.707752 13.656564
8.684400 13.656693
8.660734 13.656784
8.636582 13.656853
8.611465 13.656894
8.589214 13.656839
8.566702 13.656783
8.542951 13.656674
8.518309 13.656528
8.495241 13.656334
8.468948 13.656109
8.445111 13.655943
8.422379 13.655768
8.398906 13.655651
8.376843 13.655569
8.352481 13.655521
8.328547 13.655541
8.303316 13.655595
8.280031 13.655700
8.256914 13.655846
8.233788 13.656013
8.212078 13.656169
8.186087 13.656318
8.161960 13.656467
8.138149 13.656510
8.114591 13.656568
8.091953 13.656545
8.069533 13.656462
8.045736 13.656342
8.023287 13.656216
7.998484 13.656018
7.972859 13.655845
7.951403 13.655649
7.928216 13.655506
7.903690 13.655359
7.878350 13.655216
7.854465 13.655184
7.831542 13.655155
7.809800 13.655205
7.785283 13.655279
7.761532 13.655431
7.738505 13.655573
7.715263 13.655722
7.693359 13.655859
7.668599 13.655985
7.644065 13.656064
7.620944 13.656082
7.595178 13.656079
7.574357 13.656041
7.549963 13.655919
7.525864 13.655805
7.502306 13.655637
7.477212 13.655418
7.456105 13.655279
7.430020 13.655047
7.408669 13.654903
7.382578 13.654770
7.361789 13.654713
7.336493 13.654716
7.311916 13.654741
7.287763 13.654836
7.266414 13.654907
7.240135 13.655059
7.217753 13.655168
7.196103 13.655293
7.171786 13.655432
7.148497 13.655450
7.123445 13.655547
7.100231 13.655496
7.078115 13.655450
7.052611 13.655275
7.031312 13.655105
7.005012 13.654869
6.981209 13.654592
6.960827 13.654372
6.935414 13.654119
6.911189 13.653793
6.887496 13.653593
6.862879 13.653364
6.841843 13.653255
6.817951 13.653160
6.791730 13.653120
6.770332 13.653121
6.745377 13.653145
6.721933 13.653193
6.700300 13.653232
6.676540 13.653238
6.651780 13.653253
6.627982 13.653170
6.606253 13.653135
6.581488 13.652983
6.558066 13.652815
6.533462 13.652600
6.510013 13.652335
6.488445 13.652068
6.462175 13.651722
6.438952 13.651436
6.415998 13.651164
6.393462 13.650908
6.368382 13.650703
6.345209 13.650545
6.322378 13.650466
6.298424 13.650460
6.273068 13.650428
6.251202 13.650469
6.226704 13.650459
6.204522 13.650485
6.179978 13.650467
6.156609 13.650439
6.131835 13.650382
6.110123 13.650233
6.086293 13.650052
6.063713 13.649805
6.039709 13.649410
6.015339 13.649035
5.992157 13.648602
5.969001 13.647949
5.944263 13.647210
5.920357 13.646442
5.895891 13.645621
5.874931 13.644871
5.850958 13.643895
5.825362 13.642654
5.801716 13.641570
5.778502 13.640393
5.755050 13.639089
5.731504 13.637710
5.709472 13.636158
5.684831 13.634351
5.663517 13.632539
5.639537 13.630437
5.614104 13.628036
5.592165 13.625574
5.568594 13.622522
5.543012 13.619056
5.519588 13.615972
5.498302 13.613067
5.474821 13.609328
5.451493 13.605636
5.427357 13.601359
5.403632 13.597566
5.381132 13.593790
5.355685 13.589288
5.334379 13.585638
5.311686 13.581382
5.288682 13.577146
5.264007 13.572461
5.242814 13.567925
5.222217 13.562835
5.198266 13.557165
5.175608 13.550524
5.153634 13.543774
5.131555 13.536057
5.110274 13.528354
5.087667 13.519952
5.066724 13.512506
5.046552 13.504534
5.024165 13.494918
5.001772 13.485122
4.983051 13.477224
4.962048 13.468069
4.941170 13.458452
4.919780 13.448006
4.901488 13.438946
4.882125 13.428582
4.863036 13.418234
4.844280 13.408067
4.822807 13.395879
4.804125 13.384542
4.788205 13.374759
4.768218 13.362014
4.753267 13.352332
4.733448 13.338614
4.718585 13.328069
4.700845 13.315145
4.683251 13.301808
4.668293 13.290241
4.651213 13.276588
4.636508 13.264378
4.620469 13.250761
4.605550 13.237608
4.591012 13.224486
4.578592 13.212885
4.565254 13.200086
4.551540 13.186670
4.538040 13.172829
4.526669 13.160936
4.514143 13.147392
4.501970 13.134048
4.488699 13.118970
4.478066 13.106715
4.465717 13.092053
4.455984 13.079808
4.444909 13.066240
4.434207 13.052555
4.423944 13.038904
4.412648 13.023845
4.403746 13.011890
4.392572 12.996437
4.384037 12.984615
4.373945 12.969978
4.363961 12.955575
4.355826 12.943129
4.347095 12.930010
4.337844 12.915367
4.329257 12.901499
4.321108 12.887897
4.313408 12.874329
4.306181 12.861098
4.297673 12.845332
4.291460 12.833654
4.283386 12.818232
4.277344 12.805791
4.269596 12.790445
4.263381 12.777245
4.257718 12.764371
4.251029 12.748921
4.245484 12.735846
4.239844 12.722408
4.233781 12.708118
4.228268 12.694853
4.222965 12.682475
4.217299 12.668861
4.211068 12.653750
4.206315 12.642219
4.200525 12.628277
4.194957 12.613911
4.189824 12.601061
4.184210 12.586765
4.179657 12.574988
4.173823 12.559873
4.168988 12.547163
4.164244 12.534472
4.159175 12.520996
4.154222 12.507818
4.149165 12.493653
4.144504 12.480492
4.139319 12.465841
4.134892 12.453204
4.130267 12.439744
4.125458 12.426057
4.120747 12.412420
4.115868 12.399159
4.111023 12.385314
4.106001 12.370928
4.101476 12.357924
4.096292 12.342421
4.091995 12.330327
4.087032 12.315687
4.082689 12.302851
4.077211 12.287303
4.073085 12.275578
4.067850 12.260402
4.063556 12.247805
4.058856 12.234108
4.054124 12.220180
4.049580 12.207118
4.044794 12.193251
4.039704 12.178291
4.035400 12.165541
4.030801 12.151933
4.026373 12.138715
4.021812 12.125197
4.017202 12.111612
4.013000 12.099217
4.008478 12.085891
4.003270 12.070749
3.999262 12.059112
3.994585 12.045473
3.989336 12.030177
3.985426 12.018509
3.980001 12.002878
3.975420 11.989385
3.971552 11.977903
3.966539 11.963176
3.961893 11.949337
3.957810 11.937102
3.952482 11.921229
3.948621 11.909561
3.943511 11.894486
3.938683 11.880273
3.934144 11.866804
3.929987 11.854540
3.924694 11.838749
3.920157 11.825135
3.915296 11.811161
3.910652 11.797532
3.905997 11.783933
3.901240 11.770088
3.896494 11.756296
3.892440 11.744502
3.887757 11.730825
3.882524 11.715540
3.878522 11.704076
3.873044 11.688633
3.868931 11.677048
3.863302 11.661400
3.858400 11.647828
3.853793 11.635360
3.848991 11.622323
3.843695 11.608211
3.838367 11.594211
3.832480 11.578789
3.827071 11.564891
3.821607 11.551057
3.816163 11.537128
3.810383 11.523193
3.804554 11.509159
3.798493 11.495051
3.792606 11.481378
3.786319 11.466965
3.780291 11.453400
3.774599 11.440956
3.768023 11.426590
3.761278 11.411936
3.754546 11.397721
3.747725 11.383702
3.741273 11.370405
3.734395 11.356575
3.726787 11.341763
3.719555 11.327595
3.712386 11.313828
3.705598 11.300911
3.699334 11.289165
3.691853 11.275263
3.684956 11.262804
3.677480 11.249481
3.668631 11.233773
3.661106 11.220454
3.653788 11.207511
3.645689 11.193344
3.637299 11.178576
3.629596 11.165019
3.621650 11.150930
3.614304 11.137830
3.606433 11.123713
3.598134 11.108810
3.590935 11.095875
3.583005 11.081289
3.576107 11.068573
3.568353 11.054142
3.561744 11.041259
3.553823 11.026075
3.546811 11.011967
3.539928 10.998122
3.533353 10.984756
3.526477 10.970552
3.519906 10.956962
3.513255 10.942614
3.507445 10.930298
3.500716 10.915716
3.494516 10.902079
3.488214 10.888408
3.482240 10.874836
3.475787 10.860820
3.469833 10.847371
3.463938 10.834160
3.457518 10.819358
3.451965 10.806519
3.446527 10.793949
3.440611 10.779833
3.434455 10.765183
3.429286 10.752407
3.424214 10.739459
3.418827 10.726009
3.413710 10.713490
3.408584 10.700401
3.402994 10.685509
3.398511 10.673788
3.393730 10.660597
3.388774 10.645686
3.384580 10.633431
3.379915 10.619205
3.376154 10.607377
3.371996 10.593470
3.368438 10.580616
3.364767 10.567407
3.360554 10.553237
3.356952 10.540746
3.353204 10.526778
3.350035 10.514572
3.346879 10.500984
3.343263 10.487150
3.340236 10.475116
3.336966 10.461211
3.334050 10.448790
3.331082 10.435558
3.328081 10.421328
3.325358 10.408108
3.322288 10.394935
3.319798 10.382291
3.316971 10.369058
3.314781 10.356605
3.311941 10.342179
3.309996 10.331038
3.307802 10.317832
3.305663 10.304374
3.303813 10.292296
3.302052 10.280122
3.300020 10.267771
3.298144 10.253888
3.296850 10.241572
3.295357 10.228257
3.294031 10.216992
3.292516 10.203328
3.291010 10.190235
3.289716 10.177979
3.288519 10.166280
3.287065 10.152554
3.285917 10.141411
3.285178 10.128580
3.284418 10.115157
3.283497 10.103065
3.283242 10.090421
3.282731 10.078226
3.282449 10.066513
3.281977 10.053319
3.281286 10.041493
3.280843 10.028790
3.280263 10.016217
3.279817 10.003554
3.279595 9.990849
3.279248 9.978468
3.278936 9.966406
3.278711 9.954036
3.278340 9.942062
3.277949 9.929179
3.277526 9.916021
3.277194 9.904380
3.276897 9.892040
3.276585 9.878851
3.276323 9.867454
3.276049 9.854528
3.275797 9.841779
3.275622 9.830991
3.275390 9.817287
3.275221 9.806499
3.275031 9.793906
3.274887 9.781276
3.274752 9.769599
3.274572 9.756457
3.274311 9.744576
3.273923 9.732396
3.273585 9.719940
3.273304 9.709269
3.272982 9.696182
3.272663 9.684388
3.272356 9.672565
3.272011 9.659470
3.271675 9.646994
3.271307 9.634488
3.270954 9.623152
3.270573 9.611524
3.270139 9.598706
3.269858 9.585174
3.269505 9.574121
3.269253 9.562039
3.268945 9.548874
3.268636 9.536760
3.268223 9.523753
3.267872 9.512126
3.267443 9.499171
3.267047 9.487335
3.266603 9.474745
3.266155 9.461848
3.265744 9.449728
3.265347 9.436591
3.264968 9.424840
3.264555 9.411316
3.264104 9.398994
3.263999 9.387366
3.263845 9.374308
3.263744 9.362647
3.263655 9.350899
3.263884 9.337557
3.263905 9.326174
3.264093 9.314704
3.264364 9.302680
3.264745 9.290337
3.265152 9.277651
3.265690 9.265950
3.266033 9.254023
3.266393 9.241956
3.266728 9.231266
3.267065 9.219527
3.267393 9.207493
3.267726 9.195282
3.268062 9.182829
3.268340 9.170917
3.268624 9.158922
3.268892 9.146845
3.269137 9.135767
3.269387 9.123087
3.269599 9.111693
3.269799 9.099817
3.269994 9.088081
3.270208 9.075675
3.270392 9.063127
3.270526 9.052025
3.270679 9.040077
3.270812 9.027684
3.270938 9.014705
3.271028 9.002646
3.271152 8.991613
3.271255 8.979368
3.271362 8.965712
3.271507 8.954529
3.271639 8.941568
3.271758 8.930505
3.271952 8.917213
3.272105 8.905885
3.272287 8.893846
3.272451 8.881568
3.272655 8.869524
3.272797 8.857363
3.272965 8.845695
3.273118 8.833704
3.273317 8.821630
3.273524 8.808607
3.273739 8.797365
3.273996 8.785008
3.274244 8.773466
3.274467 8.760898
3.274688 8.748919
3.274935 8.736834
3.275049 8.725615
3.274569 8.713319
3.273594 8.699616
3.272727 8.688315
3.271312 8.675467
3.269620 8.662469
3.267356 8.649283
3.264609 8.637777
3.260195 8.624309
3.254794 8.609927
3.249784 8.595800
3.245194 8.582051
3.241164 8.566871
3.237746 8.554936
3.233099 8.540325
3.228503 8.526729
3.223862 8.513101
3.218639 8.497790
3.214177 8.484520
3.209674 8.470946
3.205145 8.457510
3.200124 8.442499
3.195448 8.428346
3.191204 8.415553
3.186764 8.402716
3.181455 8.387318
3.177211 8.374976
3.172584 8.361463
3.167869 8.347886
3.162982 8.333911
3.158090 8.319988
3.153461 8.306751
3.148862 8.293489
3.144144 8.279956
3.138642 8.264585
3.134223 8.252273
3.129032 8.238162
3.123463 8.223174
3.119002 8.211393
3.113685 8.197244
3.108097 8.182588
3.103361 8.170123
3.098233 8.156717
3.093149 8.143373
3.087496 8.128521
3.082571 8.115621
3.077360 8.101910
3.072029 8.087857
3.066357 8.072783
3.061398 8.059623
3.055981 8.045141
3.051529 8.032749
3.046460 8.018651
3.041352 8.004508
3.036446 7.990374
3.031695 7.977266
3.026800 7.963070
3.022121 7.949608
3.017539 7.936356
3.012496 7.921488
3.008329 7.909110
3.003694 7.895617
2.999348 7.882284
2.995108 7.869183
2.990500 7.854784
2.985521 7.839968
2.981330 7.827247
2.976369 7.813326
2.971423 7.799501
2.966729 7.786664
2.961358 7.772860
2.955930 7.758461
2.950828 7.745020
2.945965 7.732429
2.940493 7.717979
2.935321 7.704550
2.929575 7.690016
2.924513 7.677220
2.919144 7.663603
2.913510 7.649542
2.907951 7.635825
2.902357 7.621845
2.896372 7.607181
2.891097 7.594130
2.885373 7.579977
2.879792 7.566238
2.873674 7.551122
2.868692 7.538839
2.862686 7.524084
2.857069 7.510472
2.851570 7.497158
2.845375 7.482357
2.840129 7.469851
2.833840 7.454883
2.828094 7.441247
2.822724 7.428563
2.817111 7.415400
2.811179 7.401370
2.805232 7.387375
2.799377 7.373692
2.793883 7.360851
2.787793 7.346465
2.781703 7.332088
2.775810 7.318091
2.770182 7.304813
2.764070 7.290486
2.758630 7.277521
2.752576 7.263009
2.747150 7.250021
2.741367 7.236111
2.735911 7.222743
2.730488 7.209203
2.725115 7.195747
2.719358 7.181257
2.713774 7.166967
2.708634 7.153738
2.703225 7.139844
2.697521 7.125099
2.692192 7.111185
2.686988 7.097620
2.681583 7.083590
2.676299 7.069882
2.671250 7.056942
2.665663 7.042875
2.659574 7.028810
2.653860 7.014243
2.648369 7.000072
2.642555 6.986437
2.638083 6.972181
2.633195 6.959043
2.627580 6.945224
2.622137 6.931400
2.617551 6.918287
2.612206 6.903813
2.608628 6.889914
2.606221 6.876204
2.603642 6.863724
2.601083 6.850369
2.599464 6.837454
2.597999 6.825085
2.596561 6.812735
2.595057 6.800160
2.593238 6.787432
2.591217 6.774293
2.589266 6.761669
2.587093 6.748182
2.584654 6.735574
2.581977 6.721979
2.579343 6.708422
2.576588 6.695261
2.574109 6.682389
2.571257 6.668386
2.570599 6.663533
2.570599 6.663533
2.570599 6.663533
2.570599 6.663533
2.570599 6.663533
2.570599 6.663533
2.570599 6.663533
2.570301 6.662491
2.567710 6.650104
2.565178 6.638256
2.562026 6.626020
2.558721 6.612359
2.555296 6.598351
2.552118 6.585535
2.548422 6.570936
2.545418 6.558298
2.542212 6.544951
2.538788 6.531514
2.535709 6.518105
2.533554 6.505646
2.530660 6.494681
2.526062 6.482874
2.518434 6.471368
2.509600 6.458578
2.500016 6.445145
2.489863 6.431231
2.480104 6.417970
2.469422 6.403608
2.460294 6.391462
2.449002 6.376682
2.437400 6.361578
2.427962 6.349630
2.416968 6.335561
2.405715 6.321394
2.395127 6.308045
2.384352 6.294504
2.373177 6.280528
2.362269 6.266811
2.350988 6.252553
2.342264 6.241185
2.334069 6.230524
2.325142 6.218520
2.315262 6.204842
2.306876 6.191874
2.299194 6.179612
2.291695 6.165970
2.282954 6.150133
2.275846 6.137053
2.267925 6.122810
2.260163 6.107956
2.253170 6.094215
2.246711 6.077745
2.240472 6.062755
2.234178 6.048897
2.229109 6.032278
2.223508 6.019147
2.219175 6.005243
2.213875 5.991186
2.209060 5.975897
2.205177 5.963269
2.200396 5.949292
2.195519 5.933425
2.190946 5.919345
2.187167 5.905872
2.184136 5.891746
2.181326 5.879015
2.178404 5.865190
2.176138 5.851347
2.174487 5.837054
2.173069 5.824461
2.172453 5.812078
2.172425 5.799660
2.172980 5.787451
2.173501 5.775355
2.174625 5.762995
2.175468 5.751678
2.176566 5.739270
2.177915 5.727334
2.179410 5.715392
2.180588 5.705146
2.182102 5.693904
2.183902 5.680890
2.185060 5.671221
2.186308 5.659838
2.187893 5.646819
2.189368 5.636455
2.190902 5.625576
2.192640 5.613035
2.194092 5.601437
2.195654 5.590672
2.197254 5.579056
2.198739 5.567821
2.200163 5.557298
2.201835 5.545254
2.203491 5.533778
2.205238 5.522591
2.207013 5.511702
2.208863 5.501228
2.211040 5.488619
2.213005 5.478683
2.215133 5.466656
2.217253 5.455243
2.219038 5.445876
2.221227 5.434337
2.223544 5.422553
2.225625 5.411819
2.227795 5.400708
2.229929 5.390031
2.231928 5.379997
2.234294 5.368349
2.236444 5.357279
2.238524 5.346609
2.240631 5.335819
2.242883 5.324719
2.245101 5.314006
2.247170 5.303655
2.249534 5.291662
2.251550 5.281227
2.253805 5.270120
2.256228 5.258906
2.258341 5.248038
2.260841 5.237560
2.263137 5.226895
2.265571 5.215766
2.267722 5.205980
2.270329 5.194615
2.272693 5.183817
2.275208 5.173304
2.277590 5.162839
2.280167 5.151506
2.282335 5.142393
2.284875 5.131629
2.287590 5.120362
2.290174 5.109612
2.292322 5.100498
2.294880 5.089664
2.297882 5.077792
2.300329 5.067475
2.302432 5.057342
2.304605 5.047419
2.307457 5.035053
2.309968 5.025216
2.312635 5.014121
2.315172 5.003652
2.317691 4.993344
2.320647 4.981961
2.323489 4.971123
2.325860 4.961535
2.328498 4.951173
2.331144 4.940654
2.334232 4.928891
2.336822 4.918966
2.339390 4.909270
2.342212 4.898479
2.345262 4.887184
2.347924 4.877261
2.350944 4.866256
2.353775 4.855741
2.356547 4.845470
2.359228 4.835718
2.362083 4.823918
2.365227 4.812994
2.367913 4.803446
2.370933 4.792909
2.374100 4.782126
2.376957 4.772405
2.380054 4.761778
2.383055 4.751680
2.385996 4.741670
2.388979 4.731651
2.391720 4.722403
2.395063 4.711434
2.397958 4.701920
2.401306 4.690763
2.404465 4.680559
2.407513 4.670661
2.410463 4.661010
2.413543 4.650842
2.416641 4.640737
2.420039 4.630275
2.423508 4.619457
2.426957 4.609294
2.430103 4.600099
2.433598 4.589799
2.436725 4.580632
2.440425 4.570007
2.443900 4.560092
2.447627 4.549603
2.451049 4.540019
2.454051 4.530905
2.457139 4.520565
2.459910 4.511891
2.462714 4.501790
2.465768 4.491012
2.468297 4.481929
2.471165 4.472865
2.473838 4.462883
2.476299 4.452617
2.478441 4.442754
2.481000 4.431132
2.482903 4.420354
2.485037 4.409100
2.487398 4.397539
2.489102 4.386136
2.490468 4.374453
2.491619 4.360686
2.493324 4.348586
2.494888 4.336025
2.496555 4.324262
2.497783 4.314372
2.498462 4.301471
2.498412 4.289928
2.497780 4.277479
2.496863 4.265604
2.496339 4.252836
2.495806 4.240984
2.495540 4.227627
2.495153 4.215240
2.494843 4.203191
2.494229 4.189972
2.493935 4.177883
2.493191 4.165467
2.492250 4.152621
2.491143 4.140703
2.490602 4.128829
2.490142 4.117746
2.489684 4.104234
2.489413 4.092005
2.488753 4.079345
2.489679 4.067513
2.491511 4.056663
2.495007 4.043516
2.498622 4.032454
2.502001 4.022899
2.505298 4.012780
2.508967 4.002355
2.512645 3.991701
2.516236 3.981977
2.520388 3.971897
2.523727 3.962842
2.527677 3.952969
2.531517 3.943296
2.536256 3.932191
2.540398 3.923183
2.544579 3.914238
2.549330 3.904021
2.553742 3.894521
2.558041 3.885109
2.562150 3.876414
2.566762 3.867334
2.571554 3.858279
2.575901 3.850355
2.581136 3.840810
2.585800 3.831570
2.590363 3.822964
2.595293 3.814044
2.600477 3.805073
2.605057 3.796907
2.610046 3.788311
2.615396 3.779317
2.620234 3.771507
2.625539 3.762920
2.630629 3.754922
2.636233 3.746419
2.641392 3.738615
2.646828 3.730930
2.652360 3.723067
2.657979 3.715387
2.663156 3.708279
2.668688 3.700974
2.674179 3.693789
2.680124 3.686098
2.686311 3.678328
2.691949 3.671252
2.697974 3.663578
2.703590 3.656421
2.709471 3.648993
2.714864 3.642249
2.721141 3.634618
2.726791 3.627749
2.733020 3.620083
2.739137 3.612685
2.744395 3.606356
2.750635 3.598925
2.756681 3.591774
2.762944 3.584358
2.768917 3.577592
2.774892 3.570589
2.781085 3.563547
2.787695 3.556043
2.793241 3.549798
2.799598 3.542818
2.806218 3.535456
2.812144 3.528900
2.818314 3.522390
2.824752 3.515773
2.831503 3.509190
2.837401 3.503622
2.843685 3.497795
2.850230 3.491893
2.856359 3.486499
2.863259 3.480644
2.869440 3.475637
2.876003 3.470802
2.882573 3.465877
2.889350 3.461027
2.896006 3.456606
2.903588 3.452073
2.910553 3.447813
2.918455 3.443430
2.925927 3.439390
2.933342 3.435572
2.940432 3.432084
2.948294 3.428271
2.955451 3.424894
2.963976 3.420971
2.970716 3.417567
2.978067 3.414472
2.985438 3.411153
2.992785 3.407965
3.001326 3.404350
3.009360 3.401130
3.016042 3.398392
3.023865 3.395536
3.032046 3.392406
3.040366 3.389229
3.047970 3.386461
3.055961 3.383750
3.063984 3.380986
3.071683 3.378379
3.078680 3.376268
3.087024 3.373506
3.095031 3.371135
3.102489 3.368846
3.109936 3.366508
3.117919 3.364158
3.126277 3.361624
3.133463 3.359599
3.141775 3.357184
3.149363 3.355080
3.157674 3.352725
3.165766 3.350530
3.173769 3.348284
3.181457 3.346172
3.189285 3.344346
3.197369 3.342380
3.204620 3.340650
3.213729 3.338555
3.221017 3.336421
3.229336 3.334304
3.237909 3.332263
3.245549 3.330592
3.253575 3.328960
3.261737 3.327243
3.270029 3.325640
3.277556 3.324062
3.285580 3.322390
3.293863 3.320674
3.301984 3.318987
3.310067 3.317423
3.317640 3.315605
3.326210 3.313780
3.333972 3.312244
3.342227 3.310438
3.350394 3.308618
3.357937 3.306840
3.366299 3.304963
3.374123 3.303137
3.382237 3.301236
3.390589 3.299273
3.398098 3.297514
3.406898 3.295519
3.414400 3.293680
3.422271 3.291939
3.430650 3.290006
3.438235 3.288305
3.446023 3.286692
3.454809 3.284654
3.462880 3.282810
3.470504 3.281309
3.478705 3.279561
3.486185 3.278276
3.494033 3.276551
3.502002 3.274803
3.510374 3.273090
3.518015 3.271515
3.525921 3.269899
3.533767 3.268312
3.541342 3.266779
3.550016 3.265085
3.558345 3.263384
3.565892 3.261826
3.574557 3.260043
3.582532 3.258387
3.589658 3.256876
3.598348 3.255163
3.605681 3.253695
3.614764 3.251501
3.623186 3.249485
3.631002 3.247690
3.639248 3.245858
3.646414 3.244279
3.655134 3.242656
3.663077 3.241328
3.670755 3.240371
3.679139 3.239625
3.686801 3.238846
3.695489 3.238421
3.703517 3.238051
3.711621 3.237388
3.720130 3.236658
3.728280 3.235684
3.736786 3.234309
3.744665 3.232836
3.751682 3.232043
3.760904 3.231146
3.768641 3.230158
3.777041 3.228803
3.785194 3.227981
3.793413 3.227175
3.801518 3.226391
3.810201 3.225203
3.818416 3.223963
3.826243 3.222986
3.834280 3.222026
3.842205 3.221509
3.850217 3.220635
3.858882 3.218550
3.867375 3.215740
3.875504 3.213435
3.883360 3.211714
3.891884 3.209377
3.900771 3.207203
3.910170 3.205155
3.918485 3.203714
3.926886 3.201337
3.935755 3.198357
3.943817 3.195941
3.951182 3.193825
3.958645 3.190951
3.967746 3.187300
3.975778 3.184354
3.983806 3.181319
3.992211 3.177985
4.000400 3.174669
4.009038 3.171095
4.017285 3.167569
4.025641 3.164149
4.033141 3.160548
4.041353 3.156628
4.049128 3.153251
4.056183 3.149889
4.064058 3.145506
4.070331 3.141820
4.076446 3.138131
4.083588 3.133695
4.089568 3.129863
4.095805 3.125558
4.101670 3.121332
4.108155 3.116079
4.115299 3.110382
4.121854 3.105174
4.129023 3.099577
4.135618 3.094234
4.142803 3.088627
4.149350 3.083562
4.156240 3.078161
4.163021 3.073032
4.170305 3.067698
4.176801 3.062721
4.182892 3.058251
4.189848 3.053399
4.197693 3.048286
4.204337 3.043802
4.211392 3.039137
4.218917 3.034889
4.225957 3.030575
4.233342 3.026483
4.240635 3.022729
4.247578 3.018857
4.254558 3.015011
4.262660 3.011364
4.269894 3.007770
4.277388 3.003834
4.283677 3.000465
4.291732 2.997010
4.299381 2.993867
4.306706 2.990668
4.313955 2.987776
4.322145 2.984762
4.328778 2.982020
4.335990 2.979005
4.343862 2.976276
4.352233 2.973546
4.359922 2.970717
4.367682 2.967948
4.374602 2.965759
4.382885 2.963054
4.390942 2.960581
4.398533 2.958199
4.405553 2.956050
4.413985 2.953738
4.422098 2.951355
4.429287 2.949299
4.436946 2.947201
4.444772 2.945237
4.453008 2.943057
4.460604 2.941155
4.469018 2.939455
4.476669 2.937826
4.483697 2.936034
4.491343 2.934715
4.500072 2.932868
4.507474 2.930726
4.515187 2.929353
4.522833 2.928150
4.531258 2.926713
4.534727 2.926070
4.534726 2.926071
4.534727 2.926071
4.534728 2.926070
4.534728 2.926070
4.534728 2.926070
4.534729 2.926070
4.534729 2.926070
4.534729 2.926070
4.534730 2.926070
4.534737 2.926076
4.534756 2.926095
4.534772 2.926111
4.534791 2.926130
4.534812 2.926149
4.534830 2.926166
4.534847 2.926184
4.534866 2.926202
4.534884 2.926219
4.534902 2.926236
4.534921 2.926255
4.534939 2.926272
4.538876 2.925744
4.551052 2.923138
4.557078 2.922103
4.562907 2.921751
4.571983 2.922362
4.580050 2.921976
4.588289 2.921682
4.596389 2.921024
4.603938 2.920602
4.612349 2.920300
4.619924 2.920479
4.628957 2.920777
4.636285 2.921256
4.645250 2.921409
4.652725 2.921380
4.660537 2.921150
4.669425 2.921031
4.677424 2.921020
4.685545 2.921034
4.693958 2.920847
4.702209 2.920596
4.710091 2.920787
4.718377 2.920786
4.727307 2.920639
4.735766 2.920599
4.743042 2.920450
4.751726 2.920373
4.760231 2.920233
4.767484 2.920180
4.776547 2.920086
4.784529 2.920011
4.792837 2.919968
4.801292 2.919917
4.809434 2.919902
4.817087 2.919850
4.825130 2.919826
4.833522 2.919805
4.841485 2.919772
4.849197 2.919759
4.857249 2.919733
4.865342 2.919792
4.873919 2.919827
4.881776 2.919856
4.890061 2.919929
4.898407 2.919976
4.905849 2.920025
4.914658 2.920071
4.922758 2.920094
4.930790 2.920125
4.938979 2.920157
4.946919 2.920212
4.955277 2.920331
4.962853 2.920406
4.970892 2.920453
4.979383 2.920517
4.987564 2.920546
4.995702 2.920607
5.003758 2.920645
5.012179 2.920712
5.020256 2.920680
5.028616 2.920733
5.035931 2.920713
5.044040 2.920759
5.053054 2.920756
5.060719 2.920783
5.068570 2.920733
5.077508 2.920754
5.085735 2.920832
5.093783 2.920959
5.102221 2.920931
5.109772 2.920996
5.118320 2.920961
5.126218 2.920983
5.135151 2.920998
5.143103 2.921035
5.151097 2.921082
5.159026 2.921156
5.167686 2.921147
5.176064 2.921173
5.184139 2.921187
5.192120 2.921201
5.200672 2.921265
5.209306 2.921314
5.217273 2.921340
5.225421 2.921377
5.233492 2.921411
5.241622 2.921436
5.250587 2.921480
5.258562 2.921479
5.266988 2.921514
5.274426 2.921513
5.282998 2.921531
5.290925 2.921548
5.299287 2.921575
5.307507 2.921566
5.315062 2.921592
5.323250 2.921618
5.332284 2.921644
5.340179 2.921640
5.348371 2.921671
5.356200 2.921698
5.364711 2.921741
5.372247 2.921726
5.380128 2.921782
5.388391 2.921788
5.396653 2.921956
5.405125 2.922065
5.412739 2.922110
5.420797 2.922175
5.429472 2.922302
5.437219 2.922344
5.445401 2.922441
5.453895 2.922518
5.461559 2.922624
5.469904 2.922692
5.478222 2.922778
5.486198 2.922869
5.494407 2.922977
5.502554 2.923042
5.510861 2.923139
5.518476 2.923249
5.526905 2.923362
5.534979 2.923284
5.543581 2.923284
5.551013 2.923325
5.559880 2.923368
5.567560 2.923413
5.576285 2.923488
5.584733 2.923547
5.592205 2.923594
5.600866 2.923666
5.609149 2.923738
5.616472 2.923685
5.625371 2.923614
5.633222 2.923678
5.641357 2.923722
5.649932 2.923822
5.658298 2.923854
5.666471 2.923948
5.674355 2.924028
5.682859 2.924101
5.691251 2.924150
5.699499 2.924276
5.707987 2.924364
5.716439 2.924463
5.723913 2.924516
5.732510 2.924662
5.740407 2.924666
5.748971 2.924692
5.756673 2.924727
5.758716 2.924708
5.758716 2.924709
5.758715 2.924708
5.758714 2.924708
5.758716 2.924708
5.758714 2.924708
5.758715 2.924708
5.758713 2.924708
5.758712 2.924708
5.758712 2.924709
5.758712 2.924708
5.758711 2.924709
5.758711 2.924709
5.758710 2.924709
5.758711 2.924709
5.758709 2.924710
5.758710 2.924710
5.758709 2.924710
5.758709 2.924710
5.758708 2.924710
5.758707 2.924711
5.758707 2.924711
5.768039 2.924771
5.775069 2.924779
5.783722 2.924833
5.792245 2.924836
5.800165 2.924927
5.808126 2.924958
5.816933 2.925030
5.824215 2.925058
5.833434 2.925119
5.840794 2.925112
5.849613 2.925113
5.857035 2.925114
5.865055 2.925167
5.873978 2.925178
5.881452 2.925176
5.889699 2.925219
5.897955 2.925263
5.905960 2.925254
5.914718 2.925255
5.922248 2.925181
5.929943 2.925117
5.939018 2.925053
5.946803 2.925049
5.954441 2.925046
5.963444 2.925120
5.970587 2.925107
5.979627 2.925110
5.987595 2.925085
5.992423 2.925096
5.992423 2.925096
6.001729 2.925040
6.009257 2.925376
6.017491 2.925467
6.025525 2.925456
6.034071 2.925456
6.041951 2.925463
6.050047 2.925531
6.058424 2.925513
6.066648 2.925461
6.074678 2.925359
6.083593 2.925302
6.091521 2.925267
6.099665 2.925241
6.107734 2.925133
6.116554 2.925079
6.124483 2.925024
6.132370 2.924983
6.141361 2.924942
6.148793 2.924955
6.157595 2.925042
6.165314 2.925112
6.173571 2.925076
6.181833 2.925054
6.190741 2.924994
6.198377 2.924980
6.207105 2.924970
6.215069 2.924955
6.222955 2.924944
6.231359 2.924939
6.239646 2.924936
6.248234 2.924949
6.255345 2.924973
6.264337 2.924924
6.272500 2.924944
6.280844 2.924917
6.288922 2.924851
6.297325 2.924826
6.305489 2.924881
6.313677 2.924870
6.321151 2.924832
6.329325 2.924847
6.337181 2.924832
6.346142 2.924804
6.354528 2.924775
6.361895 2.924749
6.370258 2.924736
6.378474 2.924687
6.386609 2.924687
6.394946 2.924660
6.403119 2.924622
6.410920 2.924574
6.419385 2.924546
6.426847 2.924491
6.435122 2.924412
6.443561 2.924359
6.451308 2.924298
6.459770 2.924229
6.467954 2.924123
6.475595 2.924058
6.484612 2.923940
6.492011 2.923867
6.500051 2.923746
6.508682 2.923659
6.516734 2.923522
6.525064 2.923429
6.533453 2.923296
6.541459 2.923176
6.549552 2.923016
6.557267 2.922932
6.566270 2.922988
6.573909 2.922945
6.582670 2.922913
6.590289 2.923072
6.598606 2.923048
6.607141 2.922991
6.615200 2.922977
6.623336 2.922904
6.631550 2.922872
6.639702 2.922820
6.648238 2.922751
6.656167 2.922787
6.664640 2.922794
6.672377 2.922751
6.680963 2.922698
6.689267 2.922627
6.696835 2.922589
6.704968 2.922514
6.714055 2.922464
6.722524 2.922477
6.730712 2.922596
6.738843 2.922618
6.746669 2.922608
6.754777 2.922659
6.763302 2.922647
6.771643 2.922621
6.779468 2.922616
6.787623 2.922631
6.795753 2.922663
6.804353 2.922600
6.812342 2.922608
6.820413 2.922666
6.828046 2.922652
6.836512 2.922669
6.844615 2.922668
6.853148 2.922677
6.861012 2.922667
6.869361 2.922667
6.876908 2.922661
6.885239 2.922656
6.893410 2.922623
6.902006 2.922590
6.909838 2.922545
6.917695 2.922498
6.925960 2.922443
6.934376 2.922403
6.942394 2.922369
6.950494 2.922311
6.958055 2.922276
6.966352 2.922206
6.974812 2.922086
6.982782 2.922412
6.991442 2.922462
6.998741 2.922490
7.007209 2.922494
7.015202 2.922478
7.023618 2.922492
7.031690 2.922514
7.039624 2.922518
7.048446 2.922490
7.056793 2.922477
7.064396 2.922476
7.072594 2.922435
7.080778 2.922402
7.089561 2.922353
7.096962 2.922362
7.105703 2.922286
7.114357 2.922282
7.121987 2.922285
7.130293 2.922312
7.138610 2.922243
7.146832 2.922235
7.155686 2.922157
7.163018 2.922132
7.172189 2.922075
7.180356 2.922081
7.187671 2.922039
7.196578 2.922141
7.204142 2.922177
7.213105 2.922222
7.221467 2.922254
7.229665 2.922284
7.237696 2.922263
7.245759 2.922313
7.253473 2.922337
7.262477 2.922386
7.270581 2.922419
7.278125 2.922472
7.287122 2.922532
7.294369 2.922543
7.303209 2.922623
7.310777 2.922642
7.318697 2.922654
7.327645 2.922671
7.335785 2.922692
7.343899 2.922687
7.351951 2.922701
7.359828 2.922685
7.368058 2.922680
7.376158 2.922618
7.383860 2.922657
7.392696 2.922660
7.400824 2.922655
7.408635 2.922606
7.416512 2.922602
7.424304 2.922531
7.432918 2.922560
7.440599 2.922580
7.449176 2.922595
7.457046 2.922521
7.465393 2.922489
7.473263 2.922442
7.481947 2.922411
7.489667 2.922423
7.497804 2.922441
7.506363 2.922390
7.514334 2.922371
7.522737 2.922284
7.530818 2.922269
7.539182 2.922227
7.546612 2.922181
7.555438 2.922121
7.563200 2.922116
7.571941 2.922061
7.579487 2.922017
7.588276 2.921949
7.595675 2.921966
7.603627 2.921917
7.612321 2.921955
7.621174 2.921943
7.628680 2.921943
7.637225 2.921957
7.645798 2.921953
7.653943 2.921952
7.661935 2.921937
7.670377 2.921903
7.678320 2.921862
7.686425 2.921886
7.694967 2.921885
7.703125 2.921870
7.708110 2.921801
7.708110 2.921800
7.708110 2.921800
7.708110 2.921800
7.708110 2.921800
7.708109 2.921801
7.708109 2.921801
7.708109 2.921801
7.708109 2.921801
7.708109 2.921801
7.708109 2.921801
7.708110 2.921800
7.708110 2.921800
7.708110 2.921800
7.708110 2.921800
7.708110 2.921800
7.708110 2.921800
7.716409 2.921780
7.724523 2.921701
7.733273 2.921748
7.741856 2.921671
7.749588 2.921692
7.757713 2.921640
7.765960 2.921681
7.774624 2.921618
7.782643 2.921585
7.790563 2.921545
7.798392 2.921543
7.806901 2.921494
7.815053 2.921410
7.823188 2.921378
7.831515 2.921374
7.839756 2.921339
7.847550 2.921298
7.856329 2.921279
7.864118 2.921265
7.872002 2.921341
7.880615 2.921359
7.887808 2.921373
7.896519 2.921368
7.905059 2.921352
7.913169 2.921332
7.920966 2.921321
7.928564 2.921304
7.937302 2.921268
7.945491 2.921221
7.953836 2.921205
7.961896 2.921166
7.970237 2.921127
7.978327 2.921085
7.986115 2.921189
7.994564 2.921176
8.002542 2.921156
8.010195 2.921122
8.018641 2.921155
8.026674 2.921253
8.035157 2.921289
8.043507 2.921244
8.050914 2.921274
8.059301 2.921299
8.067245 2.921328
8.075822 2.921327
8.084348 2.921347
8.092392 2.921342
8.100669 2.921400
8.108727 2.921381
8.117356 2.921418
8.125531 2.921381
8.133237 2.921459
8.141174 2.921515
8.150135 2.921540
8.158564 2.921604
8.166656 2.921707
8.174970 2.921716
8.182783 2.921736
8.191583 2.921753
8.199325 2.921795
8.207989 2.921802
8.215622 2.921761
8.224284 2.921775
8.231723 2.921758
8.240193 2.921762
8.248559 2.921711
8.256621 2.921725
8.265209 2.921697
8.273019 2.921749
8.281437 2.921743
8.290250 2.921784
8.298023 2.921787
8.306321 2.921782
8.314150 2.921777
8.322611 2.921821
8.330488 2.921794
8.338387 2.921792
8.346517 2.921770
8.355481 2.921760
8.363140 2.921711
8.371360 2.921682
8.379657 2.921640
8.387703 2.921629
8.395642 2.921596
8.403247 2.921626
8.411753 2.921587
8.420302 2.921582
8.428180 2.921548
8.436275 2.921525
8.444578 2.921491
8.452609 2.921487
8.460653 2.921458
8.468458 2.921441
8.476841 2.921391
8.484382 2.921360
8.493046 2.921440
8.501317 2.921433
8.508706 2.921406
8.516998 2.921402
8.525397 2.921369
8.533459 2.921366
8.541560 2.921360
8.549851 2.921334
8.557790 2.921323
8.566607 2.921336
8.574389 2.921404
8.582763 2.921368
8.590653 2.921387
8.599670 2.921408
8.607693 2.921369
8.614425 2.921359
8.624486 2.921704
8.631772 2.921814
8.640776 2.921863
8.648391 2.921887
8.657252 2.921957
8.664954 2.921987
8.673737 2.922037
8.681515 2.922130
8.690022 2.922217
8.698596 2.922256
8.706608 2.922269
8.714254 2.922348
8.722961 2.922447
8.731502 2.922456
8.739242 2.922557
8.747650 2.922563
8.756262 2.922658
8.764212 2.922636
8.772577 2.922693
8.780264 2.922702
8.788533 2.922730
8.796627 2.922721
8.805105 2.922738
8.813442 2.922720
8.820835 2.922711
8.829679 2.922667
8.837639 2.922659
8.845928 2.922634
8.853524 2.922598
8.861905 2.922632
8.870265 2.922631
8.878526 2.922687
8.885979 2.922660
8.894381 2.922666
8.902471 2.922671
8.911129 2.922668
8.919290 2.922642
8.927218 2.922618
8.935311 2.922581
8.943349 2.922540
8.951225 2.922492
8.958941 2.922426
8.967766 2.922388
8.975761 2.922375
8.982429 2.922344
8.991994 2.922284
8.999796 2.922254
9.008293 2.922206
9.016302 2.922259
9.024585 2.922205
9.032494 2.922187
9.041105 2.922168
9.048631 2.922143
9.056874 2.922088
9.064641 2.922082
9.073724 2.922035
9.081758 2.921997
9.089837 2.921943
9.098294 2.921947
9.106181 2.921883
9.114882 2.921880
9.122732 2.921811
9.131234 2.921898
9.139365 2.921869
9.147173 2.921871
9.155505 2.921813
9.163650 2.921816
9.171852 2.921806
9.180658 2.921855
9.188987 2.921918
9.196574 2.921942
9.205033 2.921977
9.213236 2.922006
9.221896 2.922016
9.230029 2.922057
9.238407 2.922022
9.246201 2.922052
9.254566 2.922037
9.263215 2.922060
9.270780 2.922044
9.279215 2.922046
9.287682 2.922063
9.295884 2.922078
9.304133 2.922067
9.311617 2.922050
9.320183 2.922077
9.328650 2.922065
9.336223 2.922076
9.344417 2.922063
9.353004 2.922037
9.360674 2.922003
9.369190 2.922006
9.376817 2.921980
9.385530 2.921952
9.392899 2.921883
9.401290 2.921897
9.409636 2.921870
9.418054 2.921839
9.425750 2.921809
9.434104 2.921920
9.442111 2.921904
9.450155 2.921915
9.458278 2.921919
9.466968 2.921950
9.474901 2.921936
9.482367 2.921942
9.490953 2.921921
9.498616 2.921926
9.506989 2.921887
9.515434 2.921869
9.523578 2.921819
9.531643 2.921824
9.539794 2.921770
9.547468 2.921770
9.556355 2.921744
9.564553 2.921736
9.572681 2.921662
9.579307 2.921721
9.589225 2.921753
9.597273 2.921745
9.604991 2.921710
9.613611 2.921876
9.621675 2.921949
9.630023 2.921965
9.637872 2.921971
9.646505 2.921983
9.654237 2.921999
9.662672 2.921978
9.670806 2.921975
9.670937 2.921903
9.670953 2.921880
9.670969 2.921859
9.670982 2.921840
9.670999 2.921818
9.671015 2.921796
9.671031 2.921774
9.671046 2.921752
9.679061 2.921724
9.686970 2.921756
9.695243 2.921726
9.703883 2.921748
9.711922 2.921729
9.720636 2.921749
9.728244 2.921686
9.736959 2.921711
9.745509 2.921725
9.753337 2.921732
9.761757 2.921681
9.769788 2.921708
9.778327 2.921631
9.785695 2.921659
9.794173 2.921703
9.802558 2.921748
9.810950 2.921753
9.819179 2.921773
9.826884 2.921763
9.834868 2.921788
9.843076 2.921746
9.851405 2.921758
9.859353 2.921759
9.867931 2.921736
9.875805 2.921691
9.883998 2.921698
9.892149 2.921664
9.900167 2.921647
9.908159 2.921594
9.908219 2.921615
9.915588 2.921579
9.924491 2.921522
9.933180 2.921486
9.940558 2.921427
9.948595 2.921410
9.957359 2.921372
9.965371 2.921351
9.973425 2.921312
9.980986 2.921295
9.989506 2.921275
9.998133 2.921249
10.005435 2.921221
10.014100 2.921195
10.022432 2.921205
10.030487 2.921267
10.038884 2.921607
10.047025 2.921746
10.055199 2.921787
10.063121 2.921746
10.070888 2.921789
10.079808 2.921813
10.088034 2.921852
10.095850 2.921833
10.104192 2.921900
10.112574 2.921945
10.120097 2.922033
10.128809 2.922038
10.136798 2.922105
10.145193 2.922121
10.153415 2.922170
10.161799 2.922240
10.169824 2.922376
10.177958 2.922422
10.186440 2.922510
10.194324 2.922556
10.202714 2.922652
10.210854 2.922731
10.218997 2.922804
10.227284 2.922860
10.235866 2.922948
10.244144 2.922966
10.251790 2.923034
10.260689 2.923061
10.268877 2.923127
10.276958 2.923105
10.284789 2.923155
10.293030 2.923159
10.301694 2.923148
10.308791 2.923129
10.317770 2.923122
10.325591 2.923102
10.334306 2.923053
10.341801 2.923020
10.350258 2.922968
10.357916 2.922917
10.366693 2.922863
10.374563 2.922811
10.382969 2.922696
10.390865 2.922629
10.398919 2.922568
10.407363 2.922467
10.415503 2.922338
10.423515 2.922334
10.431703 2.922307
10.439837 2.922245
10.447987 2.922161
10.455840 2.922118
10.464265 2.922033
10.470653 2.921959
10.480475 2.921980
10.488090 2.921953
10.495998 2.921898
10.504115 2.921843
10.512842 2.921774
10.520970 2.921787
10.529314 2.921768
10.536805 2.921727
10.545280 2.921666
10.552842 2.921668
10.561584 2.921668
10.569933 2.921712
10.578280 2.921754
10.586094 2.921766
10.594349 2.921771
10.602952 2.921818
10.610665 2.921788
10.619228 2.921824
10.626978 2.921778
10.635517 2.921773
10.643298 2.921765
10.651905 2.921746
10.660645 2.921812
10.668128 2.921864
10.676373 2.921879
10.685102 2.921871
10.693420 2.921915
10.701058 2.922030
10.709369 2.922045
10.718162 2.922038
10.725758 2.922028
10.734591 2.922031
10.742224 2.922008
10.750778 2.921931
10.759228 2.921947
10.767068 2.921918
10.775685 2.921928
10.783337 2.921819
10.791839 2.921845
10.799761 2.921827
10.808276 2.921789
10.816536 2.921769
10.824869 2.921746
10.833105 2.921674
10.840592 2.921629
10.849305 2.921599
10.856959 2.921582
10.864960 2.921543
10.873479 2.921469
10.881648 2.921430
10.889906 2.921396
10.897900 2.921402
10.905831 2.921377
10.913926 2.921346
10.921732 2.921370
10.930016 2.921327
10.938370 2.921303
10.946869 2.921279
10.954403 2.921290
10.962314 2.921264
10.970818 2.921253
10.979289 2.921240
10.987423 2.921218
10.995429 2.921188
11.001266 2.921171
11.011683 2.921138
11.019878 2.921130
11.027170 2.921138
11.035806 2.921185
11.043837 2.921157
11.052487 2.921231
11.060740 2.921368
11.068952 2.921409
11.076687 2.921437
11.085130 2.921458
11.093223 2.921483
11.100818 2.921500
11.109347 2.921517
11.117887 2.921516
11.126211 2.921562
11.134491 2.921586
11.142841 2.921594
11.150808 2.921599
11.159368 2.921649
11.167257 2.921661
11.175724 2.921657
11.183901 2.921670
11.192149 2.921688
11.200154 2.921681
11.208902 2.921734
11.216984 2.921750
11.224752 2.921772
11.233220 2.921777
11.241595 2.921747
11.249575 2.921753
11.257768 2.921741
11.266201 2.921845
11.273906 2.921838
11.282760 2.921826
11.290746 2.921880
11.299238 2.921893
11.307403 2.921915
11.315557 2.921938
11.323225 2.921943
11.331110 2.921930
11.340123 2.921967
11.348066 2.921993
11.356110 2.922002
11.364509 2.922004
11.371857 2.922021
11.380539 2.922027
11.388556 2.921977
11.396894 2.921947
11.404907 2.921921
11.413276 2.921868
11.420917 2.921827
11.429325 2.921792
11.437142 2.921877
11.444911 2.921843
11.453338 2.921825
11.461673 2.921804
11.469725 2.921793
11.477916 2.921744
11.485855 2.921706
11.493898 2.921651
11.502122 2.921628
11.509915 2.921562
11.518725 2.921511
11.526278 2.921442
11.534754 2.921406
11.543111 2.921346
11.551185 2.921317
11.559011 2.921269
11.567321 2.921332
11.575695 2.921273
11.583871 2.921342
11.591482 2.921342
11.600328 2.921343
11.608549 2.921309
11.616591 2.921340
11.625039 2.921358
11.632978 2.921376
11.641167 2.921377
11.649577 2.921410
11.657204 2.921508
11.665249 2.921537
11.674392 2.921566
11.682314 2.921624
11.690789 2.921640
11.698864 2.921642
11.707162 2.921673
11.715486 2.921680
11.723346 2.921690
11.731086 2.921702
11.739783 2.921764
11.748576 2.921783
11.756800 2.921776
11.764195 2.921813
11.773033 2.921841
11.781222 2.921845
11.789250 2.921839
11.797527 2.921831
11.805809 2.921842
11.813408 2.921766
11.821534 2.921709
11.830201 2.921669
11.838282 2.921710
11.846853 2.921715
11.854815 2.921752
11.862988 2.921769
11.871076 2.921778
11.879070 2.921740
11.886918 2.921756
11.895350 2.921710
11.903244 2.921695
11.911292 2.921644
11.918982 2.921607
11.927803 2.921562
11.934867 2.921543
11.943215 2.921500
11.951414 2.921474
11.959682 2.921417
11.967641 2.921395
11.976468 2.921309
11.984488 2.921293
11.992434 2.921241
12.000797 2.921214
12.008836 2.921157
12.017205 2.921152
12.024278 2.921124
12.032676 2.921086
12.041579 2.921054
12.049344 2.921043
12.057820 2.921026
12.065887 2.921093
12.074145 2.921227
12.082300 2.921207
12.089600 2.921227
12.097893 2.921177
12.106250 2.921162
12.114710 2.921118
12.122561 2.921141
12.131606 2.921102
12.139600 2.921108
12.147340 2.921195
12.156074 2.921238
12.164029 2.921299
12.172577 2.921358
12.180448 2.921367
12.188347 2.921435
12.196414 2.921477
12.205250 2.921548
12.213262 2.921550
12.221652 2.921594
12.230037 2.921588
12.237798 2.921643
12.246839 2.921670
12.254716 2.921696
12.263194 2.921690
12.271106 2.921749
12.278653 2.921736
12.287813 2.921771
12.295394 2.921765
12.304076 2.921796
12.312283 2.921778
12.319706 2.921744
12.328257 2.921750
12.335841 2.921742
12.344658 2.921723
12.352334 2.921695
12.360660 2.921728
12.369417 2.921752
12.377517 2.921764
12.385156 2.921776
12.393097 2.921824
12.400990 2.921818
12.410096 2.921828
12.417220 2.921794
12.425880 2.921813
12.434423 2.921779
12.442426 2.921744
12.449731 2.921707
12.457903 2.921695
12.466813 2.921618
12.474083 2.921574
12.482304 2.921520
12.490373 2.921478
12.498874 2.921407
12.506684 2.921369
12.514624 2.921308
12.522988 2.921275
12.531755 2.921220
12.539487 2.921180
12.547977 2.921129
12.556178 2.921123
12.564520 2.921077
12.572536 2.921054
12.580267 2.921021
12.588661 2.921010
12.596445 2.921067
12.605127 2.921097
12.613517 2.921048
12.621464 2.921052
12.629301 2.921046
12.637609 2.921063
12.646319 2.921060
12.654702 2.921149
12.661951 2.921177
12.670644 2.921219
12.679237 2.921235
12.687468 2.921237
12.695381 2.921249
12.704043 2.921266
12.712440 2.921280
12.720299 2.921289
12.728451 2.921324
12.736321 2.921359
12.744639 2.921408
12.753060 2.921485
12.761756 2.921559
12.769387 2.921567
12.777143 2.921658
12.786417 2.921723
12.793638 2.921790
12.802393 2.921858
12.810105 2.921917
12.819166 2.922173
12.827026 2.922232
12.835430 2.922319
12.843426 2.922432
12.851857 2.922464
12.859229 2.922538
12.867517 2.922555
12.876307 2.922603
12.884282 2.922616
12.891570 2.922620
12.899913 2.922608
12.908675 2.922632
12.916294 2.922612
12.924500 2.922602
12.933120 2.922568
12.941213 2.922544
12.949011 2.922503
12.957554 2.922457
12.965253 2.922415
12.973271 2.922354
12.981091 2.922293
12.989629 2.922224
12.997581 2.922180
13.006337 2.922081
13.013416 2.922019
13.022009 2.921962
13.030468 2.922075
13.038692 2.922177
13.046667 2.922141
13.054273 2.922127
13.062589 2.922079
13.070597 2.922031
13.079588 2.921987
13.087558 2.922081
13.095305 2.922064
13.103634 2.922456
13.111872 2.922552
13.120252 2.922610
13.127623 2.922692
13.136814 2.922736
13.144986 2.922772
13.153203 2.922838
13.161575 2.922886
13.169260 2.922915
13.177671 2.922948
13.185565 2.922980
13.193774 2.922989
13.201842 2.923014
13.210796 2.923018
13.218940 2.923040
13.227015 2.923015
13.235439 2.923117
13.243800 2.923113
13.251025 2.923126
13.259462 2.923134
13.267648 2.923146
13.276426 2.923082
13.283969 2.923102
13.292459 2.923127
13.300818 2.923220
13.309399 2.923180
13.317499 2.923190
13.325508 2.923201
13.333960 2.923190
13.341381 2.923152
13.349404 2.923130
13.358255 2.923092
13.366644 2.923037
13.374453 2.922988
13.381856 2.922936
13.390821 2.922895
13.398351 2.922808
13.407166 2.922735
13.414754 2.922673
13.423200 2.922622
13.431224 2.922530
13.439355 2.922450
13.447544 2.922357
13.454810 2.922288
13.462914 2.922181
13.471410 2.922077
13.479095 2.921990
13.488111 2.922004
13.496352 2.921905
13.504486 2.921859
13.512773 2.921752
13.520622 2.921775
13.528360 2.921701
13.537190 2.921682
13.545285 2.921641
13.553188 2.921594
13.561355 2.921540
13.569125 2.921549
13.577551 2.921610
13.585500 2.921578
13.593543 2.921553
13.601981 2.921573
13.610096 2.921515
13.618855 2.921577
13.626392 2.921578
13.634844 2.921604
13.642998 2.921555
13.650976 2.921576
13.659664 2.921583
13.667650 2.921678
13.676535 2.921694
13.684543 2.921730
13.692763 2.921770
13.701342 2.921795
13.709101 2.921806
13.717479 2.921841
13.725354 2.921894
13.734187 2.921923
13.742108 2.921950
13.750485 2.921984
13.758057 2.922024
13.766930 2.922019
13.774975 2.922078
13.782782 2.922116
13.790820 2.922145
13.799796 2.922170
13.807645 2.922231
13.815752 2.922256
13.823751 2.922269
13.831649 2.922247
13.840063 2.922287
13.848536 2.922254
13.856233 2.922237
13.864575 2.922192
13.873084 2.922204
13.880804 2.922121
13.888862 2.922108
13.897635 2.922041
13.905375 2.922071
13.912989 2.921998
13.921872 2.921975
13.929913 2.921912
13.938139 2.921904
13.946141 2.921833
13.953593 2.921807
13.962729 2.921777
13.970226 2.921775
13.978790 2.921710
13.986981 2.921691
13.994263 2.921657
14.002397 2.921619
14.010958 2.921550
14.019001 2.921515
14.026710 2.921501
14.035494 2.921459
14.043982 2.921407
14.051909 2.921393
14.059337 2.921384
14.068401 2.921394
14.075822 2.921373
14.084141 2.921348
14.092890 2.921318
14.100179 2.921288
14.109291 2.921266
14.117317 2.921257
14.124858 2.921333
14.133085 2.921471
14.142144 2.921624
14.150336 2.921686
14.158452 2.921731
14.166935 2.921751
14.175023 2.921818
14.183361 2.921859
14.191594 2.921903
14.199436 2.921890
14.207233 2.921962
14.215589 2.921973
14.224495 2.921991
14.231821 2.921990
14.240024 2.922037
14.248418 2.922016
14.257388 2.922027
14.265336 2.922015
14.272894 2.922048
14.280965 2.922003
14.289243 2.921994
14.298282 2.921968
14.305962 2.922019
14.314867 2.921994
14.322879 2.922024
14.323009 2.922041
14.323009 2.922041
14.323009 2.922041
14.323009 2.922041
14.323009 2.922041
14.323009 2.922041
14.323010 2.922041
14.323010 2.922041
14.323010 2.922041
14.323010 2.922041
14.323010 2.922042
14.323010 2.922042
14.323010 2.922042
14.323010 2.922042
14.323011 2.922042
14.323011 2.922042
14.323011 2.922042
14.323011 2.922042
14.323011 2.922042
14.323011 2.922042
14.323011 2.922042
14.323011 2.922042
14.323012 2.922042
14.323012 2.922042
14.323012 2.922043
14.323012 2.922043
14.323012 2.922043
14.323012 2.922043
14.323012 2.922043
14.323012 2.922043
14.323013 2.922043
14.323013 2.922043
14.323013 2.922043
14.323013 2.922044
14.323013 2.922043
14.323013 2.922044
14.323013 2.922044
14.323014 2.922044
14.323014 2.922044
14.323014 2.922044
14.323014 2.922044
14.323014 2.922044
14.323014 2.922044
14.323014 2.922044
14.323014 2.922044
14.323015 2.922044
14.323015 2.922044
14.323015 2.922044
14.323015 2.922044
14.323015 2.922044
14.323015 2.922045
14.323015 2.922045
14.328813 2.922040
14.338226 2.922035
14.345011 2.922011
14.353774 2.921977
14.361623 2.921953
14.369862 2.921885
14.378061 2.921855
14.386358 2.921795
14.394641 2.921734
14.402386 2.921666
14.410478 2.921594
14.418440 2.921494
14.426572 2.921423
14.434821 2.921326
14.443327 2.921210
14.450624 2.921107
14.459289 2.920993
14.467810 2.920882
14.475427 2.920750
14.483247 2.920650
14.492090 2.920544
14.500155 2.920438
14.508371 2.920318
14.516038 2.920229
14.524243 2.920152
14.532535 2.920058
14.540261 2.919960
14.549295 2.919864
14.557103 2.919807
14.558158 2.919815
14.558173 2.919837
14.558191 2.919860
14.558207 2.919881
14.558226 2.919906
14.558242 2.919929
14.558261 2.919954
14.558277 2.919976
14.558293 2.919997
14.558311 2.920022
14.558328 2.920043
14.558345 2.920067
14.558362 2.920090
14.558380 2.920114
14.558396 2.920136
14.558412 2.920156
14.558431 2.920182
14.558447 2.920204
14.558466 2.920229
14.558480 2.920248
14.558497 2.920272
14.558517 2.920297
14.558532 2.920318
14.558550 2.920342
14.558567 2.920366
14.558583 2.920388
14.558601 2.920411
14.558619 2.920434
14.558634 2.920455
14.558651 2.920478
14.558671 2.920504
14.558687 2.920527
14.558703 2.920548
14.558721 2.920572
14.558738 2.920595
14.558756 2.920618
14.558773 2.920642
14.558790 2.920664
14.558806 2.920686
14.558824 2.920709
14.558841 2.920732
14.558858 2.920756
14.558875 2.920778
14.558891 2.920800
14.558908 2.920824
14.558927 2.920848
14.558943 2.920870
14.558962 2.920894
14.558978 2.920916
14.558994 2.920939
14.559011 2.920961
14.559029 2.920985
14.559047 2.921009
14.559063 2.921030
14.559081 2.921055
14.559098 2.921078
14.559115 2.921101
14.559132 2.921123
14.559148 2.921145
14.559166 2.921169
14.559182 2.921190
14.559200 2.921214
14.559216 2.921236
14.559235 2.921261
14.559252 2.921284
14.559269 2.921307
14.559285 2.921329
14.559302 2.921352
14.559320 2.921376
14.559338 2.921399
14.559355 2.921422
14.559372 2.921445
14.559387 2.921466
14.559406 2.921491
14.559423 2.921514
14.559440 2.921536
14.559457 2.921560
14.559474 2.921582
14.559491 2.921605
14.559509 2.921629
14.559526 2.921652
14.559543 2.921674
14.559560 2.921696
14.559577 2.921721
14.559595 2.921744
14.559609 2.921764
14.559628 2.921788
14.559645 2.921811
14.559663 2.921835
14.559680 2.921858
14.559697 2.921881
14.559714 2.921904
14.559731 2.921927
14.559748 2.921949
14.559767 2.921974
14.559781 2.921993
14.559799 2.922017
14.559817 2.922042
14.559834 2.922064
14.559852 2.922088
14.559868 2.922110
14.559886 2.922134
14.559902 2.922156
14.559919 2.922179
14.559937 2.922202
14.559953 2.922224
14.559972 2.922250
14.559989 2.922273
14.561971 2.922263
14.570964 2.922190
14.577366 2.922094
14.585373 2.922009
14.593003 2.921933
14.601566 2.921839
14.610701 2.921719
14.617820 2.921657
14.626866 2.921570
14.635225 2.921496
14.643423 2.921376
14.651383 2.921307
14.659095 2.921250
14.667401 2.921187
14.675894 2.921090
14.684069 2.921029
14.692047 2.920983
14.700599 2.920928
14.708476 2.920854
14.716371 2.920819
14.725083 2.920758
14.733629 2.920685
14.741385 2.920620
14.749539 2.920567
14.757937 2.920487
14.766373 2.920344
14.775038 2.920249
14.783236 2.920133
14.791087 2.920021
14.798862 2.919914
14.800702 2.919919
14.800702 2.919919
14.800702 2.919919
14.800702 2.919920
14.800702 2.919920
14.800702 2.919921
14.800703 2.919920
14.800702 2.919921
14.800702 2.919921
14.800703 2.919922
14.800703 2.919922
14.800703 2.919922
14.800703 2.919923
14.800703 2.919923
14.800703 2.919923
14.800703 2.919924
14.800703 2.919924
14.800704 2.919924
14.800704 2.919925
14.800704 2.919925
14.800704 2.919925
14.800704 2.919925
14.800704 2.919926
14.800704 2.919926
14.800704 2.919926
14.800705 2.919927
14.800704 2.919928
14.800705 2.919927
14.800705 2.919928
14.800705 2.919928
14.800705 2.919928
14.800705 2.919929
14.800705 2.919929
14.800705 2.919930
14.800706 2.919930
14.800706 2.919930
14.800706 2.919930
14.800706 2.919931
14.800706 2.919931
14.800706 2.919932
14.800707 2.919931
14.800707 2.919932
14.800707 2.919932
14.800707 2.919933
14.800707 2.919933
14.800707 2.919933
14.800707 2.919934
14.800706 2.919934
14.800708 2.919934
14.800708 2.919934
14.800708 2.919935
14.800708 2.919935
14.800708 2.919935
14.800708 2.919936
14.800708 2.919936
14.800709 2.919936
14.800709 2.919937
14.800709 2.919937
14.800709 2.919937
14.800709 2.919938
14.800709 2.919938
14.800709 2.919939
14.800709 2.919939
14.804572 2.919812
14.813982 2.919616
14.822037 2.919480
14.829921 2.919263
14.837891 2.919081
14.846730 2.918996
14.847818 2.919181
14.847818 2.919181
14.847818 2.919180
14.847818 2.919180
14.847818 2.919179
14.847818 2.919179
14.847818 2.919179
14.847818 2.919179
14.847818 2.919179
14.847818 2.919179
14.847818 2.919179
14.847818 2.919179
14.847818 2.919179
14.847818 2.919178
14.847818 2.919179
14.847818 2.919179
14.847818 2.919178
14.847818 2.919179
14.847818 2.919178
14.847818 2.919178
14.847818 2.919178
14.847818 2.919178
14.847817 2.919178
14.847818 2.919178
14.847817 2.919178
14.847817 2.919178
14.847817 2.919178
14.847817 2.919178
14.847817 2.919178
14.847817 2.919178
14.847817 2.919178
14.847817 2.919178
14.847817 2.919178
14.847817 2.919177
14.847817 2.919177
14.847817 2.919178
14.847817 2.919177
14.847817 2.919177
14.847817 2.919177
14.847817 2.919177
14.847817 2.919177
14.847817 2.919177
14.847817 2.919177
14.847817 2.919177
14.847817 2.919177
14.847817 2.919176
14.847816 2.919177
14.847817 2.919176
14.847816 2.919177
14.847816 2.919177
14.847816 2.919176
14.847816 2.919176
14.847816 2.919176
14.847816 2.919176
14.847816 2.919176
14.847816 2.919176
14.847816 2.919176
14.847816 2.919176
14.847816 2.919175
14.847816 2.919176
14.847816 2.919176
14.847816 2.919175
14.847816 2.919175
14.847816 2.919175
14.847816 2.919175
14.847816 2.919175
14.847816 2.919175
14.847816 2.919174
14.847816 2.919174
14.847816 2.919174
14.847816 2.919175
14.847816 2.919174
14.847816 2.919174
14.847816 2.919174
14.847816 2.919174
14.847816 2.919174
14.847816 2.919174
14.847816 2.919174
14.847816 2.919173
14.847815 2.919174
14.847815 2.919174
14.847815 2.919173
14.847815 2.919173
14.847815 2.919173
14.847815 2.919173
14.847815 2.919173
14.847815 2.919173
14.847815 2.919173
14.847815 2.919173
14.847815 2.919173
14.847815 2.919173
14.847815 2.919173
14.847815 2.919172
14.847815 2.919173
14.847815 2.919173
14.847815 2.919172
14.847815 2.919172
14.847815 2.919172
14.847814 2.919172
14.847815 2.919172
14.847814 2.919171
14.847814 2.919172
14.847814 2.919172
14.847814 2.919172
14.847814 2.919171
14.847814 2.919171
14.847814 2.919172
14.847814 2.919171
14.847814 2.919171
14.847814 2.919171
14.847814 2.919171
14.847814 2.919170
14.847813 2.919171
14.847813 2.919171
14.847813 2.919170
14.847813 2.919171
14.847813 2.919170
14.847813 2.919171
14.847813 2.919170
14.847813 2.919170
14.847813 2.919170
14.847813 2.919170
14.847813 2.919170
14.847813 2.919169
14.847813 2.919170
14.847813 2.919169
14.847813 2.919170
14.847813 2.919170
14.847813 2.919170
14.847813 2.919169
14.847813 2.919169
14.847812 2.919169
14.847812 2.919169
14.847812 2.919169
14.847812 2.919168
14.847812 2.919168
14.847812 2.919169
14.857846 2.918517
14.865140 2.918382
14.873555 2.918025
14.881937 2.917698
14.890631 2.917342
14.898445 2.917041
14.906518 2.916707
14.914182 2.916613
14.922972 2.916401
14.931010 2.916295
14.938670 2.915735
14.947671 2.915010
14.955275 2.914723
14.963681 2.914579
14.971215 2.914723
14.978866 2.914423
14.986910 2.914150
14.994441 2.913929
15.003061 2.913480
15.010386 2.913010
15.019213 2.911948
15.027846 2.911154
15.035174 2.910698
15.043203 2.910196
15.050825 2.908343
15.059708 2.905729
15.068737 2.902891
15.076225 2.901437
15.084679 2.899972
15.092432 2.897729
15.100887 2.895800
15.108468 2.894103
15.116638 2.892336
15.124738 2.890913
15.133962 2.888911
15.141168 2.887533
15.149905 2.885932
15.157813 2.884295
15.165981 2.882688
15.172941 2.881344
15.181980 2.878966
15.189287 2.876867
15.197164 2.874274
15.205011 2.871628
15.213970 2.868569
15.221896 2.865999
15.229416 2.863937
15.236625 2.862019
15.244857 2.858798
15.252905 2.855320
15.260126 2.852360
15.268476 2.849054
15.275537 2.846122
15.283779 2.842790
15.291991 2.839560
15.299777 2.836227
15.307339 2.833247
15.314749 2.830225
15.322403 2.827097
15.330944 2.823570
15.337812 2.820671
15.346447 2.816977
15.353711 2.813830
15.361358 2.810509
15.368422 2.807569
15.375344 2.804451
15.382247 2.801262
15.389165 2.798104
15.396337 2.794877
15.402750 2.792276
15.407992 2.789863
15.414254 2.786957
15.420453 2.784092
15.424970 2.782194
15.425252 2.781510
15.425900 2.781559
15.425798 2.781471
15.425756 2.781491
15.425741 2.781425
15.425395 2.781199
15.425111 2.781075
15.424577 2.780858
