17.500366 18.500000
17.500366 18.500000
17.500366 18.500000
17.500366 18.500000
17.500366 18.500000
17.500366 18.500000
17.500366 18.500000
17.500366 18.500000
17.500366 18.500000
17.500366 18.500000
17.500366 18.500000
17.500366 18.500000
17.500366 18.500000
17.500366 18.500000
17.500366 18.500000
17.500366 18.499998
17.500366 18.499998
17.500366 18.499998
17.500366 18.499998
17.500366 18.499998
17.500366 18.499998
17.500366 18.499998
17.500366 18.499998
17.500366 18.499998
17.500366 18.499998
17.500366 18.499998
17.500366 18.499998
17.500366 18.499998
17.500366 18.499998
17.500366 18.499998
17.500366 18.499998
17.500366 18.499998
17.500366 18.499998
17.500366 18.499998
17.500366 18.499998
17.500366 18.499998
17.500366 18.499998
17.500366 18.499998
17.500366 18.499998
17.500366 18.499998
17.500366 18.499998
17.500366 18.499998
17.500366 18.499998
17.500366 18.499998
17.500366 18.499998
17.500366 18.499998
17.500366 18.499998
17.500483 18.491575
17.500814 18.480684
17.500723 18.469658
17.500692 18.459393
17.500572 18.448805
17.500423 18.437794
17.500317 18.427101
17.500183 18.416410
17.500042 18.405931
17.500034 18.404377
17.499950 18.395601
17.499828 18.384804
17.499702 18.374327
17.499584 18.363531
17.499489 18.352734
17.499386 18.342152
17.499289 18.331676
17.499199 18.320883
17.499111 18.310194
17.499050 18.299725
17.499008 18.288717
17.498945 18.278244
17.498917 18.267559
17.498913 18.256763
17.498890 18.245863
17.498913 18.235390
17.498936 18.224701
17.498960 18.213905
17.499006 18.203646
17.499054 18.192846
17.499138 18.182154
17.499214 18.171358
17.499277 18.160879
17.499378 18.150187
17.499491 18.139387
17.499578 18.128908
17.499737 18.117737
17.499861 18.106819
17.499874 18.096210
17.499952 18.085611
17.500011 18.074818
17.499998 18.064734
17.499981 18.055855
17.500013 18.042963
17.500038 18.032495
17.500017 18.021893
17.500095 18.010439
17.500265 17.999762
17.500156 17.989725
17.500149 17.988022
17.499943 17.979290
17.499781 17.968925
17.499514 17.958111
17.499187 17.947401
17.498833 17.936651
17.498447 17.925898
17.498045 17.915314
17.497496 17.904932
17.497000 17.894232
17.496538 17.883299
17.495979 17.872520
17.495472 17.862003
17.495041 17.851412
17.494516 17.840815
17.494024 17.829693
17.493244 17.818897
17.492617 17.807907
17.492205 17.797756
17.491302 17.786909
17.490412 17.775885
17.489515 17.765207
17.488586 17.755085
17.487799 17.746391
17.486637 17.733459
17.485888 17.723478
17.484886 17.712843
17.484009 17.701612
17.483444 17.691164
17.483072 17.681244
17.483128 17.679758
17.481955 17.670668
17.480728 17.660118
17.479393 17.649548
17.478069 17.639002
17.476761 17.628639
17.475412 17.617905
17.473862 17.607067
17.472271 17.596567
17.470564 17.586283
17.468931 17.575720
17.467220 17.565025
17.465551 17.554499
17.463726 17.544083
17.461517 17.533484
17.459703 17.523209
17.457951 17.513210
17.456089 17.502604
17.454124 17.491661
17.452299 17.481441
17.450748 17.472784
17.448477 17.460215
17.446522 17.449427
17.444498 17.439163
17.442211 17.428383
17.440073 17.417744
17.438032 17.407135
17.435961 17.396442
17.433924 17.385958
17.431877 17.375582
17.429667 17.364578
17.427551 17.354002
17.425596 17.344049
17.423405 17.333273
17.421247 17.322483
17.419048 17.311964
17.416796 17.301458
17.414524 17.290827
17.412407 17.280323
17.410324 17.269920
17.408157 17.259100
17.406021 17.248940
17.403784 17.238600
17.401461 17.227966
17.399124 17.217451
17.396957 17.207582
17.394670 17.197100
17.392393 17.186625
17.390108 17.176161
17.387823 17.165707
17.385605 17.155472
17.383295 17.144819
17.381069 17.134583
17.378887 17.124332
17.376623 17.113867
17.374632 17.103909
17.372465 17.093325
17.370367 17.083246
17.368113 17.072550
17.366169 17.062378
17.364237 17.051735
17.362461 17.041311
17.360378 17.030725
17.358347 17.020475
17.356224 17.009785
17.354200 16.999388
17.352087 16.988676
17.349897 16.978048
17.347931 16.967939
17.345936 16.957272
17.343889 16.946390
17.342140 16.936365
17.340260 16.925816
17.338419 16.914917
17.336681 16.904343
17.334946 16.894024
17.333151 16.883030
17.331434 16.872402
17.329592 16.861963
17.327765 16.851223
17.326061 16.840809
17.324291 16.830200
17.322672 16.819374
17.320940 16.808683
17.319183 16.798004
17.317692 16.787491
17.316275 16.777306
17.314812 16.766596
17.313328 16.755684
17.311920 16.745531
17.310289 16.734465
17.308910 16.724335
17.307581 16.713356
17.306370 16.703436
17.305096 16.692345
17.303915 16.681795
17.302698 16.671350
17.301422 16.661018
17.300220 16.650469
17.299036 16.639582
17.297825 16.629007
17.296745 16.618536
17.295803 16.608070
17.294785 16.597792
17.293777 16.586859
17.292828 16.576239
17.292013 16.565510
17.291307 16.554886
17.290760 16.544573
17.290226 16.533838
17.289543 16.522959
17.288576 16.512100
17.287764 16.501759
17.286922 16.491198
17.286062 16.480326
17.285259 16.469553
17.284412 16.459192
17.283503 16.448282
17.282743 16.437908
17.281918 16.427116
17.281080 16.416309
17.280277 16.405699
17.279507 16.395126
17.278772 16.384459
17.278061 16.373571
17.277460 16.362999
17.276772 16.352110
17.276134 16.341640
17.275444 16.330521
17.274769 16.319843
17.274130 16.309689
17.273527 16.298801
17.272963 16.288233
17.272484 16.277370
17.272047 16.266912
17.271626 16.256464
17.271179 16.245785
17.270861 16.235001
17.270540 16.223892
17.270185 16.213430
17.269911 16.202644
17.269634 16.192387
17.269320 16.181147
17.269075 16.170464
17.268860 16.160105
17.268608 16.149197
17.268389 16.138803
17.268274 16.127779
17.268116 16.116972
17.267944 16.106241
17.267811 16.095556
17.267639 16.084858
17.267565 16.074276
17.267542 16.063360
17.267420 16.052652
17.267361 16.042273
17.267263 16.031504
17.267172 16.020695
17.267141 16.010466
17.267050 15.999668
17.267017 15.998163
17.266954 15.989549
17.266851 15.978969
17.266743 15.967862
17.266609 15.957391
17.266521 15.946818
17.266418 15.935618
17.266289 15.925153
17.266167 15.914799
17.266031 15.903694
17.266035 15.902385
17.265881 15.893468
17.265753 15.882476
17.265623 15.872015
17.265490 15.861658
17.265358 15.851091
17.265247 15.839882
17.265144 15.829309
17.265032 15.818531
17.264936 15.808070
17.264927 15.806564
17.264675 15.798062
17.264406 15.786796
17.264040 15.776299
17.263639 15.765912
17.263294 15.754662
17.262966 15.744296
17.262608 15.733699
17.262344 15.722745
17.262114 15.712454
17.262085 15.710698
17.261816 15.701832
17.261539 15.691585
17.261225 15.680506
17.260994 15.670568
17.260708 15.659348
17.260437 15.648553
17.260193 15.638079
17.259943 15.627499
17.259659 15.616489
17.259405 15.605909
17.259144 15.595440
17.258873 15.584429
17.258652 15.573977
17.258402 15.563204
17.258121 15.552602
17.257841 15.541881
17.257568 15.531209
17.257332 15.520224
17.257050 15.509529
17.256798 15.499122
17.256413 15.488648
17.255997 15.477925
17.255526 15.466848
17.255028 15.456714
17.254568 15.448282
17.253773 15.435035
17.253193 15.424308
17.252602 15.413509
17.251993 15.402827
17.251331 15.392253
17.250717 15.381886
17.250038 15.370937
17.249290 15.360261
17.248611 15.349793
17.247997 15.338709
17.247471 15.328565
17.246906 15.317979
17.246365 15.306993
17.245947 15.296211
17.245525 15.285412
17.245132 15.274626
17.244864 15.264263
17.244648 15.253706
17.244507 15.242599
17.244417 15.232027
17.244345 15.221337
17.244188 15.210633
17.244055 15.199941
17.244003 15.189487
17.243765 15.178768
17.243374 15.168062
17.243099 15.157538
17.242912 15.146689
17.242762 15.136058
17.242571 15.125044
17.242250 15.114419
17.241945 15.104753
17.241629 15.095202
17.241291 15.085649
17.240992 15.077278
17.240711 15.068900
17.240404 15.060083
17.240139 15.053616
17.239870 15.047318
17.239611 15.041326
17.239300 15.035035
17.238991 15.028044
17.238623 15.020597
17.238224 15.012402
17.237896 15.005810
17.237595 14.999701
17.237249 14.993397
17.236937 14.987340
17.236593 14.981474
17.236195 14.974314
17.235651 14.964852
17.235273 14.957970
17.234905 14.952099
17.234560 14.945729
17.234165 14.939685
17.233740 14.933443
17.233418 14.927933
17.232796 14.918190
17.232262 14.909500
17.231874 14.903012
17.231445 14.896891
17.231092 14.890886
17.230501 14.880852
17.229670 14.870459
17.229568 14.868054
17.229568 14.868055
17.228741 14.858883
17.227594 14.848325
17.226738 14.839438
17.225927 14.826618
17.225439 14.815933
17.224873 14.805252
17.224405 14.794891
17.223944 14.784319
17.223450 14.773527
17.222969 14.762837
17.222509 14.751838
17.222075 14.741478
17.221685 14.731014
17.221245 14.719911
17.220932 14.711585
17.220551 14.700908
17.220091 14.687883
17.219749 14.677099
17.219376 14.666411
17.219044 14.656270
17.218716 14.644951
17.218441 14.634912
17.218132 14.624125
17.217867 14.613014
17.217545 14.602336
17.217228 14.591653
17.217089 14.583425
17.216730 14.570371
17.216450 14.559897
17.216150 14.548997
17.215860 14.538525
17.215620 14.528076
17.215307 14.517086
17.215075 14.508322
17.214708 14.496032
17.214390 14.485133
17.214096 14.476224
17.213694 14.463833
17.213375 14.452813
17.212975 14.441976
17.212721 14.433427
17.212299 14.420478
17.211958 14.410110
17.211622 14.399529
17.211344 14.390558
17.210953 14.378279
17.210695 14.369522
17.210310 14.357024
17.209938 14.345908
17.209644 14.335121
17.209330 14.324441
17.209044 14.314296
17.208782 14.302972
17.208475 14.292829
17.208216 14.281937
17.207977 14.271349
17.207748 14.260784
17.207520 14.249671
17.207321 14.238978
17.207117 14.228400
17.206951 14.217612
17.206774 14.207452
17.206604 14.196335
17.206493 14.185751
17.206350 14.175378
17.206226 14.164042
17.206135 14.153558
17.206020 14.142744
17.205896 14.132127
17.205879 14.123698
17.205765 14.110738
17.205709 14.101961
17.205603 14.089549
17.205526 14.079063
17.205460 14.067824
17.205400 14.057675
17.205257 14.046724
17.205177 14.036142
17.205080 14.025124
17.204979 14.014534
17.204880 14.003840
17.204788 13.993047
17.204662 13.982335
17.204542 13.971974
17.204426 13.961282
17.204233 13.950171
17.204182 13.939945
17.204037 13.928734
17.203884 13.918704
17.203764 13.907722
17.203613 13.897262
17.203465 13.886271
17.203304 13.875704
17.203140 13.865031
17.202988 13.854679
17.202850 13.843368
17.202686 13.832907
17.202545 13.822557
17.202429 13.811989
17.202272 13.800888
17.202177 13.790319
17.202080 13.779425
17.201962 13.769174
17.201899 13.758282
17.201839 13.747274
17.201792 13.737120
17.201763 13.726110
17.201750 13.715631
17.201738 13.704612
17.201765 13.693910
17.201769 13.683530
17.201799 13.672934
17.201851 13.661903
17.201862 13.651194
17.201944 13.640483
17.201969 13.629860
17.202000 13.619468
17.202087 13.608322
17.202126 13.597720
17.202171 13.587115
17.202238 13.576298
17.202253 13.565379
17.202312 13.554995
17.202328 13.544291
17.202341 13.533271
17.202379 13.522678
17.202360 13.512205
17.202368 13.501200
17.202383 13.490509
17.202326 13.479931
17.202215 13.469435
17.202185 13.458485
17.201998 13.448018
17.201794 13.437538
17.201548 13.427074
17.200924 13.416243
17.200180 13.405094
17.199369 13.394604
17.198303 13.383702
17.197332 13.372939
17.196344 13.362577
17.195202 13.351822
17.194014 13.341221
17.192862 13.330859
17.191587 13.319737
17.190294 13.308961
17.188717 13.298672
17.187042 13.287596
17.185467 13.277447
17.183876 13.266413
17.182129 13.256128
17.180426 13.245528
17.178497 13.234653
17.176811 13.224236
17.175098 13.213817
17.173317 13.203186
17.171644 13.192555
17.169991 13.182361
17.168230 13.171637
17.166531 13.161130
17.164808 13.150636
17.163103 13.140145
17.161505 13.130285
17.159689 13.119171
17.158081 13.109109
17.156305 13.098308
17.154648 13.088131
17.152887 13.077323
17.151213 13.067095
17.149799 13.056656
17.148169 13.045840
17.146364 13.035604
17.144342 13.024540
17.142630 13.014642
17.140465 13.003500
17.138386 12.992897
17.136507 12.982588
17.134544 12.971953
17.132607 12.961630
17.130709 12.951290
17.128685 12.940531
17.126753 12.930189
17.124884 12.919271
17.122747 12.908672
17.121084 12.898017
17.119516 12.887750
17.118015 12.876838
17.116508 12.866685
17.115463 12.858262
17.113817 12.845490
17.112591 12.834632
17.111176 12.823792
17.109747 12.813547
17.108335 12.802762
17.107176 12.794462
17.105490 12.781627
17.103945 12.770852
17.102455 12.760640
17.100828 12.749759
17.099131 12.739133
17.097511 12.729064
17.095881 12.718022
17.094831 12.707283
17.093954 12.697083
17.093067 12.686455
17.092196 12.675929
17.091364 12.665299
17.090551 12.654768
17.089678 12.643394
17.088961 12.633396
17.088171 12.622435
17.087440 12.611794
17.086746 12.601152
17.085960 12.590295
17.085197 12.579539
17.084578 12.569307
17.083843 12.558752
17.083084 12.548177
17.082355 12.537194
17.081776 12.526740
17.081167 12.515858
17.080574 12.505086
17.079975 12.494407
17.079473 12.486193
17.078680 12.473387
17.077988 12.462389
17.077307 12.451929
17.076674 12.441264
17.076012 12.430596
17.075384 12.419818
17.074806 12.409353
17.074205 12.398148
17.073629 12.388032
17.072977 12.377470
17.072336 12.366482
17.071770 12.356017
17.071159 12.345351
17.070572 12.334367
17.070009 12.324023
17.069435 12.313145
17.068933 12.302264
17.068405 12.291601
17.067924 12.281264
17.067446 12.270167
17.066994 12.259498
17.066587 12.249230
17.066166 12.238129
17.065809 12.227556
17.065441 12.217194
17.065109 12.206081
17.064865 12.196029
17.064543 12.185020
17.064241 12.174085
17.063995 12.163275
17.063749 12.153218
17.063534 12.142401
17.063290 12.131373
17.063076 12.120451
17.062908 12.110273
17.062683 12.099243
17.062481 12.088639
17.062279 12.077928
17.062073 12.067115
17.061876 12.056409
17.061682 12.046239
17.061449 12.035109
17.061235 12.024086
17.061039 12.014139
17.060783 12.002700
17.060555 11.992007
17.060314 11.981323
17.060055 11.970858
17.059835 11.960285
17.059572 11.949722
17.059315 11.939052
17.059061 11.928598
17.058800 11.917829
17.058531 11.907289
17.058285 11.896417
17.058022 11.885545
17.057737 11.874888
17.057495 11.864127
17.057274 11.854001
17.057009 11.843026
17.056841 11.834604
17.056541 11.821604
17.056307 11.810835
17.056118 11.800277
17.055902 11.790041
17.055714 11.779052
17.055576 11.768268
17.055538 11.757659
17.055710 11.747195
17.056154 11.736085
17.056267 11.725493
17.056225 11.714999
17.056414 11.703979
17.056894 11.693691
17.057543 11.683080
17.057972 11.671921
17.058365 11.661208
17.058933 11.650465
17.059542 11.639941
17.060282 11.629204
17.061028 11.618236
17.061544 11.607711
17.062096 11.596764
17.062672 11.586143
17.063097 11.575534
17.063629 11.564696
17.064190 11.553770
17.064724 11.543280
17.065247 11.532348
17.065792 11.522003
17.066277 11.511074
17.066809 11.500804
17.067364 11.489592
17.067842 11.479037
17.068293 11.468357
17.068754 11.457490
17.069233 11.446840
17.069679 11.436203
17.070225 11.425581
17.070633 11.415054
17.071001 11.404320
17.071369 11.394225
17.071835 11.383462
17.072077 11.372746
17.072384 11.362023
17.072678 11.351714
17.072964 11.340979
17.073299 11.330137
17.073601 11.319825
17.073925 11.309082
17.074308 11.298122
17.074627 11.287902
17.075024 11.277279
17.075367 11.266088
17.075686 11.255645
17.076044 11.244970
17.076422 11.234178
17.076431 11.224228
17.076715 11.212978
17.077106 11.202168
17.077461 11.191565
17.077852 11.181168
17.078152 11.170506
17.078529 11.159470
17.078917 11.148737
17.079237 11.138321
17.079622 11.127260
17.080015 11.116630
17.080372 11.105883
17.080786 11.095140
17.081171 11.084183
17.081549 11.073340
17.081951 11.062824
17.082314 11.051882
17.082701 11.041481
17.083082 11.030876
17.083406 11.020169
17.083784 11.009039
17.084118 10.998453
17.084419 10.987553
17.084768 10.977093
17.085062 10.966315
17.085339 10.955757
17.085669 10.944996
17.085920 10.934879
17.086197 10.923916
17.086475 10.913490
17.086714 10.902641
17.086958 10.892330
17.087236 10.881168
17.087431 10.871069
17.087677 10.860122
17.087908 10.849384
17.088112 10.839175
17.088356 10.827906
17.088579 10.817475
17.088804 10.806616
17.089022 10.796179
17.089249 10.785418
17.089474 10.775182
17.089752 10.764514
17.089954 10.753724
17.090212 10.742827
17.090477 10.731928
17.090721 10.721548
17.090998 10.711271
17.091261 10.700347
17.091541 10.689632
17.091822 10.678805
17.092123 10.667865
17.092405 10.657136
17.092680 10.646508
17.092999 10.635665
17.093277 10.624718
17.093531 10.614515
17.093849 10.603349
17.094109 10.593042
17.094385 10.582094
17.094639 10.571471
17.094893 10.560748
17.095179 10.549813
17.095406 10.539204
17.095610 10.528277
17.095850 10.517673
17.096046 10.507295
17.096220 10.496281
17.096407 10.485495
17.096527 10.475349
17.096691 10.464672
17.096828 10.454005
17.096935 10.442806
17.097052 10.432788
17.097149 10.421917
17.097216 10.411369
17.097300 10.400618
17.097378 10.389756
17.097435 10.379430
17.097509 10.368249
17.097527 10.359740
17.097580 10.347186
17.097641 10.336432
17.097664 10.325672
17.097729 10.314913
17.097775 10.305001
17.097813 10.293590
17.097881 10.283455
17.097963 10.272679
17.098022 10.262112
17.098097 10.251115
17.098209 10.240535
17.098314 10.229630
17.098412 10.219040
17.098530 10.208230
17.098644 10.197844
17.098806 10.187346
17.098949 10.175985
17.099089 10.165373
17.099241 10.155187
17.099422 10.143817
17.099602 10.133525
17.099762 10.122240
17.099943 10.112158
17.100460 10.101274
17.100950 10.090636
17.101452 10.079464
17.102053 10.068459
17.102604 10.058249
17.103329 10.047080
17.104065 10.036675
17.104834 10.025627
17.105534 10.014816
17.106106 10.004356
17.106655 9.994161
17.107275 9.982853
17.107826 9.972313
17.108521 9.961420
17.109118 9.951090
17.109694 9.940341
17.110298 9.929820
17.110912 9.918981
17.111469 9.908470
17.112076 9.897870
17.112635 9.887471
17.113218 9.876863
17.113796 9.866363
17.114359 9.855649
17.114920 9.845255
17.115524 9.834427
17.116095 9.823605
17.116653 9.813308
17.117262 9.802582
17.117813 9.792059
17.118402 9.781316
17.119034 9.770251
17.119614 9.759598
17.120216 9.749477
17.120825 9.738591
17.121466 9.727595
17.122089 9.717020
17.122698 9.706482
17.123489 9.695887
17.124641 9.684945
17.125475 9.674432
17.126404 9.663490
17.127579 9.652533
17.128767 9.642241
17.129879 9.631660
17.130802 9.621146
17.131824 9.610189
17.132883 9.599356
17.133915 9.588634
17.134995 9.578006
17.136034 9.566956
17.137007 9.556359
17.138004 9.545752
17.139023 9.534945
17.139992 9.524584
17.140774 9.515606
17.141951 9.502897
17.142910 9.491976
17.143789 9.481746
17.144766 9.470572
17.145658 9.460049
17.146564 9.449319
17.147459 9.438923
17.148304 9.428529
17.149208 9.417829
17.150070 9.407347
17.150896 9.396972
17.151709 9.388288
17.152910 9.375389
17.153755 9.364901
17.154758 9.354336
17.156055 9.343436
17.157242 9.333608
17.158358 9.322511
17.159428 9.312076
17.160557 9.301417
17.161694 9.290643
17.162817 9.280500
17.164007 9.269843
17.165136 9.259469
17.166426 9.248452
17.167639 9.237954
17.168844 9.227878
17.170160 9.216565
17.171467 9.205923
17.172703 9.195696
17.174068 9.184498
17.175339 9.174254
17.176636 9.163784
17.178062 9.152457
17.179302 9.142403
17.180670 9.131486
17.182022 9.120676
17.183397 9.109653
17.184679 9.099375
17.185976 9.088667
17.187344 9.077648
17.188662 9.066952
17.189894 9.056692
17.191221 9.045904
17.192511 9.035122
17.193802 9.024141
17.195086 9.013904
17.196331 9.003270
17.197550 8.992315
17.198753 8.981915
17.199947 8.970984
17.201031 8.961023
17.202215 8.949802
17.203310 8.939874
17.204645 8.928936
17.206032 8.918078
17.207327 8.907828
17.208752 8.897163
17.210011 8.886631
17.211277 8.876114
17.212570 8.865386
17.213806 8.855274
17.215076 8.844946
17.216396 8.834119
17.217722 8.823607
17.219044 8.812875
17.220358 8.802453
17.221722 8.791709
17.223011 8.781371
17.224348 8.770919
17.225727 8.760141
17.226807 8.751563
17.228386 8.739069
17.229731 8.728477
17.231058 8.717848
17.232450 8.707430
17.234200 8.696922
17.235752 8.686148
17.237276 8.675182
17.238745 8.664516
17.240294 8.654378
17.242105 8.643404
17.243866 8.632827
17.245430 8.622415
17.246935 8.611297
17.248442 8.600817
17.250040 8.589809
17.251623 8.579024
17.253113 8.568990
17.254759 8.557788
17.256413 8.547278
17.258081 8.536654
17.259731 8.526154
17.261395 8.515869
17.262886 8.506242
17.264864 8.495776
17.266680 8.485398
17.268414 8.474557
17.270096 8.464136
17.271885 8.453505
17.273720 8.443084
17.275499 8.432809
17.277401 8.421738
17.279095 8.411904
17.280943 8.401153
17.282749 8.390735
17.284485 8.380305
17.286261 8.369773
17.288006 8.359776
17.289845 8.348942
17.291662 8.338420
17.293407 8.328414
17.295271 8.317564
17.297089 8.307016
17.298800 8.297087
17.300619 8.286627
17.302505 8.275728
17.304565 8.265370
17.306557 8.254678
17.308527 8.244077
17.310865 8.233561
17.313065 8.223451
17.315235 8.212667
17.317270 8.202449
17.319145 8.191783
17.321239 8.181012
17.323309 8.170550
17.325382 8.159889
17.327417 8.149501
17.329573 8.138686
17.331554 8.128613
17.333735 8.117579
17.335770 8.107290
17.337454 8.098590
17.339909 8.086295
17.342060 8.075181
17.344025 8.065012
17.346178 8.054118
17.348471 8.043355
17.350567 8.032814
17.352613 8.022510
17.354845 8.011882
17.357000 8.001454
17.359276 7.991049
17.361361 7.980451
17.363520 7.969813
17.365774 7.959304
17.368002 7.949019
17.370295 7.938334
17.372461 7.928283
17.374672 7.917925
17.376963 7.907275
17.378963 7.898026
17.381119 7.887976
17.383375 7.877334
17.385540 7.867324
17.387756 7.856678
17.389927 7.846465
17.392286 7.836398
17.394894 7.825531
17.397274 7.815147
17.399538 7.805162
17.401920 7.794749
17.404272 7.784280
17.406221 7.775888
17.409046 7.763639
17.411482 7.752914
17.413618 7.743786
17.416071 7.733657
17.418720 7.723175
17.421659 7.712374
17.424469 7.701878
17.427290 7.691162
17.429932 7.681165
17.432875 7.670210
17.435436 7.660249
17.437822 7.650721
17.440516 7.640277
17.443462 7.629696
17.446098 7.619658
17.449007 7.608677
17.451748 7.598212
17.454493 7.587806
17.457161 7.577599
17.460135 7.566988
17.462908 7.556625
17.465509 7.546746
17.468376 7.536379
17.471067 7.526526
17.474070 7.515786
17.476946 7.505366
17.479679 7.495632
17.482573 7.485271
17.485540 7.474652
17.488306 7.464608
17.490995 7.454788
17.493658 7.444965
17.496363 7.435216
17.499359 7.424669
17.502062 7.415119
17.505121 7.404408
17.507833 7.394952
17.510677 7.385307
17.513660 7.375109
17.516710 7.364774
17.519642 7.354903
17.522482 7.345380
17.525127 7.336539
17.528070 7.326651
17.531586 7.316468
17.534979 7.306254
17.538248 7.296145
17.541189 7.286773
17.544559 7.276720
17.547848 7.266471
17.551199 7.256147
17.554491 7.245971
17.558023 7.235541
17.560955 7.226658
17.564678 7.216237
17.568047 7.206485
17.571838 7.196132
17.575125 7.186602
17.578732 7.176197
17.582277 7.166095
17.585733 7.156087
17.589344 7.145790
17.592569 7.136557
17.596096 7.126452
17.599796 7.115970
17.603233 7.106080
17.606840 7.096010
17.610558 7.085888
17.614374 7.075232
17.617809 7.065691
17.621586 7.055186
17.625269 7.045047
17.628496 7.036271
17.632114 7.026439
17.635857 7.016317
17.639738 7.006403
17.643539 6.996439
17.647451 6.986196
17.650949 6.977156
17.654713 6.967424
17.658409 6.957933
17.662222 6.948060
17.666010 6.938397
17.669703 6.929013
17.673477 6.919641
17.677410 6.909789
17.681587 6.899349
17.685410 6.889811
17.689411 6.880121
17.693512 6.870314
17.697788 6.860117
17.701097 6.852171
17.705809 6.841017
17.710129 6.830863
17.714298 6.820919
17.718605 6.810955
17.722731 6.801211
17.726814 6.791529
17.731186 6.781360
17.735548 6.771323
17.739735 6.761557
17.744022 6.751761
17.748301 6.741909
17.752655 6.731854
17.756592 6.722878
17.760969 6.713150
17.765499 6.703146
17.769951 6.693314
17.774275 6.683760
17.778893 6.673420
17.783224 6.664132
17.787830 6.654164
17.792425 6.644097
17.797052 6.634221
17.801477 6.625067
17.806301 6.614764
17.810770 6.605297
17.815493 6.595440
17.819981 6.586003
17.824543 6.576555
17.829395 6.566552
17.833967 6.557245
17.838697 6.547556
17.843330 6.537951
17.848024 6.528486
17.852911 6.518661
17.857639 6.509240
17.862570 6.499445
17.867266 6.490215
17.872141 6.480636
17.876841 6.471443
17.881725 6.461984
17.886553 6.452507
17.891623 6.442555
17.896444 6.433185
17.901093 6.424102
17.905954 6.414725
17.910889 6.405142
17.915716 6.395775
17.920719 6.386112
17.925764 6.376306
17.930672 6.366769
17.935562 6.357285
17.940437 6.347693
17.945162 6.338448
17.950029 6.329087
17.955105 6.319279
17.958853 6.311923
17.964766 6.300462
17.969704 6.290848
17.974648 6.281100
17.979548 6.271570
17.984520 6.261831
17.989250 6.252448
17.994026 6.242967
17.998703 6.233594
18.003624 6.223987
18.008614 6.214234
18.013496 6.204673
18.018425 6.195004
18.023426 6.185278
18.027973 6.176209
18.032724 6.166821
18.037655 6.157100
18.042353 6.147712
18.047344 6.137750
18.051651 6.129105
18.056263 6.119503
18.060741 6.110403
18.065718 6.100486
18.070463 6.091053
18.075264 6.081540
18.080242 6.071756
18.084827 6.062836
18.089609 6.053321
18.094259 6.044114
18.099020 6.034691
18.103609 6.025504
18.108128 6.016118
18.112623 6.006678
18.117363 5.996749
18.121668 5.987628
18.126301 5.977829
18.130953 5.968033
18.135292 5.958807
18.139776 5.949217
18.144400 5.939404
18.148754 5.929968
18.153210 5.920211
18.157509 5.910653
18.161886 5.900539
18.166084 5.891140
18.170130 5.881503
18.174328 5.871592
18.178516 5.861589
18.182331 5.852214
18.186190 5.842210
18.189779 5.832766
18.193750 5.822400
18.197493 5.812088
18.201286 5.802574
18.205013 5.792292
18.208454 5.782468
18.212057 5.772039
18.215601 5.763111
18.218359 5.752924
18.221827 5.742858
18.225275 5.732619
18.228529 5.723046
18.231783 5.712387
18.234976 5.702415
18.238474 5.691767
18.241760 5.681633
18.245045 5.671696
18.248358 5.661410
18.251482 5.651374
18.254993 5.641146
18.258173 5.630748
18.260870 5.620785
18.263502 5.611208
18.266178 5.600691
18.268803 5.590296
18.271955 5.581072
18.274599 5.571731
18.276255 5.561856
18.278240 5.551563
18.280146 5.541154
18.282036 5.530832
18.284195 5.521668
18.285620 5.511438
18.287140 5.501372
18.288668 5.490870
18.290237 5.480655
18.291851 5.471076
18.292692 5.462636
18.294516 5.449967
18.295874 5.439975
18.297434 5.429560
18.298939 5.419843
18.300299 5.409408
18.301771 5.398874
18.303017 5.388646
18.304113 5.377913
18.305290 5.367293
18.306555 5.356902
18.307861 5.346401
18.308939 5.335825
18.310120 5.325312
18.311333 5.314703
18.312675 5.303717
18.313793 5.293272
18.314951 5.282750
18.316204 5.271924
18.317446 5.261112
18.318682 5.250508
18.319948 5.239480
18.321148 5.228995
18.322392 5.218263
18.323528 5.207686
18.324697 5.196913
18.325819 5.186363
18.326921 5.175925
18.327993 5.165286
18.329010 5.154557
18.329992 5.143718
18.330935 5.133462
18.331892 5.122765
18.332714 5.112408
18.333496 5.101285
18.334164 5.092938
18.335016 5.080246
18.335716 5.069446
18.336245 5.059405
18.336855 5.048826
18.337423 5.038137
18.338024 5.027441
18.338636 5.016643
18.339100 5.008282
18.339613 4.995568
18.339930 4.985066
18.340382 4.974556
18.340841 4.963706
18.341259 4.953496
18.341757 4.942631
18.342220 4.931963
18.342659 4.921083
18.343056 4.910830
18.343401 4.899925
18.343884 4.889229
18.344358 4.878531
18.344770 4.867385
18.345167 4.856981
18.345594 4.846024
18.346029 4.835610
18.346432 4.824882
18.346878 4.814032
18.347292 4.802973
18.347635 4.792872
18.348076 4.781807
18.348448 4.770957
18.348814 4.760098
18.349197 4.749250
18.349539 4.738631
18.349876 4.728012
18.350231 4.717288
18.350521 4.706783
18.350842 4.695966
18.351126 4.685689
18.351410 4.674343
18.351681 4.663869
18.351896 4.653296
18.352167 4.642401
18.352364 4.631630
18.352554 4.620861
18.352724 4.610309
18.352890 4.599870
18.353069 4.588890
18.353197 4.578670
18.353329 4.567709
18.353462 4.557172
18.353575 4.546965
18.353689 4.535685
18.353785 4.525586
18.353880 4.515053
18.353996 4.503876
18.354086 4.493445
18.354179 4.482805
18.354296 4.472044
18.354389 4.461481
18.354477 4.451137
18.354630 4.440155
18.354734 4.429585
18.354851 4.418793
18.354988 4.407807
18.355097 4.397119
18.355234 4.386411
18.355400 4.376132
18.355536 4.365204
18.355684 4.354389
18.355848 4.343559
18.355993 4.333470
18.356167 4.322214
18.356321 4.311369
18.356478 4.301057
18.356638 4.290432
18.356768 4.279593
18.356932 4.268852
18.357101 4.257801
18.357189 4.249327
18.357340 4.236671
18.357456 4.225525
18.357773 4.216041
18.358879 4.204921
18.359737 4.194442
18.360615 4.183877
18.361279 4.175116
18.361980 4.162271
18.362337 4.151597
18.362970 4.140537
18.363867 4.129627
18.365015 4.119366
18.366184 4.108636
18.367348 4.097997
18.368505 4.087641
18.369619 4.076774
18.370029 4.065917
18.369644 4.055374
18.369160 4.044931
18.368641 4.034025
18.368053 4.023449
18.367397 4.012659
18.366714 4.002255
18.365906 3.991698
18.365234 3.980792
18.364658 3.969798
18.364218 3.959780
18.363503 3.949295
18.362488 3.938415
18.361446 3.927279
18.360462 3.916712
18.359589 3.906372
18.358681 3.897378
18.357483 3.884654
18.356451 3.873983
18.355274 3.863635
18.354015 3.852621
18.352858 3.842019
18.351467 3.831398
18.350180 3.821092
18.348696 3.810145
18.347311 3.799560
18.345778 3.788860
18.344511 3.778611
18.343214 3.768027
18.341684 3.757130
18.340338 3.748880
18.338146 3.736032
18.336096 3.725919
18.333952 3.715175
18.331581 3.704701
18.329487 3.694363
18.327278 3.683557
18.324944 3.673099
18.322353 3.662351
18.320589 3.654281
18.317644 3.641415
18.315046 3.630959
18.312347 3.620482
18.309919 3.607889
18.306999 3.595627
18.303598 3.584600
18.301035 3.574796
18.298161 3.564470
18.295242 3.554217
18.292307 3.543065
18.289358 3.530186
18.286694 3.518032
18.284731 3.505134
18.282923 3.493156
18.281113 3.480310
18.278885 3.467761
18.275154 3.456699
18.271406 3.446695
18.270111 3.434813
18.268206 3.423895
18.266405 3.415075
18.265520 3.406090
18.264936 3.396644
18.264091 3.385951
18.263447 3.376026
18.262566 3.365072
18.261293 3.355185
18.261072 3.345243
18.260830 3.333918
18.260431 3.323667
18.259850 3.314588
18.259417 3.304481
18.259130 3.293440
18.258724 3.283151
18.258326 3.271875
18.257910 3.262193
18.257534 3.252390
18.257343 3.242870
18.257069 3.234300
18.257010 3.225731
18.256775 3.217411
18.256557 3.209022
18.256372 3.201693
18.256193 3.194056
18.256021 3.186930
18.255806 3.179414
18.255337 3.172202
18.254988 3.164630
18.254450 3.158372
18.253828 3.152006
18.254135 3.145671
18.254322 3.139671
18.254208 3.133527
18.253778 3.127257
18.253216 3.121136
18.253242 3.114765
18.253311 3.108654
18.253489 3.102218
