2.000366 18.000000
2.000366 18.000000
2.000366 18.000000
2.000366 18.000000
2.000366 18.000000
2.000366 18.000000
2.000366 18.000000
2.000366 18.000000
2.000366 18.000000
2.000366 18.000000
2.000366 18.000000
2.000366 18.000000
2.000366 18.000000
2.000366 18.000000
2.000366 18.000000
2.000366 18.000000
2.000366 17.999998
2.000366 17.999998
2.000366 17.999998
2.000366 17.999998
2.000366 17.999998
2.000366 17.999998
2.000366 17.999998
2.000366 17.999998
2.000366 17.999998
2.000366 17.999998
2.000366 17.999998
2.000366 17.999998
2.000366 17.999998
2.000366 17.999998
2.000366 17.999998
2.000366 17.999998
2.000366 17.999998
2.000366 17.999998
2.000366 17.999998
2.000366 17.999998
2.000366 17.999998
2.000366 17.999998
2.000366 17.999998
2.000366 17.999998
2.000366 17.999998
2.000366 17.999998
2.000366 17.999998
2.000366 17.999998
2.000366 17.999998
2.000366 17.999998
2.000366 17.999998
2.000601 17.991608
2.000984 17.980703
2.000900 17.969797
2.000783 17.959425
2.000624 17.948841
2.000453 17.937723
2.000332 17.927135
2.000125 17.916410
1.999967 17.905903
1.999804 17.904354
1.999634 17.895458
1.999597 17.884665
1.999609 17.874191
1.999667 17.863285
1.999819 17.852602
1.999846 17.844358
1.999991 17.831226
2.000126 17.820763
2.000327 17.810085
2.000639 17.799618
2.001124 17.788628
2.001338 17.778151
2.001538 17.767473
2.001795 17.756685
2.002080 17.745781
2.002370 17.735275
2.002638 17.724583
2.002965 17.713875
2.003239 17.703018
2.003243 17.701738
2.003571 17.693058
2.003910 17.682364
2.004153 17.671564
2.004509 17.661060
2.004896 17.650280
2.005285 17.639797
2.005646 17.628677
2.005957 17.617720
2.006337 17.607075
2.006777 17.596468
2.007274 17.585554
2.007423 17.577536
2.007743 17.564369
2.008114 17.556131
2.008623 17.542849
2.008907 17.532806
2.009248 17.521482
2.009557 17.511133
2.009813 17.500767
2.010123 17.489756
2.010419 17.478743
2.010612 17.468401
2.010851 17.457527
2.011084 17.446957
2.011302 17.436171
2.011488 17.425707
2.011632 17.414764
2.011805 17.404972
2.012371 17.395073
2.013261 17.384094
2.014196 17.373240
2.014654 17.362915
2.015062 17.352381
2.015376 17.341833
2.015731 17.330750
2.016104 17.319984
2.016401 17.310160
2.016594 17.301102
2.017017 17.290562
2.017466 17.279562
2.017902 17.268894
2.018334 17.258644
2.018576 17.249882
2.019023 17.236843
2.019350 17.226582
2.019646 17.215876
2.019800 17.204638
2.019852 17.193941
2.020022 17.183678
2.020127 17.182056
2.020316 17.172844
2.020587 17.162128
2.020633 17.151209
2.020661 17.140835
2.020727 17.130354
2.020987 17.119448
2.021562 17.108397
2.021825 17.098679
2.022235 17.088459
2.022532 17.077778
2.022665 17.066978
2.022762 17.056284
2.022761 17.045595
2.022857 17.034807
2.022893 17.024227
2.022953 17.013975
2.022990 17.003189
2.023014 16.994642
2.023006 16.981691
2.022959 16.970783
2.022896 16.960226
2.022800 16.949333
2.022699 16.938967
2.022563 16.930500
2.022348 16.917358
2.022165 16.906670
2.021923 16.895874
2.021717 16.885284
2.021509 16.874777
2.021455 16.863613
2.021456 16.852875
2.021480 16.842880
2.021498 16.831959
2.021418 16.821062
2.021331 16.810490
2.021300 16.799801
2.021182 16.789000
2.021224 16.778332
2.021296 16.767788
2.021337 16.757219
2.021470 16.746418
2.021570 16.735809
2.021698 16.724922
2.021721 16.714111
2.021663 16.703310
2.021596 16.693150
2.021665 16.682329
2.021620 16.671530
2.021521 16.660732
2.021476 16.650143
2.021482 16.639545
2.021449 16.628529
2.021432 16.617926
2.021428 16.607128
2.021392 16.596874
2.021367 16.585974
2.021289 16.575632
2.021194 16.564638
2.021152 16.554167
2.021090 16.543270
2.020981 16.532585
2.020903 16.521793
2.020774 16.511324
2.020628 16.500422
2.020503 16.489729
2.020315 16.479454
2.020186 16.468143
2.020029 16.457773
2.019795 16.447083
2.019664 16.436178
2.019447 16.425909
2.019187 16.415222
2.018975 16.404053
2.018798 16.393358
2.018708 16.382988
2.018627 16.371878
2.018539 16.363335
2.018372 16.350622
2.018232 16.339941
2.018252 16.338629
2.018142 16.329838
2.018070 16.318930
2.017977 16.308130
2.017853 16.297375
2.017806 16.286787
2.017735 16.276522
2.017617 16.265762
2.017560 16.255171
2.017494 16.244478
2.017418 16.233276
2.017355 16.223051
2.017305 16.211935
2.017289 16.201674
2.017260 16.190668
2.017246 16.179874
2.017251 16.171646
2.017238 16.158932
2.017238 16.148241
2.017286 16.137236
2.017280 16.126553
2.017282 16.115973
2.017299 16.105394
2.017321 16.094721
2.017345 16.084038
2.017257 16.073359
2.017181 16.062555
2.017226 16.052078
2.017556 16.041466
2.017933 16.030764
2.017910 16.028938
2.018121 16.020479
2.018559 16.009584
2.018792 15.998910
2.019075 15.988033
2.019423 15.977256
2.019748 15.966915
2.020043 15.956038
2.020412 15.945675
2.020757 15.934891
2.021064 15.924129
2.021377 15.913600
2.021732 15.902938
2.022022 15.892376
2.022337 15.881485
2.022678 15.870710
2.022981 15.860046
2.023328 15.849594
2.023672 15.838504
2.024009 15.827845
2.024358 15.817820
2.024703 15.806831
2.025063 15.796272
2.025377 15.787735
2.025855 15.774918
2.026206 15.764466
2.026629 15.753793
2.027048 15.743009
2.027476 15.731891
2.027917 15.721419
2.027967 15.719988
2.028327 15.711501
2.028836 15.700278
2.029311 15.689576
2.029730 15.679203
2.030219 15.668626
2.030680 15.657929
2.031170 15.646909
2.031708 15.636090
2.032151 15.625402
2.032628 15.614718
2.033119 15.604011
2.033562 15.593414
2.034065 15.582502
2.034508 15.571804
2.034938 15.561430
2.035394 15.550627
2.035823 15.539825
2.036240 15.529563
2.036676 15.518340
2.036714 15.517174
2.037025 15.508518
2.037429 15.497948
2.037820 15.486840
2.038144 15.476156
2.038487 15.465802
2.038829 15.454594
2.039136 15.444136
2.039420 15.433784
2.039709 15.422683
2.039991 15.412116
2.040256 15.401530
2.040495 15.390962
2.040727 15.380502
2.040950 15.369328
2.041168 15.359179
2.041343 15.350637
2.041629 15.337399
2.041855 15.326615
2.042017 15.318074
2.042288 15.305686
2.042516 15.295005
2.042742 15.283793
2.043019 15.273323
2.043215 15.262961
2.043468 15.251742
2.043736 15.241484
2.043977 15.230803
2.044240 15.219903
2.044523 15.209427
2.044829 15.198498
2.045132 15.187580
2.045382 15.177531
2.045614 15.168654
2.045957 15.156251
2.046271 15.144917
2.046547 15.134225
2.046856 15.123748
2.047121 15.113163
2.047423 15.102150
2.047715 15.091568
2.047908 15.083017
2.048230 15.070411
2.048486 15.059615
2.048700 15.048820
2.048948 15.038238
2.049174 15.027550
2.049387 15.016862
2.049587 15.005965
2.049759 14.995173
2.049945 14.984808
2.050117 14.974326
2.050249 14.963203
2.050393 14.952412
2.050509 14.942266
2.050576 14.933394
2.050689 14.920573
2.050776 14.909885
2.050842 14.899090
2.050890 14.888392
2.050945 14.877809
2.050984 14.867438
2.051017 14.856425
2.051055 14.845721
2.051064 14.834908
2.051107 14.824413
2.051194 14.813692
2.051213 14.805246
2.051251 14.792310
2.051318 14.781507
2.051358 14.770704
2.051398 14.760106
2.051475 14.749522
2.051532 14.738512
2.051615 14.727818
2.051687 14.717237
2.051757 14.706543
2.051844 14.695834
2.051914 14.685343
2.052008 14.674657
2.052119 14.663976
2.052241 14.653298
2.052356 14.642828
2.052505 14.632037
2.052606 14.621463
2.052745 14.610465
2.052899 14.599680
2.053009 14.588997
2.053147 14.578316
2.053267 14.567526
2.053369 14.557499
2.053529 14.546193
2.053615 14.535618
2.053700 14.525040
2.053790 14.514250
2.053825 14.503779
2.053891 14.492879
2.053919 14.482406
2.053919 14.471504
2.053952 14.460923
2.053940 14.450232
2.053924 14.439751
2.053914 14.428738
2.053851 14.418258
2.053816 14.407346
2.053772 14.396651
2.053679 14.385844
2.053632 14.375145
2.053584 14.364984
2.053485 14.353858
2.053433 14.343479
2.053371 14.332671
2.053284 14.321766
2.053234 14.311391
2.053176 14.300374
2.053123 14.289680
2.053094 14.279091
2.053050 14.268717
2.053021 14.257810
2.053024 14.247438
2.052982 14.236322
2.052992 14.225740
2.052999 14.216977
2.053026 14.204366
2.053075 14.195605
2.053130 14.182780
2.053164 14.172311
2.053238 14.161415
2.053278 14.150843
2.053384 14.140492
2.053471 14.131744
2.053533 14.119036
2.053627 14.108459
2.053738 14.097687
2.053802 14.087228
2.053888 14.076015
2.053941 14.067802
2.054033 14.055200
2.054120 14.044114
2.054159 14.033332
2.054218 14.022647
2.054243 14.012498
2.054259 14.001062
2.054271 13.991123
2.054281 13.980326
2.054277 13.969218
2.054257 13.958529
2.054250 13.947850
2.054216 13.937047
2.054185 13.926567
2.054105 13.918006
2.054061 13.905170
2.054018 13.894577
2.053917 13.883661
2.053883 13.875103
2.053801 13.862477
2.053700 13.852098
2.053626 13.841190
2.053549 13.830603
2.053464 13.819915
2.053392 13.808897
2.053330 13.798094
2.053275 13.787507
2.053232 13.776598
2.053187 13.766226
2.053145 13.755639
2.053146 13.745054
2.053103 13.736287
2.053106 13.723570
2.053139 13.713095
2.053131 13.701980
2.053166 13.691188
2.053217 13.680506
2.053245 13.670357
2.053327 13.659025
2.053364 13.648874
2.053449 13.637981
2.053526 13.629120
2.053584 13.616843
2.053681 13.605738
2.053767 13.595060
2.053812 13.584487
2.053903 13.574028
2.053956 13.563561
2.054033 13.552451
2.054081 13.541878
2.054088 13.531504
2.054136 13.520170
2.054151 13.509801
2.054149 13.499221
2.054178 13.488333
2.054180 13.477749
2.054156 13.467165
2.054138 13.456485
2.054104 13.445792
2.054070 13.435312
2.054024 13.424083
2.053927 13.413922
2.053889 13.402688
2.053845 13.392422
2.053733 13.381408
2.053679 13.370923
2.053603 13.360117
2.053492 13.349309
2.053426 13.338930
2.053350 13.328229
2.053282 13.317636
2.053217 13.306716
2.053141 13.296124
2.053076 13.285108
2.053028 13.274311
2.052970 13.263833
2.052919 13.253363
2.052920 13.242350
2.052872 13.231446
2.052871 13.221078
2.052899 13.210711
2.052887 13.199917
2.052922 13.188911
2.052952 13.178550
2.052988 13.167974
2.053055 13.156863
2.053084 13.146289
2.053163 13.135396
2.053235 13.125154
2.053262 13.114376
2.053354 13.103271
2.053434 13.093127
2.053477 13.082127
2.053553 13.071662
2.053607 13.060659
2.053663 13.049971
2.053710 13.039609
2.053724 13.029033
2.053771 13.018026
2.053793 13.007341
2.053787 12.996655
2.053810 12.986300
2.053808 12.975717
2.053785 12.964918
2.053764 12.954027
2.053729 12.943012
2.053686 12.932638
2.053639 12.921730
2.053549 12.911362
2.053502 12.900446
2.053445 12.889638
2.053339 12.879048
2.053291 12.868574
2.053206 12.857554
2.053087 12.846853
2.053013 12.836260
2.052932 12.825452
2.052856 12.815288
2.052770 12.804160
2.052700 12.793665
2.052629 12.783183
2.052575 12.772276
2.052505 12.761795
2.052480 12.750660
2.052455 12.742428
2.052409 12.729064
2.052404 12.718589
2.052433 12.707788
2.052411 12.697206
2.052440 12.686735
2.052449 12.675749
2.052473 12.664958
2.052528 12.654704
2.052549 12.644130
2.052625 12.633451
2.052692 12.622238
2.052724 12.611879
2.052796 12.603551
2.052882 12.590202
2.052926 12.579637
2.052993 12.569065
2.053039 12.558277
2.053096 12.547491
2.053159 12.537152
2.053178 12.526586
2.053220 12.515580
2.053235 12.504896
2.053223 12.494210
2.053229 12.483631
2.053222 12.472835
2.053194 12.462570
2.053153 12.451561
2.053125 12.441202
2.053086 12.430186
2.053043 12.419705
2.052940 12.409116
2.052911 12.398537
2.052847 12.387197
2.052743 12.376822
2.052684 12.366553
2.052595 12.355214
2.052479 12.344411
2.052404 12.333925
2.052311 12.323124
2.052215 12.312756
2.052143 12.302173
2.052052 12.291261
2.051980 12.280778
2.051927 12.269977
2.051877 12.258945
2.051814 12.248794
2.051784 12.237899
2.051717 12.226890
2.051709 12.216522
2.051691 12.208076
2.051702 12.195253
2.051726 12.184249
2.051753 12.173353
2.051768 12.163204
2.051832 12.152302
2.051857 12.141726
2.051945 12.131269
2.052015 12.120168
2.052042 12.109808
2.052121 12.098808
2.052195 12.088025
2.052233 12.077878
2.052290 12.066773
2.052332 12.055985
2.052401 12.045736
2.052439 12.035061
2.052448 12.024486
2.052481 12.013801
2.052502 12.002478
2.052487 11.992430
2.052488 11.981745
2.052483 11.970734
2.052452 11.960043
2.052414 11.949352
2.052388 11.938457
2.052336 11.927647
2.052295 11.917379
2.052196 11.906796
2.052162 11.896214
2.052096 11.885197
2.051977 11.874715
2.051908 11.863801
2.051824 11.852996
2.051703 11.842188
2.051657 11.834057
2.051542 11.820787
2.051460 11.810194
2.051395 11.799703
2.051312 11.789006
2.051241 11.778310
2.051172 11.767521
2.051079 11.757055
2.051037 11.745829
2.051019 11.735671
2.050956 11.725086
2.050947 11.714081
2.050971 11.703601
2.050948 11.692914
2.050972 11.681909
2.050983 11.671547
2.051013 11.660649
2.051067 11.649755
2.051087 11.639073
2.051166 11.628716
2.051244 11.617610
2.051280 11.607038
2.051359 11.596684
2.051450 11.585578
2.051497 11.575006
2.051570 11.564646
2.051621 11.553538
2.051680 11.543495
2.051751 11.532496
2.051786 11.521608
2.051830 11.510817
2.051848 11.500772
2.051874 11.490004
2.051923 11.479012
2.051940 11.468446
2.051917 11.457969
2.051904 11.446958
2.051878 11.436706
2.051860 11.425693
2.051855 11.415236
2.051772 11.404012
2.051737 11.394063
2.051681 11.382937
2.051580 11.371918
2.051543 11.361976
2.051479 11.350529
2.051382 11.340471
2.051303 11.329452
2.051213 11.318653
2.051134 11.308180
2.051084 11.297486
2.050999 11.286895
2.050941 11.276302
2.050922 11.265503
2.050837 11.254915
2.050807 11.244010
2.050808 11.233094
2.050759 11.222404
2.050772 11.211717
2.050786 11.201455
2.050778 11.190447
2.050813 11.180082
2.050850 11.168972
2.050888 11.158181
2.050956 11.147599
2.050990 11.137341
2.051077 11.126343
2.051174 11.115562
2.051213 11.104883
2.051301 11.094420
2.051391 11.083314
2.051454 11.072751
2.051526 11.062605
2.051571 11.051710
2.051630 11.041135
2.051700 11.030141
2.051725 11.019351
2.051790 11.008684
2.051816 10.998000
2.051809 10.987420
2.051835 10.976843
2.051862 10.965965
2.051849 10.955605
2.051855 10.944612
2.051828 10.934038
2.051795 10.923451
2.051752 10.912544
2.051668 10.901740
2.051623 10.891257
2.051566 10.880345
2.051464 10.870074
2.051400 10.859160
2.051342 10.848356
2.051237 10.837650
2.051164 10.827058
2.051081 10.816360
2.051007 10.805445
2.050946 10.794750
2.050862 10.784052
2.050794 10.773355
2.050766 10.762771
2.050690 10.751968
2.050654 10.741812
2.050644 10.731013
2.050614 10.720195
2.050627 10.709398
2.050639 10.699137
2.050630 10.688236
2.050673 10.677325
2.050704 10.666964
2.050748 10.656173
2.050807 10.645168
2.050842 10.634908
2.050923 10.624225
2.051012 10.613012
2.051050 10.602546
2.051140 10.591863
2.051231 10.581074
2.051293 10.570392
2.051380 10.559828
2.051430 10.549148
2.051497 10.538468
2.051560 10.528107
2.051599 10.516995
2.051638 10.506525
2.051668 10.495948
2.051665 10.485476
2.051704 10.474468
2.051706 10.463884
2.051681 10.453193
2.051681 10.442504
2.051645 10.431602
2.051614 10.420794
2.051584 10.410316
2.051503 10.399941
2.051476 10.389030
2.051432 10.378441
2.051327 10.367742
2.051262 10.356615
2.051214 10.346025
2.051132 10.335125
2.051067 10.324535
2.050992 10.313837
2.050916 10.303244
2.050879 10.292441
2.050802 10.282282
2.050750 10.273517
2.050734 10.260788
2.050634 10.250002
2.050613 10.239524
2.050598 10.228303
2.050553 10.218148
2.050582 10.207139
2.050599 10.196342
2.050596 10.186084
2.050632 10.174866
2.050685 10.164289
2.050736 10.153392
2.050803 10.142921
2.050837 10.132134
2.050925 10.121879
2.051022 10.111206
2.051065 10.100419
2.051151 10.089525
2.051239 10.078953
2.051306 10.068272
2.051392 10.057268
2.051437 10.047122
2.051500 10.036440
2.051568 10.025652
2.051609 10.014754
2.051654 10.004070
2.051693 9.993278
2.051696 9.982591
2.051730 9.971797
2.051731 9.961640
2.051706 9.950521
2.051707 9.940262
2.051666 9.929356
2.051645 9.918769
2.051612 9.907969
2.051527 9.897168
2.051494 9.886578
2.051441 9.875667
2.051352 9.865087
2.051318 9.854719
2.051264 9.843698
2.051176 9.832900
2.051121 9.822422
2.051039 9.812043
2.050967 9.801347
2.050928 9.790116
2.050840 9.780062
2.050777 9.769154
2.050762 9.758567
2.050662 9.747781
2.050650 9.736971
2.050652 9.726164
2.050604 9.715796
2.050618 9.706708
2.050640 9.694097
2.050635 9.683303
2.050669 9.672511
2.050717 9.661720
2.050762 9.651785
2.050822 9.640353
2.050854 9.630098
2.050936 9.619203
2.051037 9.608843
2.051080 9.597846
2.051163 9.587166
2.051250 9.576380
2.051311 9.565805
2.051389 9.555019
2.051434 9.544658
2.051493 9.534189
2.051562 9.522866
2.051598 9.512288
2.051637 9.502138
2.051674 9.490811
2.051667 9.480553
2.051705 9.469439
2.051702 9.459390
2.051682 9.448592
2.051673 9.437902
2.051634 9.426888
2.051610 9.416407
2.051575 9.405820
2.051485 9.394699
2.051455 9.384322
2.051401 9.373306
2.051296 9.362505
2.051239 9.352020
2.051182 9.341858
2.051089 9.330623
2.051023 9.319916
2.050947 9.309001
2.050869 9.298728
2.050835 9.287824
2.050749 9.277233
2.050680 9.266325
2.050673 9.255739
2.050597 9.245030
2.050563 9.234560
2.050538 9.223878
2.050483 9.213296
2.050506 9.202180
2.050492 9.193629
2.050512 9.181124
2.050543 9.170223
2.050580 9.159863
2.050630 9.149072
2.050699 9.138492
2.050732 9.127698
2.050813 9.116589
2.050916 9.105910
2.050955 9.095444
2.051041 9.084872
2.051129 9.073872
2.051193 9.063297
2.051271 9.052825
2.051310 9.042244
2.051371 9.031346
2.051438 9.020880
2.051477 9.009981
2.051527 8.999083
2.051556 8.988825
2.051559 8.978245
2.051604 8.967772
2.051601 8.956865
2.051583 8.946069
2.051587 8.935385
2.051546 8.927029
2.051522 8.913780
2.051491 8.903194
2.051413 8.892612
2.051394 8.881813
2.051358 8.871437
2.051243 8.860203
2.051191 8.849716
2.051137 8.838697
2.051051 8.828534
2.050977 8.817409
2.050899 8.806711
2.050836 8.798688
2.050795 8.785419
2.050734 8.774920
2.050674 8.764118
2.050664 8.753531
2.050583 8.743054
2.050579 8.731925
2.050571 8.721232
2.050526 8.710650
2.050546 8.699962
2.050561 8.689058
2.050561 8.679013
2.050605 8.667785
2.050655 8.657209
2.050710 8.646420
2.050772 8.635522
2.050806 8.625267
2.050886 8.614478
2.050988 8.603905
2.051038 8.592908
2.051116 8.582332
2.051203 8.571438
2.051286 8.560879
2.051394 8.550211
2.051437 8.539956
2.051498 8.528738
2.051561 8.518486
2.051591 8.508014
2.051634 8.496892
2.051671 8.486642
2.051676 8.475741
2.051718 8.464948
2.051715 8.453936
2.051694 8.443673
2.051695 8.432665
2.051652 8.421971
2.051632 8.411276
2.051605 8.401011
2.051516 8.390532
2.051501 8.379415
2.051459 8.368396
2.051386 8.358143
2.051344 8.347459
2.051287 8.336439
2.051203 8.325954
2.051145 8.314939
2.051068 8.304882
2.050993 8.293543
2.050963 8.283483
2.050884 8.272465
2.050827 8.262092
2.050816 8.251077
2.050763 8.240254
2.050744 8.229563
2.050735 8.218870
2.050694 8.207969
2.050708 8.197707
2.050727 8.186590
2.050726 8.176224
2.050765 8.165752
2.050817 8.154638
2.050872 8.144061
2.050935 8.133163
2.050968 8.122694
2.051060 8.112112
2.051167 8.101217
2.051218 8.090640
2.051305 8.079956
2.051390 8.069274
2.051455 8.058592
2.051545 8.048126
2.051593 8.037547
2.051655 8.026755
2.051723 8.015753
2.051758 8.005069
2.051804 7.994919
2.051845 7.983921
2.051855 7.973351
2.051907 7.962886
2.051901 7.951767
2.051881 7.941291
2.051889 7.930289
2.051857 7.922054
2.051828 7.909437
2.051791 7.898427
2.051727 7.887537
2.051697 7.876839
2.051652 7.866250
2.051552 7.855871
2.051484 7.844959
2.051424 7.834261
2.051328 7.823781
2.051256 7.812763
2.051170 7.802172
2.051091 7.791365
2.051049 7.780777
2.050964 7.770295
2.050904 7.759063
2.050884 7.749012
2.050810 7.737998
2.050791 7.727307
2.050779 7.716613
2.050733 7.705820
2.050748 7.695559
2.050767 7.684442
2.050766 7.673647
2.050801 7.662962
2.050845 7.652279
2.050899 7.641489
2.050977 7.631339
2.051012 7.620652
2.051089 7.609542
2.051190 7.599076
2.051238 7.588183
2.051325 7.578146
2.051375 7.569280
2.051460 7.556463
2.051555 7.545464
2.051596 7.535102
2.051652 7.524312
2.051734 7.513970
2.051790 7.502765
2.051836 7.492508
2.051859 7.481928
2.051864 7.470601
2.051901 7.460449
2.051903 7.449337
2.051895 7.438978
2.051885 7.428181
2.051820 7.417799
2.051816 7.406579
2.051787 7.396313
2.051698 7.385409
2.051677 7.374398
2.051631 7.363809
2.051529 7.353323
2.051466 7.342515
2.051406 7.331925
2.051321 7.321335
2.051254 7.310639
2.051162 7.299621
2.051085 7.289134
2.051040 7.278545
2.050978 7.267510
2.050916 7.257138
2.050895 7.246443
2.050815 7.235431
2.050808 7.224944
2.050792 7.214355
2.050748 7.203347
2.050760 7.192979
2.050774 7.181969
2.050772 7.171496
2.050809 7.161024
2.050848 7.149914
2.050901 7.139229
2.050968 7.128866
2.050997 7.118077
2.051084 7.107291
2.051151 7.098642
2.051234 7.086038
2.051304 7.075043
2.051379 7.064791
2.051446 7.054209
2.051548 7.043535
2.051592 7.032534
2.051648 7.021851
2.051698 7.010940
2.051710 7.000781
2.051760 6.990203
2.051794 6.979418
2.051793 6.968729
2.051836 6.957830
2.051826 6.947032
2.051809 6.936770
2.051798 6.925548
2.051757 6.914862
2.051738 6.904168
2.051707 6.893794
2.051613 6.882996
2.051587 6.872403
2.051543 6.861385
2.051450 6.851329
2.051378 6.840416
2.051312 6.829291
2.051225 6.818484
2.051156 6.808324
2.051056 6.797523
2.050974 6.787043
2.050936 6.775912
2.050850 6.765536
2.050790 6.754414
2.050774 6.743827
2.050719 6.733005
2.050701 6.722848
2.050683 6.711727
2.050632 6.701147
2.050647 6.690564
2.050657 6.679982
2.050676 6.669068
2.050734 6.660307
2.050744 6.647593
2.050795 6.637228
2.050862 6.626331
2.050889 6.615648
2.050974 6.604960
2.051056 6.594485
2.051116 6.583806
2.051177 6.573009
2.051256 6.562219
2.051318 6.551323
2.051408 6.540857
2.051440 6.529951
2.051483 6.519794
2.051548 6.508471
2.051571 6.498322
2.051623 6.487530
2.051648 6.476950
2.051646 6.465942
2.051678 6.455355
2.051666 6.444878
2.051651 6.434081
2.051639 6.423286
2.051601 6.412707
2.051596 6.403723
2.051554 6.391318
2.051457 6.380733
2.051428 6.370036
2.051381 6.358804
2.051285 6.348748
2.051206 6.337624
2.051133 6.326815
2.051040 6.316544
2.050978 6.305847
2.050883 6.295041
2.050803 6.284342
2.050755 6.273647
2.050668 6.262629
2.050604 6.251933
2.050587 6.241239
2.050502 6.230975
2.050485 6.220284
2.050462 6.209804
2.050413 6.198901
2.050430 6.187896
2.050423 6.177114
2.050420 6.166319
2.050457 6.156061
2.050482 6.145592
2.050536 6.134800
2.050604 6.123689
2.050631 6.113007
2.050709 6.102539
2.050802 6.091965
2.050860 6.081177
2.050939 6.070604
2.051013 6.059817
2.051085 6.049250
2.051188 6.038572
2.051234 6.027678
2.051291 6.017104
2.051360 6.006420
2.051394 5.995735
2.051450 5.985051
2.051478 5.974473
2.051484 5.963785
2.051532 5.952991
2.051530 5.942307
2.051526 5.931941
2.051521 5.920718
2.051472 5.910562
2.051470 5.899654
2.051429 5.888642
2.051345 5.877948
2.051316 5.867572
2.051275 5.856450
2.051179 5.846075
2.051112 5.835163
2.051054 5.824680
2.050967 5.813981
2.050908 5.803071
2.050823 5.792693
2.050745 5.781887
2.050704 5.771192
2.050643 5.760694
2.050591 5.749679
2.050555 5.741015
2.050500 5.728185
2.050501 5.717699
2.050483 5.706898
2.050452 5.696520
2.050474 5.685832
2.050495 5.675136
2.050503 5.663914
2.050537 5.653336
2.050576 5.643081
2.050632 5.632502
2.050714 5.621712
2.050745 5.611136
2.050818 5.600238
2.050918 5.589237
2.050963 5.578566
2.051043 5.567885
2.051116 5.557103
2.051173 5.546740
2.051263 5.536277
2.051315 5.525169
2.051359 5.514474
2.051421 5.504218
2.051457 5.493425
2.051517 5.482527
2.051561 5.471743
2.051566 5.460950
2.051613 5.450477
2.051601 5.439893
2.051594 5.429417
2.051624 5.420650
2.051544 5.407714
2.051536 5.397128
2.051503 5.386327
2.051419 5.375424
2.051401 5.365266
2.051361 5.354033
2.051264 5.343765
2.051200 5.333281
2.051128 5.322155
2.051038 5.311563
2.050989 5.301188
2.050892 5.290382
2.050808 5.279256
2.050766 5.268775
2.050682 5.258079
2.050622 5.247064
2.050585 5.236913
2.050517 5.226007
2.050504 5.215420
2.050487 5.204402
2.050482 5.193766
2.050477 5.183072
2.050421 5.172708
2.050365 5.161494
2.050182 5.151358
2.049800 5.140541
2.049431 5.129530
2.049061 5.119271
2.048663 5.108591
2.048424 5.097599
2.048286 5.087044
2.048389 5.076363
2.048315 5.065782
2.048208 5.054678
2.048171 5.044222
2.048128 5.033568
2.048110 5.022663
2.048127 5.011868
2.048148 5.001608
2.048195 4.990708
2.048283 4.980555
2.048381 4.969431
2.048371 4.959063
2.048387 4.948049
2.048337 4.937142
2.048309 4.926770
2.048306 4.915756
2.048237 4.905496
2.048181 4.894694
2.048148 4.883681
2.048091 4.873309
2.048038 4.862829
2.048065 4.851599
2.048087 4.841124
2.047891 4.829998
2.047694 4.819402
2.047539 4.808916
2.047356 4.798112
2.047145 4.787611
2.046967 4.776916
2.046837 4.766007
2.046677 4.755430
2.046574 4.744421
2.046470 4.734043
2.046375 4.723040
2.046303 4.712564
2.046243 4.701771
2.046194 4.691298
2.046174 4.680490
2.046152 4.669700
2.046133 4.659013
2.046157 4.648645
2.046164 4.637853
2.046214 4.626947
2.046250 4.616471
2.046291 4.606105
2.046369 4.595310
2.046414 4.586544
2.046536 4.573395
2.046601 4.563132
2.046699 4.552429
2.046776 4.541600
2.046853 4.530798
2.046973 4.520000
2.047088 4.509410
2.047184 4.498824
2.047267 4.487914
2.047356 4.477220
2.047457 4.466739
2.047560 4.456158
2.047611 4.445043
2.047673 4.434890
2.047750 4.423880
2.047766 4.413405
2.047807 4.402826
2.047828 4.392025
2.047798 4.381219
2.047839 4.370644
2.047821 4.359638
2.047814 4.349164
2.047811 4.338805
2.047769 4.327800
2.047761 4.317015
2.047733 4.306433
2.047694 4.295960
2.047683 4.285274
2.047672 4.274484
2.047621 4.263504
2.047596 4.254066
2.046979 4.243724
2.046510 4.232732
2.046214 4.221983
2.045916 4.213514
2.045069 4.200462
2.044479 4.189737
2.044075 4.179349
2.043535 4.168644
2.043011 4.158053
2.042454 4.147153
2.041888 4.136870
2.041321 4.125981
2.040656 4.115079
2.040053 4.104527
2.039376 4.093979
2.038536 4.083115
2.037839 4.072908
2.037148 4.062062
2.036493 4.051426
2.035856 4.040571
2.035279 4.029713
2.034733 4.019568
2.034517 4.011251
2.034324 3.998448
2.034320 3.987223
2.034041 3.976861
2.033720 3.967947
2.033325 3.955435
2.033144 3.944838
2.033224 3.934112
2.033375 3.922974
2.033510 3.915026
2.033799 3.902007
2.034162 3.891149
2.034471 3.882782
2.034952 3.869509
2.035382 3.858920
2.035930 3.848348
2.036550 3.837648
2.037334 3.827189
2.038127 3.816414
2.039028 3.805629
2.039953 3.794857
2.040994 3.784421
2.042178 3.773474
2.043443 3.763077
2.043932 3.753242
2.045763 3.742687
2.047810 3.732579
2.050279 3.721785
2.053537 3.710240
2.056288 3.699985
2.058516 3.690060
2.061483 3.679890
2.064907 3.669744
2.068788 3.658631
2.072449 3.648663
2.076474 3.638278
2.080341 3.627150
2.083684 3.616822
2.087059 3.606282
2.090709 3.595533
2.094540 3.585164
2.097568 3.577149
2.102772 3.564167
2.106964 3.553956
2.111308 3.543409
2.114491 3.535225
2.119089 3.522588
2.122565 3.512706
2.126133 3.502457
2.129596 3.492123
2.133115 3.482011
2.136315 3.471803
2.139271 3.462260
2.142812 3.451840
2.146574 3.441937
2.150578 3.432675
2.154582 3.423166
2.159411 3.413280
2.163400 3.404590
2.168598 3.395179
2.173726 3.385727
2.178867 3.376449
2.184508 3.366765
2.189664 3.357905
2.195378 3.348236
2.200788 3.339153
2.206482 3.330345
2.212548 3.321063
2.218938 3.312007
2.225132 3.303196
2.231508 3.294093
2.238147 3.285319
2.244512 3.276916
2.251519 3.268025
2.258099 3.259728
2.264759 3.251561
2.271868 3.243275
2.279074 3.234941
2.286226 3.226941
2.293373 3.219138
2.300890 3.211124
2.308271 3.203786
2.315880 3.196149
2.323379 3.188851
2.330320 3.182146
2.338145 3.175039
2.346356 3.167867
2.354092 3.161238
2.362211 3.154305
2.370190 3.147753
2.377984 3.141312
2.386291 3.134889
2.394660 3.128437
2.403604 3.122102
2.411967 3.116206
2.418889 3.111688
2.429035 3.105286
2.438216 3.099653
2.446950 3.094288
2.456049 3.089255
2.464735 3.084243
2.474372 3.079233
2.483661 3.074412
2.493077 3.069769
2.502321 3.065255
2.509715 3.061558
2.521032 3.055862
2.530603 3.051284
2.540127 3.046665
2.549047 3.042374
2.558460 3.037817
2.567667 3.033589
2.577300 3.029257
2.586697 3.025156
2.596972 3.020788
2.606627 3.016770
2.615745 3.013133
2.625285 3.009386
2.635007 3.005612
2.645384 3.002183
2.654976 2.998928
2.664794 2.995649
2.674716 2.992787
2.684898 2.990132
2.692944 2.987907
2.704669 2.985245
2.714903 2.982970
2.725408 2.980969
2.735372 2.979205
2.745974 2.977625
2.756049 2.976317
2.766728 2.975278
2.777309 2.974156
2.788064 2.973041
2.797993 2.972070
2.809360 2.970934
2.819438 2.969824
2.830148 2.968680
2.840784 2.967605
2.851405 2.966462
2.862438 2.965268
2.872509 2.964160
2.874251 2.963800
2.874250 2.963800
2.874251 2.963800
2.874252 2.963799
2.874252 2.963799
2.874253 2.963799
2.874252 2.963799
2.874252 2.963799
2.874254 2.963799
2.874253 2.963799
2.874254 2.963799
2.874254 2.963799
2.874254 2.963799
2.874255 2.963799
2.874256 2.963799
2.874255 2.963799
2.874268 2.963777
2.874279 2.963757
2.874289 2.963739
2.874303 2.963713
2.874314 2.963691
2.874325 2.963670
2.874337 2.963648
2.874348 2.963627
2.874360 2.963605
2.874370 2.963587
2.874383 2.963562
2.874395 2.963540
2.874407 2.963517
2.874418 2.963497
2.874431 2.963474
2.874442 2.963452
2.874454 2.963430
