0.006667
0.008769
0.008542
0.008343
0.009671
0.010806
0.011097
0.012606
0.013136
0.012684
0.012680
0.017621
0.013734
0.015276
0.014972
0.022507
0.018070
0.020718
0.020469
0.023012
0.026807
0.024581
0.027285
0.022393
0.022791
0.025148
0.031924
0.028102
0.029772
0.038716
0.032837
0.034375
0.034524
0.047149
0.034904
0.035969
0.036311
0.041635
0.036269
0.037308
0.038279
0.037090
0.037719
0.036727
0.037718
0.045972
0.040119
0.038969
0.046462
0.046027
0.038315
0.046255
0.037463
0.037016
0.045579
0.037635
0.039739
0.040024
0.041201
0.054974
0.041040
0.051610
0.041653
0.042418
0.042572
0.042483
0.042609
0.053124
0.059917
0.045140
0.058770
0.043701
0.045035
0.042620
0.043486
0.042442
0.042967
0.052533
0.043823
0.051491
0.043191
0.044440
0.044749
0.044950
0.044783
0.045507
0.052553
0.045498
0.048864
0.045695
0.043618
0.050412
0.062775
0.045041
0.057872
0.056607
0.045087
0.045538
0.046323
0.058860
0.046057
0.045821
0.046462
0.059812
0.053087
0.047043
0.056753
0.046551
0.064593
0.046405
0.046974
0.047095
0.046967
0.047192
0.047678
0.047525
0.062790
0.048527
0.047939
0.053204
0.048252
0.067127
0.048724
0.048549
0.049433
0.049965
0.049186
0.048864
0.049287
0.060499
0.061591
0.054469
0.049659
0.054480
0.062357
0.062448
0.051837
0.052072
0.050760
0.050880
0.050573
0.051519
0.050215
0.063531
0.057611
0.065766
0.063139
0.051500
0.065916
0.051356
0.054601
0.050913
