5.008894 15.500034
5.020012 15.500315
5.030351 15.500494
5.041088 15.500801
5.052235 15.501111
5.062692 15.501465
5.073339 15.501853
5.083933 15.502015
5.094548 15.502251
5.105354 15.501835
5.113383 15.501457
5.126349 15.500599
5.136725 15.499382
5.147489 15.497963
5.157810 15.496584
5.168552 15.495131
5.178885 15.493771
5.189739 15.492300
5.199657 15.490952
5.200915 15.490783
5.210728 15.489478
5.221612 15.488451
5.232259 15.487213
5.242750 15.485908
5.252941 15.484659
5.263983 15.483273
5.274859 15.481817
5.285593 15.480368
5.296060 15.479289
5.306467 15.478120
5.317303 15.476868
5.327799 15.476131
5.338744 15.475478
5.349315 15.474778
5.357018 15.474013
5.369275 15.473136
5.380204 15.472789
5.390653 15.472516
5.401089 15.472293
5.412118 15.472165
5.422837 15.472199
5.433536 15.472229
5.443941 15.472579
5.454711 15.473269
5.465834 15.474431
5.476786 15.475560
5.487491 15.476441
5.497930 15.477342
5.508348 15.478226
5.519019 15.479211
5.529599 15.479938
5.540285 15.480729
5.551082 15.481552
5.560941 15.482020
5.571193 15.483453
5.582204 15.485402
5.592974 15.487635
5.603747 15.489877
5.614337 15.492092
5.625191 15.494267
5.636044 15.496510
5.646513 15.498675
5.656159 15.499428
5.666275 15.501084
5.676350 15.502531
5.686855 15.504665
5.697469 15.506674
5.705724 15.508247
5.717989 15.510950
5.728947 15.513250
5.739119 15.515142
5.750019 15.516761
5.760492 15.517810
5.770785 15.519875
5.779190 15.522068
5.791192 15.525212
5.800803 15.527564
5.811058 15.530472
5.821403 15.533212
5.822335 15.533234
5.831822 15.535923
5.841939 15.538840
5.851676 15.541676
5.861741 15.545029
5.871988 15.547914
5.882000 15.550986
5.891647 15.553936
5.902177 15.556885
5.913088 15.560005
5.922887 15.562978
5.931478 15.565885
5.943898 15.569596
5.954371 15.572578
5.964630 15.575117
5.973007 15.577308
5.984877 15.580453
5.995428 15.583220
6.005997 15.585974
6.016265 15.588648
6.026632 15.591541
6.036918 15.594728
6.047302 15.598529
6.059965 15.601244
6.070512 15.604136
6.078577 15.606186
6.091375 15.609320
6.101713 15.611848
6.112023 15.614528
6.123005 15.617417
6.133246 15.620023
6.143929 15.622892
6.154315 15.625709
6.164472 15.628557
6.175262 15.631211
6.185543 15.633558
6.196335 15.636129
6.207087 15.638524
6.217296 15.641124
6.227661 15.643448
6.238207 15.645783
6.248520 15.648007
6.258778 15.650354
6.269525 15.652843
6.279759 15.654860
6.290257 15.656919
6.300836 15.659250
6.311087 15.661532
6.320881 15.664598
6.331549 15.666684
6.342257 15.668564
6.352903 15.670326
6.363014 15.671866
6.374021 15.673384
6.384070 15.674643
6.392745 15.675666
6.405893 15.677015
6.416108 15.677895
6.426567 15.679053
6.437334 15.680235
6.448447 15.681295
6.459192 15.682208
6.469410 15.682878
6.480088 15.683382
6.490643 15.683890
6.501518 15.684667
6.512534 15.685273
6.522565 15.685810
6.533178 15.686468
6.544180 15.687129
6.554805 15.687873
6.565814 15.688510
6.575932 15.688939
6.586758 15.689570
6.597664 15.690194
6.608466 15.690858
6.619351 15.691051
6.630098 15.691148
6.641007 15.691260
6.651592 15.691446
6.662356 15.691752
6.673163 15.691976
6.682693 15.693017
6.693460 15.693955
6.703994 15.694648
6.714562 15.695352
6.725543 15.696123
6.735603 15.696341
6.746823 15.696486
6.757622 15.696573
6.758190 15.696579
6.767927 15.696686
6.779000 15.697263
6.787467 15.697323
6.799868 15.697263
6.810987 15.697212
6.821575 15.697186
6.832482 15.697100
6.843188 15.697058
6.853889 15.696992
6.864058 15.696907
6.875303 15.696819
6.885923 15.696782
6.896490 15.696659
6.907122 15.696637
6.917819 15.696522
6.929213 15.696387
6.940240 15.696251
6.950403 15.696108
6.961099 15.695927
6.972054 15.695739
6.983066 15.695836
6.993947 15.695484
7.004646 15.695068
7.015437 15.694639
7.026326 15.694212
7.037095 15.693760
7.047433 15.693329
7.058297 15.692855
7.068733 15.692402
7.069683 15.692378
7.079373 15.691883
7.090223 15.691319
7.100754 15.690784
7.111074 15.690310
7.121809 15.689714
7.132547 15.689128
7.143416 15.688577
7.153826 15.687987
7.164670 15.687375
7.174781 15.686793
7.185402 15.686168
7.196362 15.685490
7.207117 15.684829
7.217561 15.684222
7.228258 15.683441
7.238716 15.682853
7.249603 15.682262
7.259954 15.681654
7.270846 15.681036
7.281756 15.680408
7.292344 15.679779
7.302732 15.679225
7.313361 15.678631
7.324294 15.678035
7.335323 15.677415
7.345603 15.676940
7.356637 15.676407
7.367245 15.675864
7.378097 15.675418
7.388471 15.674867
7.399608 15.674275
7.409885 15.673800
7.420603 15.673244
7.431625 15.672733
7.442318 15.672316
7.452665 15.671882
7.463562 15.671427
7.474281 15.671050
7.484865 15.670650
7.495420 15.670293
7.506199 15.669973
7.516867 15.669662
7.527523 15.669377
7.538190 15.669139
7.549119 15.668855
7.559894 15.668640
7.570348 15.668484
7.580817 15.668291
7.591619 15.668101
7.602321 15.667963
7.612972 15.667818
7.623351 15.667743
7.634145 15.667722
7.644612 15.667717
7.655294 15.667686
7.666298 15.667668
7.676978 15.667654
7.687449 15.667605
7.698149 15.667591
7.708943 15.667571
7.719317 15.667519
7.730447 15.667509
7.741030 15.667466
7.751932 15.667385
7.762623 15.667357
7.772708 15.667524
7.783035 15.667497
7.793542 15.667355
7.804444 15.667179
7.815249 15.667043
7.826057 15.666896
7.836314 15.666759
7.847224 15.666606
7.857818 15.666465
7.868516 15.666291
7.879661 15.666156
7.889962 15.665992
7.900983 15.665846
7.911250 15.665756
7.922267 15.665620
7.933176 15.665523
7.943862 15.665472
7.954111 15.665384
7.964693 15.665325
7.975902 15.665307
7.986483 15.665253
7.997274 15.665245
8.007637 15.665223
8.018203 15.665227
8.029284 15.665395
8.039629 15.665626
8.050306 15.665741
8.060881 15.665871
8.071674 15.665993
8.082615 15.666156
8.093302 15.666293
8.103873 15.666410
8.114235 15.666550
8.125113 15.666622
8.135871 15.666679
8.146338 15.666806
8.157022 15.666908
8.168042 15.667005
8.178550 15.667006
8.189344 15.667122
8.199922 15.667235
8.210722 15.667359
8.221305 15.667439
8.232101 15.667536
8.242677 15.667589
8.253679 15.667604
8.263920 15.667639
8.274907 15.667592
8.285587 15.667559
8.295956 15.667583
8.306977 15.667536
8.317804 15.667534
8.328477 15.667527
8.338854 15.667499
8.349444 15.667491
8.360142 15.667462
8.370837 15.667428
8.381891 15.667430
8.392707 15.667406
8.403298 15.667356
8.414102 15.667343
8.424476 15.667278
8.435271 15.667241
8.445966 15.667248
8.456342 15.667178
8.467570 15.667150
8.477667 15.667199
8.488691 15.667117
8.499272 15.667043
8.509952 15.667014
8.520959 15.666972
8.531107 15.666945
8.542013 15.666932
8.552909 15.666921
8.563374 15.666935
8.574265 15.666931
8.584622 15.666944
8.595726 15.666977
8.606084 15.666978
8.616975 15.667028
8.627336 15.667079
8.638123 15.667093
8.648909 15.667147
8.659694 15.667167
8.670399 15.667186
8.680719 15.667263
8.691611 15.667264
8.702091 15.667289
8.713203 15.667304
8.723888 15.667279
8.734469 15.667279
8.744838 15.667250
8.755733 15.667226
8.766627 15.667205
8.777105 15.667143
8.788012 15.667086
8.798491 15.667039
8.809410 15.666922
8.819893 15.666858
8.830487 15.666789
8.841181 15.666676
8.851772 15.666615
8.862478 15.666550
8.873069 15.666430
8.883983 15.666359
8.894591 15.666286
8.905721 15.666177
8.916307 15.666100
8.926900 15.665999
8.937474 15.665912
8.948260 15.665840
8.958847 15.665760
8.969754 15.665709
8.980434 15.665657
8.991016 15.665600
9.001486 15.665584
9.012478 15.665560
9.023054 15.665529
9.033842 15.665546
9.044525 15.665578
9.055101 15.665600
9.065677 15.665648
9.076670 15.665691
9.087352 15.665775
9.097578 15.665897
9.108573 15.665937
9.119359 15.666035
9.129603 15.666141
9.140618 15.666199
9.151085 15.666279
9.161988 15.666328
9.172780 15.666391
9.183460 15.666464
9.194036 15.666494
9.204521 15.666530
9.215429 15.666568
9.225795 15.666571
9.236588 15.666613
9.247599 15.666617
9.257860 15.666588
9.268549 15.666619
9.279675 15.666602
9.290153 15.666593
9.301042 15.666575
9.311294 15.666492
9.322405 15.666440
9.332990 15.666392
9.343794 15.666279
9.354182 15.666232
9.364779 15.666177
9.375797 15.666083
9.386389 15.666022
9.396980 15.665955
9.407786 15.665883
9.418692 15.665845
9.429281 15.665759
9.439871 15.665708
9.450670 15.665704
9.461247 15.665618
9.472153 15.665594
9.482843 15.665588
9.493426 15.665560
9.504115 15.665581
9.514697 15.665597
9.525491 15.665589
9.536174 15.665640
9.546847 15.665667
9.557540 15.665720
9.568330 15.665781
9.578714 15.665826
9.589602 15.665917
9.600178 15.666023
9.611073 15.666095
9.621542 15.666221
9.632118 15.666328
9.642921 15.666403
9.653711 15.666518
9.664496 15.666608
9.674859 15.666680
9.685756 15.666791
9.696226 15.666849
9.707133 15.666908
9.717711 15.666984
9.728470 15.667074
9.739051 15.667074
9.749935 15.667065
9.760192 15.667039
9.771200 15.666999
9.781679 15.666938
9.792373 15.666887
9.803279 15.666828
9.813655 15.666718
9.824565 15.666649
9.835262 15.666573
9.846079 15.666429
9.856787 15.666332
9.867484 15.666251
9.878250 15.666055
9.888949 15.665925
9.899445 15.665774
9.910044 15.665619
9.921168 15.665486
9.931654 15.665363
9.942439 15.665277
9.953131 15.665185
9.963824 15.665082
9.974512 15.664995
9.985209 15.665030
9.995687 15.665044
10.006486 15.665095
10.016852 15.665130
10.027753 15.665184
10.038654 15.665269
10.049340 15.665318
10.060028 15.665410
10.070608 15.665522
10.081077 15.665599
10.091870 15.665692
10.102449 15.665790
10.113347 15.665900
10.123433 15.666407
10.134027 15.666673
10.144712 15.666875
10.155617 15.667074
10.166195 15.667244
10.176867 15.667419
10.187448 15.667593
10.198454 15.667752
10.208970 15.667874
10.219440 15.667926
10.230230 15.667940
10.240807 15.667996
10.251599 15.667998
10.262139 15.667983
10.272952 15.668237
10.283912 15.668674
10.294281 15.668710
10.305400 15.668586
10.315764 15.668640
10.326345 15.668654
10.337249 15.668672
10.347722 15.668670
10.358627 15.668655
10.369283 15.668604
10.379970 15.668518
10.390564 15.668407
10.401264 15.668330
10.412074 15.668261
10.422775 15.668199
10.433262 15.668107
10.444169 15.668046
10.454527 15.667956
10.465437 15.667875
10.476346 15.667829
10.486819 15.667797
10.487722 15.667803
10.487707 15.667781
10.497478 15.667684
10.508170 15.667624
10.518852 15.667601
10.529648 15.667571
10.540438 15.667548
10.551013 15.667533
10.561694 15.667526
10.572371 15.667535
10.583158 15.667542
10.593514 15.667553
10.604403 15.667574
10.615082 15.667587
10.625648 15.667613
10.636432 15.667631
10.646895 15.667653
10.657783 15.667676
10.668354 15.667690
10.679158 15.667714
10.689978 15.667751
10.700449 15.667751
10.711240 15.667807
10.711917 15.667797
10.721760 15.667829
10.732660 15.667830
10.743239 15.667849
10.753923 15.667846
10.764292 15.667832
10.775408 15.667784
10.785779 15.667739
10.796580 15.667703
10.807167 15.667646
10.818083 15.667542
10.828655 15.667603
10.839352 15.667600
10.850051 15.667518
10.860646 15.667210
10.871137 15.667015
10.882155 15.666856
10.892949 15.666675
10.903233 15.666529
10.914350 15.666405
10.924831 15.666283
10.935440 15.666146
10.946350 15.666032
10.957152 15.665922
10.967687 15.665696
10.978511 15.665483
10.989263 15.665341
10.999627 15.665391
11.010437 15.665144
11.021363 15.664934
11.031970 15.664649
11.042855 15.664267
11.053611 15.664014
11.063856 15.663684
11.074949 15.663218
11.085397 15.662872
11.096267 15.662549
11.107135 15.662240
11.117480 15.661872
11.128386 15.661385
11.139033 15.660876
11.149884 15.660474
11.160195 15.660197
11.171160 15.659984
11.182146 15.659477
11.192470 15.659051
11.203240 15.658395
11.213670 15.657550
11.225055 15.656810
11.235669 15.655640
11.246209 15.654453
11.256511 15.653255
11.267361 15.651778
11.278148 15.650308
11.288655 15.649158
11.299458 15.648054
11.310179 15.647275
11.320447 15.646591
11.331254 15.646058
11.342279 15.645635
11.352829 15.645284
11.363547 15.644852
11.373839 15.644623
11.384796 15.643730
11.395897 15.642445
11.406265 15.641360
11.417101 15.640471
11.427654 15.639787
11.438469 15.639365
11.449376 15.639442
11.450122 15.639370
11.459908 15.639456
11.470628 15.639517
11.481312 15.639861
11.491675 15.640064
11.502461 15.640293
11.503383 15.640295
11.503398 15.640316
11.511985 15.640440
11.522516 15.641105
11.533087 15.641609
11.543967 15.642129
11.554449 15.642653
11.565028 15.643110
11.576031 15.643408
11.586606 15.643968
11.597192 15.644452
11.607666 15.644963
11.608665 15.645019
11.618279 15.645261
11.628742 15.645962
11.639644 15.646699
11.650115 15.647388
11.660892 15.648121
11.671174 15.648629
11.682084 15.649424
11.692761 15.650216
11.703226 15.650960
11.704265 15.651019
11.713840 15.651884
11.724664 15.653011
11.735226 15.653698
11.736325 15.653846
11.745784 15.654540
11.756877 15.655168
11.767225 15.655318
11.777909 15.655276
11.788994 15.655246
11.799445 15.655292
11.810241 15.655283
11.820805 15.655214
11.831484 15.655160
11.842180 15.655077
11.852784 15.655028
11.853909 15.655029
11.863890 15.654921
11.874536 15.654696
11.885442 15.654560
11.896240 15.654317
11.906953 15.654135
11.917341 15.653978
11.928544 15.653808
11.939179 15.653855
11.950061 15.653918
11.950874 15.654228
11.960774 15.654419
11.971395 15.654754
11.982060 15.655423
11.993024 15.655171
12.003710 15.654428
12.004355 15.654534
12.014153 15.653190
12.024561 15.652287
12.035123 15.651175
12.045737 15.649917
12.056541 15.648726
12.066910 15.647575
12.077792 15.646342
12.087800 15.645015
12.098224 15.643717
12.099345 15.643246
12.108503 15.642019
12.119317 15.640520
12.129755 15.639230
12.140391 15.637943
12.150833 15.636743
12.161625 15.635692
12.172344 15.634670
12.182938 15.634041
12.193937 15.633907
12.194854 15.633822
12.204661 15.633718
12.215237 15.633781
12.225888 15.634234
12.236578 15.634850
12.247374 15.635462
12.248206 15.635440
12.248205 15.635440
12.258236 15.636029
12.268912 15.636559
12.279171 15.636980
12.290065 15.637452
12.300633 15.637917
12.311422 15.638329
12.322264 15.638987
12.332813 15.639482
12.343703 15.640001
12.354373 15.640517
12.355222 15.640579
12.364264 15.641009
12.374457 15.641610
12.385207 15.642300
12.395754 15.642987
12.406406 15.643631
12.417064 15.644245
12.427722 15.644909
12.438482 15.645559
12.449039 15.646199
12.449999 15.646297
12.459724 15.646956
12.470378 15.647613
12.481250 15.648350
12.492007 15.649066
12.502675 15.649771
12.513121 15.650516
12.523452 15.651371
12.534157 15.651923
12.544950 15.652412
12.555333 15.652814
12.566536 15.653214
12.576721 15.653533
12.587420 15.653602
12.598557 15.653633
12.609230 15.653804
12.619807 15.653926
12.630479 15.654080
12.641147 15.654234
12.651820 15.654406
12.662374 15.654516
12.673442 15.654382
12.683998 15.654413
12.694560 15.654417
12.705337 15.654424
12.716005 15.654401
12.727478 15.653754
12.738151 15.653636
12.748803 15.653262
12.759760 15.652880
12.770300 15.652372
12.781309 15.651466
12.792014 15.650352
12.802619 15.649290
12.813159 15.648746
12.823003 15.648004
12.834182 15.647926
12.844687 15.647941
12.855200 15.648159
12.866030 15.648403
12.877156 15.648759
12.887457 15.648619
12.898511 15.648641
12.909109 15.648511
12.919609 15.648353
12.930323 15.648212
12.941031 15.648102
12.951737 15.648028
12.962539 15.647923
12.973449 15.647898
12.984250 15.647871
12.994834 15.647854
13.005525 15.647882
13.016317 15.647882
13.026765 15.647747
13.037544 15.647851
13.048233 15.647975
13.058808 15.648103
13.069379 15.648240
13.080164 15.648368
13.090635 15.648536
13.101628 15.648691
13.111983 15.648842
13.122972 15.648893
13.133756 15.649171
13.144112 15.649441
13.155004 15.649709
13.165682 15.649978
13.176237 15.650257
13.186926 15.650582
13.197606 15.650974
13.208502 15.651368
13.219182 15.651744
13.229439 15.652024
13.240221 15.652220
13.251225 15.652355
13.261901 15.652429
13.272927 15.652069
13.283476 15.652202
13.294275 15.652296
13.304862 15.652348
13.315452 15.652386
13.327056 15.652160
13.337687 15.652103
13.348506 15.652011
13.359330 15.651938
13.369725 15.651842
13.380761 15.651779
13.391477 15.651690
13.401873 15.651584
13.412907 15.651505
13.423292 15.651355
13.434275 15.651063
13.445104 15.650818
13.455618 15.650622
13.466619 15.650311
13.477144 15.650217
13.488193 15.650034
13.498904 15.649873
13.509285 15.649108
13.520519 15.648107
13.531136 15.647408
13.541530 15.646498
13.552245 15.645544
13.562862 15.644460
13.573624 15.643385
13.584045 15.642325
13.594910 15.641438
13.605355 15.640874
13.616033 15.640749
13.626801 15.640980
13.637352 15.641146
13.648097 15.641418
13.658762 15.641732
13.669436 15.642151
13.679904 15.642659
13.690575 15.643183
13.701484 15.643433
13.711961 15.643731
13.722637 15.644086
13.733629 15.644378
13.743993 15.644616
13.754991 15.644918
13.765677 15.645157
13.775937 15.645389
13.786826 15.645643
13.797405 15.645850
13.808095 15.646078
13.819112 15.646297
13.829486 15.646439
13.840511 15.646648
13.851100 15.646830
13.861922 15.646976
13.872387 15.647464
13.883405 15.647741
13.894205 15.647976
13.904664 15.648220
13.915464 15.648460
13.926349 15.648788
13.936926 15.649216
13.947495 15.649652
13.958175 15.650115
13.968532 15.650523
13.979146 15.650793
13.990057 15.650806
14.000872 15.650720
14.011357 15.650748
14.021954 15.650797
14.032870 15.650791
14.043581 15.650834
14.054485 15.650950
14.065070 15.651097
14.075954 15.650613
14.086636 15.650674
14.097411 15.650787
14.107867 15.650878
14.118752 15.650980
14.129524 15.651111
14.130249 15.651080
14.140111 15.651175
14.150780 15.651292
14.161662 15.651415
14.172619 15.650896
14.183270 15.650552
14.193616 15.650012
14.204334 15.649857
14.215294 15.649797
14.226027 15.649990
14.226964 15.649495
14.236147 15.649402
14.246773 15.649326
14.257563 15.649847
14.268233 15.650363
14.278811 15.650958
14.289169 15.651464
14.300166 15.652014
14.310844 15.652514
14.321468 15.652768
14.331952 15.653566
14.342729 15.654303
14.353415 15.654594
14.364343 15.654691
14.374828 15.654861
14.385536 15.654802
14.396253 15.654874
14.407070 15.654704
14.417692 15.654527
14.428349 15.654484
14.438649 15.654398
14.449574 15.654294
14.460285 15.654202
14.470998 15.654130
14.481706 15.654035
14.492299 15.653967
14.503320 15.653876
14.513909 15.653805
14.525064 15.653729
14.535411 15.653614
14.536343 15.653626
14.545866 15.653495
14.556645 15.653366
14.567636 15.653234
14.578725 15.652995
14.589098 15.653132
14.599778 15.653371
14.610676 15.653576
14.621055 15.653889
14.632104 15.653565
14.642429 15.652649
14.652940 15.651450
14.663890 15.650219
14.674429 15.648858
14.685083 15.647703
14.695499 15.646697
14.706355 15.645957
14.716761 15.645372
14.727351 15.645095
14.738453 15.644958
14.748837 15.645064
14.759850 15.645347
14.770477 15.645918
14.781049 15.646021
14.791638 15.646163
14.802558 15.646301
14.813051 15.646360
14.824151 15.646165
14.834745 15.646319
14.845451 15.646441
14.856266 15.646570
14.867582 15.646802
14.878279 15.646934
14.888762 15.647227
14.899691 15.647507
14.910192 15.647975
14.921206 15.648308
14.931879 15.648785
14.942425 15.649231
14.953200 15.649793
14.963846 15.650637
14.974194 15.651516
14.985070 15.652510
14.995432 15.653791
15.006525 15.655602
15.016916 15.656949
15.027471 15.658782
15.038246 15.660522
15.048466 15.662119
15.059319 15.664186
15.069758 15.666679
15.080255 15.669331
15.090948 15.672463
15.101296 15.675168
15.111867 15.677669
15.122184 15.680113
15.132621 15.682505
15.143620 15.685091
15.153905 15.687530
15.164783 15.689932
15.174746 15.692112
15.185559 15.694873
15.195810 15.697375
15.206574 15.700064
15.216779 15.702734
15.226824 15.705333
15.237847 15.708047
15.247847 15.710408
15.258712 15.713302
15.268742 15.716046
15.279083 15.718919
15.289043 15.721845
15.299775 15.725659
15.309638 15.728610
15.319683 15.731613
15.329846 15.735003
15.340319 15.738400
15.350270 15.741572
15.360523 15.744885
15.370605 15.748217
15.380651 15.751786
15.390596 15.755322
15.400425 15.758863
15.410671 15.762513
15.420513 15.766068
15.430417 15.769713
15.440335 15.773559
15.450213 15.777647
15.460398 15.781782
15.470138 15.785722
15.480145 15.789716
15.489944 15.793625
15.500004 15.797900
15.509711 15.802367
15.519595 15.806770
15.529389 15.811036
15.539404 15.815413
15.549386 15.819771
15.559368 15.824228
15.568453 15.828201
15.578203 15.832455
15.586220 15.835949
15.598129 15.840973
15.607850 15.845160
15.617944 15.849473
15.627590 15.853601
15.637396 15.857897
15.647296 15.862182
15.656986 15.866365
15.667255 15.870533
15.677322 15.874425
15.686914 15.878394
15.696882 15.882444
15.706812 15.886371
15.716472 15.890062
15.725943 15.893798
15.734386 15.897115
15.735184 15.897389
15.735183 15.897389
15.744731 15.900806
15.754778 15.904324
15.764634 15.907696
15.774596 15.911415
15.784722 15.914974
15.794591 15.918350
15.803238 15.921076
15.815378 15.925446
15.825717 15.929247
15.836032 15.932906
15.846649 15.936819
15.857243 15.938682
15.866764 15.940742
15.877654 15.942080
15.887914 15.943110
15.898558 15.944010
15.909252 15.944862
15.920282 15.945484
15.931416 15.945850
15.941703 15.946392
15.952370 15.946427
15.963273 15.946299
15.973997 15.946034
15.984796 15.945786
15.995890 15.945209
16.006937 15.944975
16.017906 15.944814
16.028557 15.944781
16.039347 15.944736
16.049885 15.944927
16.060764 15.944883
16.071022 15.943605
16.081743 15.942095
16.092365 15.940616
16.102768 15.939134
16.113317 15.937641
16.123863 15.936313
16.134817 15.934669
16.144217 15.934287
16.153519 15.933894
16.163387 15.932712
16.174244 15.930817
16.184057 15.928652
16.194559 15.926083
16.202814 15.923922
16.215500 15.920566
16.226629 15.917050
16.235376 15.913836
16.247770 15.909965
16.257978 15.906204
16.268410 15.902692
16.278717 15.898638
16.289064 15.894819
16.299431 15.891300
16.309328 15.887922
16.319469 15.884519
16.329605 15.880967
16.340088 15.876664
16.350554 15.872532
16.360268 15.868941
16.370272 15.864984
16.380894 15.861176
16.391273 15.857698
16.400389 15.854377
16.409433 15.850795
16.419140 15.846359
16.428864 15.841501
16.438961 15.837284
16.449175 15.832955
16.459019 15.828477
16.468584 15.824333
16.478798 15.819994
16.488588 15.815733
16.498150 15.811933
16.506212 15.808214
16.517971 15.802634
16.527456 15.797997
16.536913 15.793567
16.544842 15.789686
16.555746 15.784254
16.565187 15.779654
16.573069 15.776051
16.584837 15.770389
16.593920 15.765512
16.603062 15.760591
16.610899 15.756324
16.621981 15.750360
16.631563 15.745012
16.640833 15.739889
16.648571 15.735415
16.659363 15.729083
16.669123 15.723087
16.678186 15.717397
16.687141 15.711642
16.695827 15.705989
16.705364 15.699756
16.713499 15.694386
16.722454 15.688383
16.731281 15.682271
16.740219 15.675988
16.747398 15.670914
16.757338 15.663736
16.766603 15.657099
16.774874 15.651306
16.783838 15.644670
16.792513 15.638230
16.800575 15.631959
16.808949 15.625398
16.817511 15.618683
16.825714 15.611871
16.833921 15.604898
16.842196 15.597868
16.850012 15.591089
16.858240 15.583826
16.866146 15.576857
16.873865 15.569881
16.881550 15.562781
16.889578 15.555366
16.897753 15.547788
16.905151 15.540673
16.912939 15.533151
16.920713 15.525577
16.928484 15.517905
16.936062 15.510186
16.943462 15.502794
16.951197 15.494962
16.958984 15.487016
16.966362 15.479280
16.967005 15.478688
16.973703 15.471235
16.980988 15.463387
16.988499 15.455286
16.995554 15.447666
17.003254 15.439590
17.010387 15.431758
17.017912 15.423599
17.025314 15.415440
17.032478 15.407446
17.039637 15.399555
17.046820 15.391657
17.054363 15.383414
17.061382 15.375868
17.068563 15.368183
17.075842 15.360366
17.083584 15.352139
17.090691 15.344591
17.098026 15.336692
17.104977 15.328886
17.111874 15.321256
17.119057 15.313303
17.126469 15.305023
17.133137 15.297624
17.140440 15.289207
17.147131 15.281164
17.153841 15.273153
17.160400 15.265282
17.167072 15.256968
17.173637 15.248948
17.180323 15.240892
17.185753 15.234055
17.193567 15.224021
17.200151 15.215583
17.206440 15.207527
17.213102 15.198647
17.219231 15.190508
17.225836 15.181596
17.232016 15.173396
17.238344 15.164796
17.244753 15.156109
17.251091 15.147599
17.257557 15.138868
17.263798 15.130615
17.270414 15.121956
17.276918 15.113340
17.283493 15.104661
17.290428 15.095813
17.296671 15.087391
17.303192 15.078630
17.309464 15.070224
17.315994 15.061467
17.322596 15.052832
17.328808 15.044465
17.335276 15.035642
17.341759 15.026422
17.347704 15.018043
17.354284 15.009027
17.360245 15.000812
17.366375 14.992018
17.372601 14.983445
17.378759 14.974598
17.384542 14.965940
17.390509 14.957299
17.396570 14.948479
17.401484 14.940994
17.408407 14.930388
17.414307 14.921314
17.420074 14.912635
17.425562 14.904075
17.431515 14.894544
17.437098 14.885670
17.442560 14.876959
17.448076 14.868142
17.453768 14.859118
17.459505 14.849919
17.465111 14.840741
17.470610 14.831704
17.476267 14.822704
17.481785 14.813984
17.487497 14.804828
17.493015 14.795858
17.498428 14.786847
17.504034 14.777595
17.509640 14.768370
17.515043 14.759588
17.520958 14.750458
17.526207 14.741532
17.531361 14.732303
17.536352 14.723469
17.541956 14.713848
17.546946 14.705111
17.552505 14.695173
17.557625 14.686097
17.562870 14.676665
17.567530 14.667877
17.572889 14.658291
17.577833 14.649226
17.582935 14.639944
17.587572 14.630636
17.592451 14.621013
17.597002 14.611931
17.601709 14.602269
17.606070 14.592729
17.610252 14.582457
17.614405 14.571615
17.618561 14.562243
17.623072 14.552296
17.627213 14.542880
17.631277 14.532873
17.635391 14.523039
17.639631 14.512742
17.643576 14.503127
17.647713 14.492754
17.651344 14.484220
17.655172 14.474538
17.658861 14.463916
17.662430 14.453689
17.665634 14.443774
17.668915 14.433973
17.672422 14.423348
17.675224 14.415275
17.679224 14.403266
17.682783 14.392513
17.686069 14.382746
17.689255 14.372332
17.692524 14.361422
17.695917 14.351614
17.699583 14.340968
17.703382 14.330877
17.703907 14.330129
17.703907 14.330129
17.706257 14.321478
17.708672 14.311375
17.711271 14.300648
17.714319 14.290029
17.717018 14.280245
17.719814 14.270015
17.722420 14.259040
17.725227 14.249083
17.727629 14.238729
17.729908 14.228573
17.731596 14.217662
17.732716 14.207625
17.733778 14.197066
17.734627 14.186894
17.735996 14.175849
17.737345 14.165512
17.738388 14.155107
17.739542 14.144292
17.740677 14.133988
17.741592 14.123782
17.742483 14.112608
17.743389 14.102467
17.744379 14.091995
17.745373 14.081395
17.746424 14.070354
17.747433 14.059828
17.748446 14.049280
17.749477 14.038397
17.750765 14.027578
17.752407 14.017484
17.753700 14.004798
17.754843 13.993954
17.756048 13.983102
17.756964 13.973186
17.757128 13.962094
17.757107 13.951441
17.757000 13.941022
17.756685 13.929931
17.756384 13.919116
17.756048 13.908749
17.755686 13.897393
17.755795 13.887019
17.755772 13.876989
17.755878 13.866285
17.755922 13.855415
17.755953 13.845098
17.756010 13.834477
17.755995 13.824414
17.755997 13.813985
17.755993 13.803081
17.755932 13.792722
17.755894 13.781848
17.755842 13.772145
17.755774 13.761571
17.755699 13.751152
17.755604 13.740533
17.755516 13.730041
17.755409 13.719441
17.755304 13.708530
17.755196 13.698261
17.754747 13.688382
17.753658 13.677567
17.752462 13.667371
17.751125 13.656657
17.749529 13.645722
17.749044 13.636172
17.748878 13.626234
17.749432 13.615664
17.749609 13.605005
17.749626 13.594311
17.749613 13.584114
17.749880 13.573298
17.749798 13.562322
17.749741 13.551750
17.750179 13.540350
17.750700 13.529493
17.750847 13.518764
17.751009 13.508010
17.751169 13.497245
17.751305 13.486580
17.751455 13.475894
17.751194 13.464559
17.750977 13.453717
17.750530 13.442887
17.750078 13.432519
17.749384 13.421366
17.748911 13.410906
17.748430 13.399815
17.747953 13.389265
17.747465 13.378503
17.746965 13.367643
17.746344 13.356785
17.745697 13.346250
17.744154 13.336644
17.743954 13.326015
17.743830 13.315229
17.743673 13.304108
17.743538 13.296099
17.743322 13.282979
17.743137 13.272628
17.742935 13.262081
17.742914 13.251014
17.742949 13.240370
17.742817 13.230084
17.742682 13.219593
17.742523 13.208671
17.742321 13.198298
17.742128 13.187738
17.741539 13.176480
17.740984 13.165922
17.740652 13.155417
17.740742 13.144636
17.739807 13.135134
17.740173 13.124688
17.740929 13.114083
17.741320 13.103660
17.742376 13.091753
17.743237 13.081273
17.742775 13.079803
17.743141 13.069860
17.744053 13.059146
17.744642 13.048615
17.745163 13.037607
17.745779 13.027068
17.746450 13.016352
17.747631 13.004775
17.749107 12.994486
17.751120 12.983159
17.753345 12.972409
17.755230 12.962259
17.757223 12.950971
17.758730 12.940758
17.760233 12.929405
17.761600 12.918652
17.763002 12.908044
17.764406 12.897099
17.765898 12.886288
17.767084 12.875665
17.768684 12.865282
17.770229 12.854930
17.771540 12.844682
17.772839 12.833812
17.774616 12.823338
17.776781 12.812665
17.778698 12.803590
17.781216 12.792818
17.783216 12.782259
17.785076 12.771902
17.787283 12.761111
17.789463 12.751040
17.791527 12.740617
17.793354 12.729897
17.795204 12.719811
17.796892 12.711495
17.800209 12.698004
17.803043 12.687518
17.805841 12.676936
17.808783 12.666554
17.811960 12.655911
17.815384 12.645287
17.817968 12.635668
17.821960 12.623586
17.824923 12.612329
17.827814 12.602659
17.830536 12.592164
17.832993 12.582070
17.835825 12.571712
17.838594 12.561402
17.841213 12.551207
17.843910 12.541225
17.846773 12.530671
17.849937 12.519737
17.853188 12.509504
17.856510 12.499271
17.859938 12.488809
17.863367 12.478841
17.866594 12.468236
17.869675 12.458044
17.872644 12.447721
17.875526 12.437402
17.878338 12.427398
17.881268 12.417233
17.884136 12.406457
17.886763 12.396257
17.889584 12.385651
17.892704 12.375055
17.895775 12.364754
17.898830 12.354338
17.901693 12.344217
17.904625 12.334017
17.907551 12.323808
17.910727 12.313014
17.914612 12.302320
17.917610 12.291374
17.921597 12.280637
17.925735 12.270120
17.928846 12.261773
17.934155 12.249028
17.938837 12.238557
17.943693 12.228079
17.948048 12.217625
17.951864 12.207211
17.955185 12.196877
17.958006 12.186275
17.960676 12.175598
17.962910 12.165131
17.964258 12.154077
17.965300 12.143908
17.966124 12.133179
17.966314 12.122506
17.966002 12.111699
17.965219 12.101200
17.964153 12.090396
17.962618 12.080115
17.960621 12.069264
17.958050 12.058207
17.955545 12.047570
17.953112 12.037037
17.950689 12.025833
17.948132 12.014912
17.946459 12.004397
17.944893 11.993880
17.943289 11.983140
17.941172 11.971783
17.939545 11.961699
17.937723 11.950502
17.935995 11.939988
17.934040 11.929316
17.932274 11.919176
17.930359 11.908529
17.928377 11.897718
17.926300 11.887067
17.924166 11.876151
17.922071 11.865557
17.919935 11.855393
17.917727 11.844591
17.915598 11.833987
17.913084 11.823393
17.910940 11.813248
17.908770 11.802557
17.906872 11.792834
17.904554 11.781659
17.902472 11.771113
17.900257 11.760818
17.897509 11.749696
17.895227 11.739731
17.892857 11.729337
17.890421 11.718857
17.888021 11.708582
17.885517 11.697777
17.883085 11.687511
17.880732 11.677562
17.878279 11.667082
17.875790 11.656504
17.873346 11.646027
17.870926 11.635543
17.868610 11.625773
17.866243 11.614985
17.866096 11.614263
17.863926 11.605031
17.861538 11.594417
17.859299 11.584412
17.856640 11.573581
17.854513 11.563624
17.852747 11.553075
17.851276 11.542852
17.849903 11.532225
17.847786 11.521829
17.845329 11.510891
17.843067 11.500542
17.841173 11.490335
17.839222 11.479329
17.837349 11.468565
17.835485 11.458193
17.833424 11.447496
17.831329 11.437017
17.829216 11.426662
17.827227 11.416209
17.825226 11.405560
17.823240 11.395117
17.821184 11.384367
17.819332 11.373922
17.817217 11.362954
17.815111 11.352228
17.813435 11.342576
17.811375 11.331347
17.809420 11.321159
17.807308 11.310346
17.805313 11.299856
17.803291 11.289374
17.801315 11.279840
17.799805 11.269320
17.798265 11.259780
17.796379 11.249051
17.794458 11.238482
17.792337 11.228240
17.790274 11.217464
17.788359 11.207228
17.786358 11.196915
17.784294 11.186161
17.782291 11.175834
17.780264 11.165648
17.778187 11.155166
17.776169 11.144831
17.773993 11.134089
17.771824 11.123921
17.769676 11.113479
17.767467 11.102598
17.765432 11.092488
17.763321 11.082139
17.761312 11.071620
17.759375 11.061447
17.757286 11.050638
17.755268 11.039901
17.753347 11.029578
17.751366 11.018934
17.749800 11.008788
17.748381 10.998474
17.746572 10.987370
17.744741 10.976757
17.742962 10.966048
17.741243 10.955759
17.739450 10.945257
17.737692 10.934755
17.735809 10.924162
17.733746 10.913181
17.731791 10.902811
17.729839 10.892163
17.729691 10.891461
17.727835 10.881730
17.725901 10.871071
17.724068 10.860836
17.722181 10.850611
17.720219 10.839978
17.718176 10.828937
17.716259 10.818869
17.714270 10.808242
17.712294 10.797858
17.710266 10.787170
17.708635 10.776157
17.706625 10.765703
17.704700 10.755898
17.702509 10.744836
17.700504 10.734809
17.698694 10.724016
17.696720 10.713785
17.694529 10.702847
17.692505 10.692762
17.690542 10.682652
17.688414 10.671909
17.686363 10.661359
17.684404 10.651270
17.682323 10.640833
17.680153 10.630462
17.677959 10.619680
17.675957 10.609785
17.673775 10.599010
17.671656 10.588322
17.669600 10.578062
17.667580 10.567777
17.665443 10.556966
17.663422 10.546459
17.661547 10.536247
17.658947 10.525607
17.656771 10.514774
17.654758 10.504464
17.652948 10.493571
17.650986 10.482914
17.649067 10.472232
17.647085 10.461431
17.644657 10.450744
17.641985 10.440046
17.639650 10.429819
17.637001 10.419286
17.635176 10.408755
17.633503 10.397839
17.632128 10.387641
17.629908 10.377338
17.628536 10.366983
17.627277 10.356082
17.626087 10.346099
17.624832 10.335860
17.623436 10.325010
17.622276 10.314558
17.621189 10.303945
17.620176 10.293447
17.619354 10.283028
17.618147 10.272292
17.617035 10.261794
17.616098 10.251307
17.615114 10.241084
17.614027 10.230286
17.612913 10.219540
17.611511 10.208812
17.609978 10.198008
17.608528 10.187589
17.606897 10.177091
17.605373 10.166520
17.603884 10.155896
17.602467 10.145696
17.600990 10.135052
17.599318 10.124197
17.597988 10.115650
17.596378 10.103433
17.594984 10.092910
17.594088 10.084545
17.592636 10.071709
17.591536 10.061015
17.590305 10.050132
17.589163 10.039914
17.588160 10.029180
17.587286 10.018529
17.586617 10.007507
17.585747 9.996909
17.585070 9.986623
17.583750 9.975672
17.582998 9.965357
17.582260 9.954586
17.581633 9.943713
17.580996 9.932858
17.580332 9.921767
17.579706 9.911426
17.579107 9.900448
17.578468 9.889584
17.577858 9.879045
17.577482 9.868338
17.576920 9.857512
17.576365 9.846599
17.576294 9.846021
17.575871 9.836495
17.575254 9.825927
17.574741 9.814995
17.574303 9.804556
17.573856 9.793695
17.573467 9.783611
17.573046 9.772635
17.572746 9.762247
17.572445 9.751439
17.572140 9.740866
17.571877 9.730726
17.571648 9.722065
17.571302 9.709710
17.571014 9.698621
17.570768 9.688061
17.570478 9.677391
17.570232 9.667460
17.569986 9.656868
17.569767 9.648065
17.569521 9.635148
17.569323 9.624859
17.569149 9.614347
17.568977 9.603596
17.568764 9.592616
17.568571 9.582028
17.568092 9.571464
17.567856 9.560871
17.567703 9.549711
17.567541 9.539182
17.567375 9.528315
17.567286 9.517320
17.567139 9.506757
17.567051 9.496071
17.566999 9.485264
17.567060 9.474625
17.567089 9.463711
17.567078 9.452888
17.567085 9.442185
17.567064 9.431585
17.567150 9.420775
17.567211 9.409950
17.567242 9.399378
17.567287 9.388375
17.567345 9.377285
17.567356 9.366637
17.567415 9.356218
17.567434 9.345058
17.567427 9.334249
17.567335 9.323551
17.567377 9.312801
17.567444 9.302576
17.567551 9.291722
17.567595 9.280886
17.567661 9.270804
17.567711 9.259786
17.567768 9.249422
17.567825 9.238846
17.567862 9.227853
17.567923 9.217260
17.567965 9.206917
17.567986 9.196570
17.567997 9.185689
17.568573 9.175091
17.568735 9.164594
17.568830 9.154425
17.568924 9.143838
17.568964 9.132801
17.568840 9.122117
17.568783 9.111810
17.568758 9.101056
17.568756 9.090267
17.568754 9.079371
17.568739 9.069098
17.568726 9.058277
17.568695 9.047435
17.568665 9.036361
17.568970 9.025522
17.568983 9.014612
17.569021 9.003925
17.569101 8.993393
17.568626 8.982781
17.567944 8.971851
17.567036 8.960735
17.566084 8.949991
17.565044 8.939363
17.563925 8.928495
17.562860 8.917636
17.561855 8.906475
17.561079 8.896138
17.560076 8.884759
17.559155 8.874306
17.558167 8.865637
17.556807 8.853176
17.555540 8.842249
17.554375 8.831788
17.553280 8.821013
17.552654 8.810423
17.551977 8.799550
17.550314 8.789001
17.548120 8.778274
17.546080 8.767514
17.544071 8.757388
17.542009 8.746894
17.539896 8.736156
17.537897 8.725535
17.535652 8.715084
17.533487 8.704912
17.531223 8.694440
17.529190 8.685100
17.526875 8.675465
17.524427 8.664958
17.521891 8.654674
17.519447 8.644424
17.516811 8.633805
17.514198 8.623569
17.511528 8.612977
17.508743 8.602482
17.505999 8.591745
17.503540 8.582477
17.499619 8.571765
17.495977 8.561781
17.491840 8.550969
17.487988 8.540256
17.484772 8.530068
17.481728 8.520487
17.478317 8.509840
17.475061 8.500159
17.471493 8.489654
17.468191 8.479302
17.464626 8.469236
17.461384 8.459308
17.457769 8.448675
17.455038 8.439832
17.451685 8.430553
17.447937 8.420848
17.444136 8.410351
17.440670 8.400600
17.437050 8.390452
17.433405 8.380234
17.429825 8.370258
17.426281 8.360550
17.422482 8.349998
17.418833 8.340175
17.415121 8.330050
17.411343 8.320024
17.407606 8.310124
17.403828 8.300106
17.400045 8.290203
17.396286 8.280389
17.392365 8.270352
17.392149 8.269381
17.392149 8.269381
17.392149 8.269381
17.392138 8.269401
17.392124 8.269422
17.392109 8.269444
17.392096 8.269466
17.392080 8.269488
17.392065 8.269511
17.392052 8.269532
17.392036 8.269555
17.392023 8.269576
17.392008 8.269599
17.391994 8.269621
17.391979 8.269643
17.391966 8.269664
17.391953 8.269685
17.391941 8.269702
17.391924 8.269730
17.391912 8.269747
17.391895 8.269773
17.391880 8.269794
17.391867 8.269816
17.391853 8.269837
17.391838 8.269860
17.391827 8.269878
17.391809 8.269904
17.391794 8.269926
17.391781 8.269949
17.391768 8.269969
17.391752 8.269992
17.391737 8.270014
17.391724 8.270035
17.391710 8.270058
17.391695 8.270080
17.391680 8.270102
17.391668 8.270122
17.391653 8.270144
17.391638 8.270167
17.391624 8.270187
17.391609 8.270210
17.391596 8.270232
17.391581 8.270254
17.391567 8.270275
17.391552 8.270298
17.391539 8.270320
17.391525 8.270341
17.391510 8.270364
17.391495 8.270386
17.391481 8.270407
17.391470 8.270426
17.391453 8.270451
17.391439 8.270473
17.391424 8.270494
17.391411 8.270515
17.391396 8.270539
17.391382 8.270560
17.391367 8.270583
17.391354 8.270604
17.391338 8.270626
17.391325 8.270648
17.391312 8.270669
17.391296 8.270691
17.391283 8.270714
17.391268 8.270735
17.391254 8.270756
17.391239 8.270778
17.391226 8.270802
17.391211 8.270823
17.391197 8.270845
17.391182 8.270866
17.391169 8.270888
17.391153 8.270910
17.391140 8.270933
17.391125 8.270954
17.391111 8.270977
17.391096 8.270999
17.391083 8.271019
17.391068 8.271042
17.391054 8.271064
17.391039 8.271086
17.391026 8.271107
17.391012 8.271129
17.390997 8.271152
17.390984 8.271172
17.390968 8.271194
17.390955 8.271217
17.390944 8.271234
17.390926 8.271260
17.390913 8.271281
17.390898 8.271304
17.390882 8.271326
17.390869 8.271347
17.390856 8.271370
17.390841 8.271391
17.390827 8.271414
17.390812 8.271435
17.390799 8.271457
17.390783 8.271479
17.390770 8.271502
17.390755 8.271523
17.390741 8.271544
17.390728 8.271566
17.390713 8.271588
17.390699 8.271609
17.390684 8.271632
17.390671 8.271653
17.390656 8.271676
17.390642 8.271696
17.390627 8.271719
17.390614 8.271741
17.390600 8.271762
17.390585 8.271786
17.390570 8.271808
17.390556 8.271830
17.390541 8.271851
17.390528 8.271873
17.390512 8.271894
17.390499 8.271915
17.390486 8.271936
17.390471 8.271960
17.390457 8.271982
17.390442 8.272003
17.390429 8.272025
17.390415 8.272046
17.390400 8.272069
17.390387 8.272090
17.390371 8.272113
17.390358 8.272134
17.390343 8.272157
17.390329 8.272178
17.390314 8.272201
17.390301 8.272222
17.390289 8.272240
17.390272 8.272265
17.390259 8.272287
17.390244 8.272308
17.390230 8.272330
17.390215 8.272352
17.390202 8.272375
17.390186 8.272397
17.390173 8.272418
17.390158 8.272440
17.390144 8.272462
17.390129 8.272485
17.390116 8.272507
17.390102 8.272527
17.390087 8.272549
17.390076 8.272566
17.390060 8.272593
17.390045 8.272615
17.390032 8.272635
17.390020 8.272654
17.390001 8.272681
17.389988 8.272702
17.389975 8.272723
17.389959 8.272746
17.389946 8.272767
17.389933 8.272789
17.389917 8.272810
17.389902 8.272833
17.389889 8.272855
17.389874 8.272877
17.389860 8.272899
17.389849 8.272916
17.389832 8.272943
17.389818 8.272964
17.389803 8.272986
17.389790 8.273007
17.389776 8.273028
17.389761 8.273051
17.389748 8.273072
17.389732 8.273094
17.389719 8.273116
17.389704 8.273139
17.389690 8.273161
17.389677 8.273182
17.389662 8.273204
17.389648 8.273225
17.389633 8.273248
17.389620 8.273270
17.389605 8.273293
17.389591 8.273314
17.389576 8.273335
17.389563 8.273357
17.389547 8.273379
17.389534 8.273401
17.389521 8.273423
17.389507 8.273443
17.389492 8.273466
17.389481 8.273483
17.389463 8.273510
17.389452 8.273528
