10.990226 6.000345
10.978638 6.000372
10.968287 6.000118
10.957664 6.000102
10.946581 6.000239
10.936114 6.000333
10.925800 6.000898
10.915248 6.001225
10.904577 6.001510
10.893698 6.001809
10.883211 6.001988
10.872357 6.002205
10.861881 6.002210
10.850999 6.002234
10.840505 6.002256
10.829711 6.002199
10.819132 6.002113
10.808440 6.001987
10.798062 6.001842
10.786826 6.001750
10.776124 6.001626
10.765426 6.001510
10.754725 6.001436
10.744096 6.001440
10.733818 6.001360
10.722855 6.001335
10.712064 6.001236
10.701275 6.001090
10.690595 6.001009
10.689989 6.001002
10.680662 6.001312
10.670520 6.001153
10.659431 6.000935
10.648872 6.000756
10.638093 6.000574
10.627111 6.000478
10.616241 6.000253
10.605898 5.999978
10.595342 5.999664
10.584357 5.999375
10.573691 5.999064
10.563069 5.998779
10.552389 5.998556
10.541713 5.998343
10.531144 5.998102
10.520119 5.997906
10.509424 5.997727
10.498957 5.997577
10.488488 5.997471
10.487497 5.997407
10.478758 5.996612
10.468166 5.996456
10.457366 5.996402
10.446774 5.996345
10.436083 5.996260
10.425028 5.995782
10.416394 5.995788
10.403680 5.995814
10.392899 5.995786
10.382326 5.995820
10.371540 5.995824
10.360965 5.995818
10.350069 5.995845
10.339492 5.995835
10.329022 5.995850
10.318339 5.995880
10.307655 5.995896
10.296969 5.995936
10.286498 5.995981
10.285378 5.996005
10.276207 5.995635
10.265159 5.995096
10.254397 5.994540
10.243943 5.994245
10.234969 5.994362
10.222408 5.994294
10.211447 5.994537
10.200897 5.995082
10.189906 5.995909
10.188860 5.995795
10.179341 5.996773
10.168679 5.997876
10.158417 5.999237
10.147672 6.000773
10.136799 6.002325
10.126632 6.003908
10.116652 6.005348
10.105991 6.006769
10.094790 6.008248
10.084146 6.009745
10.073401 6.011187
10.062961 6.012600
10.052096 6.014138
10.043800 6.015202
10.030841 6.016899
10.020844 6.018283
10.009898 6.019583
9.999194 6.020835
9.988676 6.021936
9.978645 6.023258
9.968328 6.024414
9.957694 6.025301
9.946630 6.026156
9.936421 6.026947
9.925736 6.027923
9.914823 6.028586
9.904704 6.029209
9.893950 6.029889
9.882749 6.030688
9.872588 6.031818
9.862119 6.032436
9.851556 6.032674
9.841169 6.032915
9.830158 6.033171
9.819561 6.033408
9.808577 6.033663
9.798015 6.033901
9.787211 6.034124
9.777191 6.034494
9.766603 6.034718
9.756008 6.034921
9.745329 6.035198
9.734327 6.035397
9.723705 6.035695
9.713024 6.036067
9.702346 6.036391
9.691884 6.036770
9.681100 6.037160
9.670306 6.037552
9.659414 6.037930
9.649057 6.038285
9.638389 6.038611
9.626725 6.038881
9.616565 6.039159
9.607851 6.039406
9.595269 6.039831
9.583556 6.040916
9.573017 6.041643
9.562310 6.042334
9.551150 6.043151
9.540255 6.043961
9.529946 6.044683
9.519287 6.045351
9.508719 6.045982
9.499669 6.046810
9.486800 6.047789
9.476748 6.048474
9.466169 6.049891
9.455195 6.051473
9.444947 6.052594
9.434050 6.053617
9.423706 6.054524
9.413000 6.055737
9.402202 6.056999
9.391537 6.058253
9.381055 6.059500
9.370150 6.060769
9.359568 6.061992
9.350999 6.063038
9.338438 6.064496
9.330179 6.065475
9.317519 6.066871
9.306591 6.068007
9.296086 6.069078
9.285548 6.070200
9.274646 6.071274
9.264645 6.072139
9.253465 6.073225
9.242921 6.074315
9.232484 6.075251
9.221715 6.076203
9.211157 6.077177
9.200089 6.078263
9.190058 6.079085
9.178975 6.080014
9.168439 6.080848
9.157566 6.081656
9.146926 6.082471
9.136271 6.083252
9.126053 6.083660
9.114864 6.083997
9.104488 6.084688
9.093960 6.085443
9.083395 6.086354
9.072618 6.086958
9.061988 6.087484
9.050909 6.088523
9.040606 6.089537
9.029794 6.090571
9.018609 6.091691
9.008155 6.092933
8.997436 6.094195
8.986804 6.095485
8.975983 6.096766
8.965495 6.098042
8.954804 6.099317
8.945232 6.100452
8.934407 6.101652
8.924027 6.102772
8.923078 6.102859
8.913395 6.103946
8.902578 6.105102
8.892078 6.106247
8.881792 6.107303
8.871502 6.108817
8.860772 6.109865
8.850476 6.110787
8.839316 6.111816
8.828682 6.112809
8.818539 6.113616
8.807370 6.114608
8.796935 6.115493
8.786175 6.116354
8.775726 6.117230
8.765277 6.118109
8.754402 6.118928
8.743526 6.119652
8.733175 6.120326
8.732078 6.120480
8.732078 6.120480
8.722212 6.122027
8.711532 6.123056
8.701275 6.123557
8.690394 6.124118
8.679403 6.124683
8.668936 6.125181
8.658370 6.125718
8.647602 6.126245
8.636820 6.126791
8.626512 6.127256
8.615398 6.127818
8.605153 6.128292
8.594509 6.128711
8.583527 6.129157
8.572866 6.129539
8.562232 6.129935
8.551687 6.130329
8.541000 6.130664
8.530429 6.131032
8.519867 6.131362
8.509065 6.131657
8.498176 6.131952
8.487708 6.132202
8.477001 6.132444
8.466073 6.132638
8.455270 6.132845
8.444565 6.133026
8.434285 6.133125
8.423470 6.133252
8.412765 6.133334
8.402050 6.133377
8.401155 6.133422
8.391136 6.133429
8.380742 6.133453
8.370016 6.133485
8.358967 6.133494
8.348235 6.133488
8.337534 6.133445
8.327054 6.133390
8.316221 6.133396
8.305802 6.133372
8.304659 6.133392
8.294983 6.133382
8.284054 6.133393
8.273515 6.133562
8.262786 6.133611
8.252542 6.133625
8.241426 6.133670
8.231386 6.133189
8.220580 6.133094
8.209841 6.133185
8.199614 6.133554
8.188715 6.133989
8.178045 6.134698
8.167430 6.135090
8.156779 6.135460
8.146167 6.135825
8.135199 6.136221
8.124690 6.136878
8.113708 6.137381
8.102842 6.137887
8.092184 6.138377
8.081947 6.138823
8.071324 6.139353
8.060555 6.139938
8.049483 6.140487
8.038808 6.140977
8.028451 6.141495
8.017865 6.141962
8.006768 6.142428
7.996419 6.142861
7.985741 6.143264
7.974881 6.144064
7.963929 6.144758
7.952968 6.145565
7.942144 6.146533
7.931452 6.147544
7.920939 6.148618
7.910045 6.149663
7.899476 6.150744
7.888825 6.151894
7.878404 6.152975
7.867739 6.153537
7.857239 6.154011
7.846459 6.154480
7.835843 6.154851
7.825159 6.155210
7.814353 6.155569
7.803432 6.155918
7.792810 6.156169
7.782405 6.156459
7.771660 6.156663
7.760608 6.156765
7.749892 6.156779
7.739288 6.156716
7.728694 6.156626
7.718067 6.156588
7.706967 6.156449
7.696622 6.156331
7.686040 6.156245
7.675385 6.155999
7.664742 6.155836
7.653783 6.155710
7.643576 6.155550
7.632511 6.155408
7.622087 6.155303
7.611459 6.155082
7.600722 6.154899
7.590090 6.154713
7.579779 6.154510
7.568611 6.154347
7.557969 6.154161
7.547535 6.153958
7.536992 6.153808
7.526549 6.153640
7.515753 6.153546
7.505421 6.153482
7.494554 6.153378
7.483657 6.153265
7.473094 6.153115
7.462283 6.152812
7.451750 6.152472
7.440604 6.152130
7.430560 6.151631
7.419591 6.151390
7.409179 6.151164
7.398341 6.150887
7.387397 6.150593
7.377016 6.150509
7.366282 6.150151
7.355867 6.149797
7.344921 6.149456
7.334399 6.149105
7.322355 6.149282
7.311620 6.149058
7.301007 6.148817
7.290620 6.148643
7.279797 6.148264
7.268745 6.148008
7.258253 6.147884
7.247346 6.147810
7.236871 6.147745
7.226429 6.147585
7.215501 6.147710
7.205039 6.147736
7.194365 6.147812
7.183692 6.147927
7.172672 6.148241
7.162430 6.148476
7.151528 6.148724
7.140946 6.149043
7.128655 6.149842
7.117549 6.149776
7.107020 6.150011
7.096278 6.150342
7.085638 6.150600
7.075159 6.150808
7.064291 6.150914
7.053854 6.151015
7.043297 6.151026
7.032629 6.150953
7.021646 6.150860
7.011073 6.150907
7.000182 6.150947
6.989608 6.150941
6.979046 6.150934
6.968462 6.150946
6.957442 6.150907
6.946740 6.150874
6.936458 6.150823
6.925426 6.150761
6.914603 6.150712
6.904318 6.150611
6.893254 6.150546
6.882729 6.150477
6.871868 6.150298
6.861046 6.150081
6.850316 6.149899
6.839681 6.149752
6.830037 6.149580
6.820438 6.149458
6.810082 6.149284
6.799253 6.149125
6.788214 6.148970
6.778573 6.148850
6.768330 6.148727
6.757201 6.148598
6.746720 6.148484
6.735815 6.148398
6.725609 6.148431
6.714492 6.148667
6.703963 6.148705
6.693193 6.148847
6.683919 6.148109
6.673009 6.148794
6.662468 6.149622
6.651952 6.150445
6.641411 6.151296
6.631710 6.152080
6.621371 6.152563
6.610802 6.152609
6.600050 6.152652
6.589518 6.152596
6.579916 6.152978
6.569194 6.153502
6.558523 6.153996
6.547938 6.154463
6.539384 6.154880
6.529991 6.155276
6.520336 6.155731
6.510786 6.156139
6.501236 6.156559
6.491692 6.157007
6.482090 6.157488
6.472862 6.157964
6.463180 6.158347
6.453588 6.158759
6.442722 6.159275
6.433314 6.159684
6.423308 6.159691
6.412519 6.159213
6.401732 6.158679
6.390920 6.158130
6.380202 6.157757
6.369571 6.157408
6.359086 6.157238
6.348033 6.157057
6.337507 6.156843
6.326779 6.156552
6.316041 6.156201
6.305097 6.155837
6.294797 6.155491
6.283758 6.155159
6.273251 6.154892
6.262235 6.154544
6.251649 6.154264
6.241278 6.153981
6.230371 6.153708
6.219694 6.153469
6.208913 6.153215
6.198245 6.153003
6.187579 6.152792
6.177100 6.152603
6.166126 6.152298
6.155700 6.152009
6.145167 6.151746
6.134107 6.151463
6.123778 6.151056
6.113036 6.150704
6.102418 6.150356
6.091784 6.150030
6.082134 6.149714
6.071554 6.149323
6.061071 6.148870
6.050308 6.148527
6.039970 6.148377
6.029084 6.148263
6.018424 6.148100
6.007548 6.147953
5.996889 6.147786
5.986308 6.147670
5.975826 6.147523
5.965048 6.147386
5.954418 6.147267
5.943454 6.147097
5.934033 6.146984
5.923508 6.147034
5.912363 6.146937
5.901848 6.146798
5.891234 6.146698
5.880510 6.146578
5.869668 6.146441
5.858836 6.146341
5.858041 6.146324
5.848357 6.146210
5.837525 6.146115
5.827953 6.146014
5.817100 6.145890
5.806273 6.145813
5.805697 6.145806
5.805697 6.145806
5.795999 6.145727
5.785286 6.145644
5.775437 6.145633
5.765014 6.145576
5.754100 6.145558
5.743191 6.145544
5.733771 6.145527
5.724211 6.145579
5.713597 6.145583
5.703027 6.145613
5.692354 6.145698
5.682436 6.145709
5.673069 6.145778
5.662690 6.145842
5.651814 6.145932
5.641474 6.146066
5.631644 6.146144
5.621915 6.146257
5.611525 6.146375
5.600862 6.146506
5.599867 6.146495
5.590164 6.146646
5.580563 6.146756
5.569974 6.146886
5.559202 6.147042
5.548857 6.147173
5.537862 6.147291
5.528253 6.147406
5.517649 6.147525
5.506348 6.147365
5.498080 6.147507
5.489394 6.147527
5.479878 6.147511
5.469360 6.147538
5.458557 6.147511
5.450156 6.147470
5.441535 6.147476
5.432109 6.147425
5.425648 6.147501
5.419379 6.147624
5.413298 6.147635
5.407256 6.147464
5.411939 6.145747
5.406807 6.147506
5.399427 6.148909
5.392510 6.150113
5.386577 6.149929
5.380630 6.149950
5.374246 6.150270
5.368108 6.150969
5.362077 6.151973
5.355311 6.154170
5.348254 6.155856
5.341179 6.157064
5.335294 6.156409
5.334823 6.156188
5.334823 6.156188
5.330927 6.159682
5.324837 6.165174
5.319037 6.170290
5.313550 6.174159
5.308255 6.176733
5.302825 6.179886
5.296990 6.184084
5.301065 6.181247
5.297135 6.184590
5.304342 6.179304
5.301029 6.182765
5.295769 6.185418
5.290453 6.188557
5.297114 6.182622
5.303150 6.179702
5.308298 6.176454
5.313260 6.172831
5.318245 6.169160
5.323052 6.165565
5.327728 6.161790
5.332775 6.157706
5.337697 6.153409
5.342208 6.149203
5.342642 6.149090
5.346336 6.145336
5.350685 6.141098
5.354960 6.136643
5.359808 6.131573
5.365755 6.125219
5.370933 6.119229
5.375670 6.113519
5.380486 6.107811
5.385035 6.102362
5.391911 6.094161
5.390016 6.098720
5.393457 6.091911
5.394001 6.091580
5.399649 6.083915
5.404671 6.077782
5.408783 6.072183
5.413169 6.065635
5.417793 6.059253
5.421834 6.052734
5.426950 6.046332
5.431588 6.040222
5.435496 6.031190
5.435919 6.030724
5.435918 6.030723
5.439913 6.021991
5.444719 6.011264
5.449667 6.004807
5.454474 5.999263
5.458138 5.993762
5.460725 5.987062
5.464030 5.981432
5.464578 5.980855
5.466248 5.978177
5.467191 5.972501
5.466882 5.964921
5.465889 5.954783
5.464890 5.944356
5.465382 5.943244
5.467334 5.936739
5.468224 5.927352
5.469383 5.917982
5.471339 5.909666
5.472967 5.901435
5.475573 5.893911
5.474983 5.883617
5.474465 5.872596
5.475322 5.862990
5.475109 5.852429
5.474891 5.841799
5.475602 5.840146
5.475982 5.833279
5.475852 5.823366
5.475161 5.812298
5.474801 5.801745
5.474991 5.791010
5.475800 5.781148
5.476984 5.770778
5.477760 5.760651
5.478004 5.750285
5.478357 5.749155
5.476720 5.739970
5.474946 5.729341
5.473463 5.719020
5.473521 5.717959
5.471300 5.708784
5.468934 5.697965
5.466353 5.687613
5.463822 5.677639
5.461087 5.667106
5.458330 5.656686
5.455550 5.646327
5.452840 5.636185
5.449982 5.625839
5.446859 5.615601
5.443431 5.605526
5.440343 5.595023
5.437554 5.585284
5.434564 5.574821
5.431577 5.564435
5.428566 5.553933
5.425633 5.543613
5.422757 5.533607
5.419758 5.523065
5.416840 5.512814
5.414001 5.502368
5.413855 5.501743
5.411134 5.491926
5.408356 5.481836
5.405419 5.471116
5.402627 5.460911
5.399782 5.450323
5.399654 5.449815
5.397065 5.440097
5.394467 5.429649
5.391788 5.419234
5.389011 5.408668
5.386432 5.398325
5.383808 5.388106
5.381114 5.377413
5.378627 5.367188
5.376007 5.357022
5.375726 5.355933
5.373389 5.346313
5.370965 5.335696
5.368399 5.325506
5.365665 5.315304
5.363271 5.305153
5.360943 5.294713
5.358772 5.284339
5.356510 5.273891
5.354109 5.263546
5.353846 5.262697
5.351996 5.253097
5.349733 5.243128
5.347590 5.232785
5.345579 5.222476
5.343553 5.211977
5.343423 5.211260
5.343423 5.211260
5.341530 5.201472
5.339419 5.191122
5.337638 5.181069
5.335668 5.170606
5.333728 5.160348
5.332050 5.149853
5.330248 5.139548
5.328651 5.128889
5.327420 5.118544
5.326499 5.108163
5.325599 5.097400
5.324058 5.086466
5.322618 5.076194
5.321239 5.065467
5.319817 5.054838
5.318555 5.044259
5.317225 5.033589
5.315824 5.022902
5.314469 5.012093
5.313139 5.001380
5.311870 4.990695
5.310730 4.980049
5.309654 4.969085
5.308482 4.958447
5.307343 4.947586
5.306201 4.936834
5.305048 4.926306
5.303449 4.916467
5.302382 4.905790
5.301351 4.894945
5.300313 4.884019
5.299354 4.873308
5.298418 4.863050
5.297462 4.852371
5.296494 4.841269
5.295598 4.830642
5.294695 4.820106
5.293860 4.809487
5.293020 4.798886
5.292244 4.788317
5.291461 4.777843
5.290649 4.767150
5.289843 4.756473
5.289166 4.746232
5.288446 4.735583
5.287760 4.725041
5.287135 4.714488
5.286520 4.703941
5.285889 4.693692
5.285226 4.682813
5.284574 4.672034
5.283953 4.661457
5.283320 4.650877
5.282750 4.640377
5.282146 4.629873
5.281577 4.619577
5.281027 4.608513
5.280440 4.598178
5.279888 4.587627
5.279342 4.576874
5.278778 4.565751
5.278347 4.555033
5.277928 4.544630
5.277440 4.533885
5.277004 4.523236
5.276555 4.512476
5.276101 4.501702
5.275598 4.490937
5.275100 4.480057
5.274599 4.469059
5.274089 4.458155
5.273643 4.447482
5.273199 4.436693
5.272727 4.425799
5.272351 4.415136
5.271926 4.404267
5.271544 4.393528
5.271187 4.382909
5.270824 4.372288
5.270494 4.361455
5.270188 4.350965
5.269877 4.339955
5.269624 4.329607
5.269362 4.318727
5.269135 4.307962
5.268887 4.297748
5.268694 4.286793
5.268504 4.276379
5.268305 4.265655
5.268181 4.255043
5.268024 4.244434
5.267881 4.233922
5.267766 4.223392
5.267672 4.212785
5.267622 4.201974
5.267557 4.191160
5.267478 4.180557
5.267408 4.170158
5.267336 4.159651
5.267271 4.148923
5.267182 4.138396
5.267125 4.127863
5.267048 4.117002
5.266964 4.106443
5.266900 4.095662
5.266816 4.084868
5.266732 4.074497
5.266629 4.063468
5.266521 4.052748
5.266435 4.042340
5.266339 4.031494
5.266082 4.020861
5.265574 4.009885
5.264972 3.999013
5.264468 3.988349
5.264154 3.977578
5.263854 3.967015
5.263569 3.956022
5.263255 3.945138
5.263000 3.934461
5.262692 3.923482
5.262383 3.912716
5.262137 3.902278
5.261838 3.891422
5.261567 3.880681
5.261338 3.869840
5.261073 3.859333
5.260838 3.848411
5.260628 3.837925
5.260422 3.827240
5.260208 3.816461
5.260033 3.805905
5.259864 3.795040
5.259708 3.784503
5.259555 3.773877
5.259419 3.763464
5.258966 3.753174
5.258879 3.742393
5.258853 3.731990
5.258810 3.721383
5.258801 3.710451
5.258784 3.700271
5.258739 3.689237
5.258723 3.678834
5.258684 3.668430
5.258699 3.657505
5.258556 3.646988
5.258142 3.636370
5.257527 3.625409
5.256740 3.615085
5.256503 3.604107
5.256341 3.593647
5.256196 3.582752
5.256102 3.572375
5.255912 3.561349
5.255639 3.550948
5.255469 3.540007
5.255247 3.529149
5.255026 3.518295
5.254921 3.507649
5.254698 3.496999
5.254461 3.486242
5.254262 3.475797
5.254014 3.464929
5.253781 3.454058
5.253573 3.443074
5.253344 3.432529
5.253142 3.421877
5.252944 3.410903
5.252725 3.399940
5.252557 3.389195
5.252379 3.378568
5.252213 3.368057
5.252060 3.357019
5.251918 3.346526
5.251799 3.336045
5.251669 3.325151
5.251587 3.314376
5.251519 3.304029
5.251421 3.293157
5.251351 3.282509
5.251331 3.271763
5.251277 3.261024
5.251237 3.250396
5.251215 3.239987
5.251194 3.229473
5.251207 3.218537
5.251144 3.207901
5.251114 3.207253
5.251144 3.197342
5.251173 3.186835
5.251153 3.176108
5.251111 3.165452
5.251137 3.154810
5.251402 3.143916
5.251863 3.133462
5.252503 3.122798
5.253275 3.112015
5.253249 3.111364
5.253806 3.101310
5.254587 3.090943
5.255152 3.080071
5.255725 3.069479
5.256417 3.058882
5.257510 3.048304
5.258777 3.037410
5.259930 3.027056
5.261262 3.015762
5.262535 3.005254
5.263957 2.994533
5.265568 2.983730
5.266518 2.974117
5.267547 2.964587
5.269798 2.954115
5.271754 2.943091
5.273435 2.932594
5.275321 2.921930
5.277190 2.911458
5.277068 2.910415
5.277997 2.901899
5.280162 2.891616
5.282266 2.880937
5.284137 2.870847
5.286192 2.860842
5.288687 2.850466
5.290297 2.840646
5.293474 2.830153
5.296419 2.819726
5.299714 2.809633
5.303336 2.799346
5.307283 2.788637
5.311477 2.778432
5.315990 2.768054
5.320190 2.757944
5.324205 2.747959
5.328108 2.737708
5.331285 2.728306
5.335567 2.717975
5.339299 2.708068
5.343577 2.697395
5.347439 2.687690
5.351184 2.677493
5.354883 2.667591
5.358943 2.657477
5.363111 2.647382
5.367573 2.636857
5.371690 2.627028
5.375850 2.617092
5.380040 2.607347
5.384748 2.597178
5.389158 2.587554
5.394013 2.578120
5.399191 2.568789
5.404335 2.559377
5.409645 2.549922
5.415006 2.540549
5.420628 2.531289
5.426524 2.521997
5.432446 2.513332
5.438508 2.504720
5.444774 2.495991
5.451351 2.487335
5.458097 2.478602
5.464648 2.470335
5.470699 2.462977
5.477654 2.454891
5.484835 2.446426
5.491951 2.438480
5.498472 2.431349
5.505699 2.423997
5.513175 2.416461
5.520784 2.408688
5.528652 2.400968
5.535424 2.394874
5.543237 2.388033
5.551663 2.380603
5.559626 2.373951
5.567913 2.367020
5.575597 2.360484
5.584128 2.353551
5.592052 2.347008
5.600204 2.340317
5.608329 2.333699
5.616230 2.327616
5.624718 2.321326
5.632838 2.315570
5.641695 2.309273
5.649818 2.303331
5.658398 2.297471
5.667464 2.291860
5.676351 2.286631
5.685246 2.282002
5.694182 2.277047
5.703773 2.272343
5.712942 2.267414
5.721983 2.262965
5.731632 2.258644
5.740913 2.253879
5.750009 2.249562
5.759442 2.245151
5.768912 2.241026
5.778415 2.237066
5.788396 2.233232
5.798039 2.229367
5.807462 2.225806
5.817516 2.222187
5.826848 2.218000
5.836270 2.214414
5.846254 2.210732
5.855548 2.206941
5.865605 2.203542
5.876072 2.200719
5.886576 2.197439
5.895152 2.194699
5.907037 2.190780
5.907843 2.190493
5.916981 2.187417
5.927180 2.184294
5.936933 2.181338
5.946906 2.178684
5.957465 2.176177
5.967522 2.174018
5.977894 2.171732
5.988042 2.169926
5.998274 2.168213
6.008720 2.166836
6.019546 2.165604
6.030051 2.164671
6.040589 2.163618
6.050958 2.162735
6.061439 2.161910
6.072276 2.160872
6.082675 2.159883
6.093527 2.158923
6.103962 2.158030
6.114954 2.156970
6.125424 2.155829
6.136336 2.154638
6.146887 2.153423
6.157355 2.152177
6.168255 2.150903
6.179043 2.149677
6.189290 2.148541
6.198000 2.147472
6.210573 2.146086
6.211528 2.145933
6.221139 2.144985
6.231966 2.143898
6.242692 2.142797
6.252794 2.141778
6.263808 2.140774
6.274062 2.139832
6.284625 2.138960
6.295162 2.138056
6.306000 2.137169
6.306739 2.137070
6.316255 2.136304
6.326883 2.135419
6.337618 2.134538
6.347939 2.133673
6.358569 2.132853
6.368896 2.132049
6.379547 2.131527
6.390310 2.130847
6.400761 2.130104
6.410902 2.129621
6.421919 2.129071
6.432408 2.128406
6.442814 2.127843
6.453657 2.127492
6.464533 2.126923
6.474997 2.126350
6.485473 2.125817
6.496191 2.125479
6.507355 2.124931
6.517638 2.124503
6.528802 2.123986
6.539567 2.123543
6.550352 2.123127
6.558561 2.122781
6.571633 2.122477
6.580166 2.122228
6.593140 2.121814
6.604280 2.121491
6.612930 2.121215
6.625903 2.120861
6.636570 2.120545
6.647368 2.120213
6.657944 2.119942
6.668822 2.119617
6.679906 2.119312
6.690327 2.119077
6.700963 2.118780
6.711785 2.118494
6.722686 2.118286
6.733255 2.118072
6.743490 2.117858
6.754768 2.117699
6.764977 2.117523
6.775792 2.117365
6.786494 2.117238
6.797079 2.117086
6.807655 2.116941
6.817994 2.116868
6.828661 2.116721
6.829425 2.116707
6.839166 2.116589
6.849726 2.116509
6.860283 2.116383
6.870632 2.116279
6.881198 2.116168
6.891982 2.116086
6.902350 2.116009
6.913153 2.115901
6.923546 2.115830
6.934490 2.115773
6.945125 2.115685
6.955565 2.115588
6.964106 2.115554
6.977254 2.115463
6.987532 2.115399
6.998258 2.115330
7.009321 2.115273
7.019758 2.115220
7.030639 2.115166
7.031537 2.115139
7.041050 2.115126
7.051959 2.115050
7.063304 2.115016
7.074008 2.114984
7.084612 2.114923
7.095109 2.114909
7.106472 2.114889
7.117261 2.114878
7.128077 2.114866
7.138776 2.114837
7.149584 2.114831
7.160277 2.114822
7.171377 2.114797
7.181817 2.114783
7.192243 2.114779
7.203510 2.114758
7.214327 2.114759
7.224600 2.114760
7.235600 2.114724
7.244129 2.114753
7.256583 2.114741
7.267422 2.114739
7.278247 2.114742
7.288530 2.114733
7.299435 2.114753
7.309907 2.114769
7.320159 2.114740
7.330510 2.114756
7.341279 2.114778
7.342345 2.114784
7.351652 2.114746
7.362312 2.114753
7.372977 2.114748
7.383651 2.114738
7.394329 2.114776
7.404490 2.114754
7.415191 2.114749
7.426010 2.114770
7.436420 2.114748
7.447057 2.114756
7.457817 2.114763
7.468381 2.114735
7.479284 2.114767
7.489998 2.114760
7.500501 2.114752
7.511029 2.114757
7.522108 2.114754
7.533096 2.114762
7.543561 2.114797
7.554464 2.114740
7.565162 2.114757
7.576407 2.114790
7.586793 2.114758
7.597615 2.114773
7.608222 2.114779
7.619045 2.114761
7.630399 2.114780
7.641098 2.114765
7.651795 2.114754
7.662259 2.114775
7.673145 2.114753
7.684447 2.114753
7.694764 2.114759
7.705925 2.114741
7.716099 2.114753
7.725189 2.114728
7.737901 2.114717
7.748346 2.114736
7.758885 2.114733
7.769401 2.114728
7.779905 2.114737
7.791138 2.114717
7.801516 2.114737
7.811670 2.114759
7.822766 2.114726
7.832906 2.114748
7.843886 2.114774
7.854021 2.114762
7.865210 2.114770
7.875241 2.114768
7.885705 2.114760
7.896386 2.114798
7.907075 2.114779
7.917452 2.114766
7.928269 2.114781
7.938573 2.114757
7.949850 2.114768
7.960187 2.114771
7.970964 2.114743
7.981334 2.114769
7.992473 2.114764
8.002984 2.114747
8.013509 2.114747
8.024477 2.114745
8.035573 2.114752
8.045713 2.114787
8.056940 2.114729
8.067423 2.114747
8.078344 2.114784
8.089161 2.114749
8.100201 2.114749
8.110697 2.114753
8.121519 2.114735
8.132333 2.114758
8.143573 2.114738
8.154269 2.114725
8.165266 2.114761
8.175833 2.114741
8.186161 2.114746
8.197555 2.114753
8.208179 2.114730
8.219000 2.114745
8.229057 2.114743
8.239844 2.114723
8.250711 2.114742
8.261571 2.114744
8.271987 2.114745
8.282601 2.114756
8.292986 2.114733
8.294101 2.114751
8.303669 2.114777
8.314140 2.114801
8.324817 2.114772
8.335485 2.114786
8.346254 2.114813
8.356811 2.114805
8.367261 2.114813
8.378032 2.114811
8.388075 2.114795
8.389184 2.114774
8.398612 2.114815
8.409302 2.114798
8.420002 2.114795
8.430927 2.114817
8.440911 2.114794
8.451974 2.114808
8.462737 2.114813
8.473301 2.114787
8.483992 2.114819
8.494379 2.114810
8.504997 2.114804
8.515954 2.114806
8.526710 2.114803
8.537375 2.114818
8.548594 2.114851
8.558957 2.114803
8.570086 2.114815
8.580577 2.114854
8.591272 2.114848
8.602095 2.114849
8.613350 2.114852
8.623847 2.114834
8.634553 2.114861
8.646013 2.114837
8.656713 2.114821
8.667394 2.114847
8.678279 2.114825
8.688504 2.114828
8.699252 2.114830
8.700477 2.114833
8.710249 2.114812
8.720534 2.114835
8.731770 2.114838
8.742023 2.114819
8.752788 2.114829
8.763861 2.114836
8.774063 2.114843
8.784996 2.114854
8.795487 2.114837
8.796351 2.114825
8.805995 2.114859
8.816678 2.114888
8.827037 2.114871
8.837708 2.114890
8.848159 2.114914
8.858399 2.114904
8.869589 2.114928
8.880043 2.114925
8.890506 2.114921
8.901078 2.114959
8.911338 2.114947
8.922353 2.114955
8.932640 2.114973
8.943369 2.114957
8.953686 2.114973
8.964984 2.114978
8.975336 2.114950
8.986345 2.114987
8.996519 2.114978
8.997638 2.114978
9.007092 2.114972
9.018478 2.114971
9.028815 2.114955
9.039480 2.114973
9.050267 2.115012
9.061171 2.114969
9.072199 2.114973
9.082906 2.115011
9.093938 2.114985
9.104544 2.114995
9.115366 2.114998
9.126188 2.114985
9.136997 2.115010
9.147805 2.114989
9.158826 2.114988
9.169505 2.115012
9.180280 2.114989
9.190717 2.114995
9.201788 2.115001
9.212521 2.114985
9.222807 2.115009
9.233722 2.115009
9.244295 2.115001
9.255274 2.115000
9.266133 2.115009
9.276655 2.115018
9.286841 2.115037
9.297336 2.115009
9.308347 2.115039
9.318714 2.115071
9.329493 2.115052
9.339738 2.115075
9.350507 2.115096
9.361171 2.115093
9.371725 2.115116
9.382496 2.115112
9.392643 2.115108
9.403214 2.115144
9.414009 2.115132
9.424395 2.115131
9.434897 2.115143
9.445626 2.115129
9.456475 2.115148
9.466706 2.115155
9.478016 2.115131
9.488495 2.115160
9.499310 2.115155
9.510032 2.115145
9.520781 2.115144
9.531534 2.115147
9.542415 2.115167
9.552771 2.115204
9.563564 2.115162
9.574370 2.115178
9.585398 2.115209
9.596431 2.115181
9.607142 2.115186
9.617967 2.115195
9.628789 2.115183
9.639603 2.115213
9.650308 2.115200
9.661005 2.115199
9.672016 2.115212
9.682795 2.115194
9.693341 2.115202
9.703876 2.115208
9.714822 2.115190
9.725216 2.115216
9.736238 2.115218
9.737179 2.115217
9.746587 2.115199
9.757886 2.115211
9.768309 2.115207
9.778724 2.115223
9.789233 2.115244
9.799826 2.115203
9.810518 2.115231
9.821520 2.115264
9.831982 2.115246
9.842221 2.115260
9.852674 2.115278
9.863123 2.115264
9.874210 2.115286
9.884766 2.115287
9.894905 2.115277
9.905477 2.115310
9.916377 2.115298
9.926754 2.115295
9.937782 2.115312
9.948292 2.115304
9.958502 2.115320
9.969159 2.115329
9.979939 2.115303
9.990623 2.115332
10.001439 2.115333
10.012271 2.115332
10.022691 2.115346
10.033769 2.115335
10.044218 2.115354
10.045371 2.115371
10.055363 2.115415
10.063565 2.115382
10.077072 2.115386
10.087561 2.115422
10.098701 2.115403
10.109090 2.115414
10.120134 2.115404
10.130533 2.115378
10.139291 2.115395
10.152698 2.115389
10.163074 2.115383
10.174403 2.115406
10.184646 2.115379
10.195736 2.115390
10.206486 2.115395
10.217110 2.115376
10.228038 2.115408
10.238735 2.115412
10.249095 2.115402
10.260079 2.115404
10.270514 2.115411
10.280931 2.115434
10.291763 2.115444
10.302363 2.115417
10.312951 2.115445
10.323213 2.115478
10.333995 2.115466
10.344454 2.115481
10.354900 2.115490
10.365882 2.115488
10.376119 2.115523
10.386681 2.115509
10.397565 2.115511
10.407819 2.115544
10.418938 2.115528
10.429531 2.115531
10.439920 2.115556
10.450327 2.115544
10.460962 2.115566
10.471835 2.115575
10.482615 2.115548
10.493300 2.115582
10.503473 2.115578
10.514735 2.115583
10.525046 2.115602
10.536136 2.115570
10.547130 2.115587
10.557701 2.115627
10.568503 2.115575
10.569333 2.115578
10.578857 2.115599
10.589670 2.115624
10.601029 2.115611
10.611742 2.115620
10.622450 2.115612
10.633486 2.115597
10.644081 2.115628
10.654999 2.115598
10.665700 2.115595
10.676487 2.115616
10.687263 2.115595
10.697699 2.115604
10.708344 2.115610
10.719503 2.115591
10.730005 2.115619
10.740813 2.115622
10.751708 2.115617
10.762369 2.115615
10.773014 2.115623
10.783537 2.115644
10.794042 2.115661
10.804537 2.115634
10.815014 2.115650
10.825805 2.115686
10.836160 2.115683
10.847146 2.115694
10.857703 2.115715
10.867838 2.115704
10.878710 2.115744
10.889376 2.115732
10.899630 2.115731
10.910413 2.115766
10.920891 2.115753
10.931276 2.115757
10.941882 2.115770
10.952716 2.115759
10.963458 2.115782
10.974228 2.115789
10.984580 2.115767
10.985605 2.115759
10.995397 2.115793
11.006104 2.115797
11.016829 2.115807
11.027356 2.115825
11.038103 2.115793
11.048983 2.115818
11.059771 2.115857
11.070565 2.115825
11.081368 2.115843
11.092179 2.115862
11.103424 2.115841
11.114133 2.115854
11.124846 2.115853
11.135771 2.115830
11.146692 2.115870
11.157492 2.115835
11.168296 2.115837
11.178660 2.115847
11.189763 2.115833
11.199987 2.115849
11.210741 2.115854
11.221473 2.115829
11.232402 2.115863
11.243313 2.115863
11.253994 2.115859
11.264339 2.115879
11.275409 2.115877
11.285932 2.115901
11.296760 2.115919
11.307034 2.115885
11.317516 2.115909
11.327989 2.115943
11.336651 2.115922
11.349216 2.115945
11.359669 2.115957
11.370119 2.115942
11.380779 2.115984
11.391340 2.115967
11.402008 2.115959
11.403030 2.115953
11.412868 2.115996
11.423031 2.115972
11.433516 2.115969
11.444223 2.115970
11.454744 2.115942
11.465808 2.115956
11.476572 2.115967
11.486710 2.115946
11.497828 2.115936
11.498640 2.115932
11.508331 2.115918
11.519274 2.115920
11.530231 2.115927
11.540556 2.115905
11.551650 2.115928
11.562222 2.115966
11.572799 2.115927
11.583603 2.115941
11.594208 2.115946
11.595567 2.115938
11.605441 2.115899
11.616034 2.115926
11.626856 2.115912
11.638114 2.115906
11.648712 2.115940
11.659621 2.115913
11.670317 2.115922
11.680889 2.115934
11.691561 2.115914
11.702648 2.115930
11.713075 2.115932
11.724020 2.115899
11.734518 2.115923
11.745643 2.115914
11.756538 2.115902
11.766455 2.115922
11.777193 2.115896
11.788147 2.115918
11.799082 2.115935
11.809682 2.115904
11.820269 2.115928
11.830324 2.115953
11.841313 2.115941
11.851454 2.115959
11.862324 2.115962
11.872454 2.115941
11.883222 2.115973
11.894099 2.115954
11.904461 2.115947
11.914927 2.115971
11.925834 2.115954
11.936317 2.115951
11.946813 2.115955
11.957222 2.115936
11.967966 2.115955
11.978941 2.115963
11.989182 2.115939
11.999865 2.115941
12.010999 2.115947
12.019364 2.115957
12.032358 2.115966
12.043221 2.115940
12.053676 2.115955
12.064679 2.115996
12.075374 2.115948
12.086287 2.115960
12.096883 2.115982
12.107705 2.115962
12.118849 2.115974
12.129665 2.115960
12.140484 2.115942
12.151403 2.115974
12.161887 2.115936
12.172583 2.115950
12.183265 2.115960
12.194041 2.115945
12.205234 2.115965
12.215758 2.115959
12.226599 2.115920
12.237416 2.115945
12.248115 2.115951
12.258903 2.115939
12.269240 2.115943
12.279566 2.115920
12.290287 2.115967
12.301434 2.115983
12.311599 2.115971
12.322294 2.115987
12.332766 2.116013
12.343544 2.115995
12.354213 2.116007
12.364776 2.116008
12.375335 2.115999
12.385888 2.116022
12.396343 2.116007
12.406699 2.116007
12.417376 2.116027
12.428171 2.116013
12.438658 2.116010
12.448947 2.116014
12.459885 2.115994
12.470626 2.116008
12.480964 2.116016
12.491634 2.115997
12.502222 2.115995
12.513354 2.115996
12.523648 2.116002
12.534821 2.116008
12.545577 2.115979
12.546324 2.115958
12.555961 2.115986
12.566750 2.116015
12.577859 2.115966
12.588335 2.115974
12.599149 2.115989
12.610293 2.115977
12.620895 2.115983
12.631827 2.115970
12.642870 2.115965
12.653251 2.115990
12.664382 2.115951
12.675078 2.115966
12.685762 2.115961
12.696434 2.115940
12.707306 2.115954
12.717952 2.115963
12.729009 2.115931
12.739296 2.115944
12.750530 2.115959
12.760996 2.115957
12.771979 2.115965
12.782197 2.115950
12.793146 2.115977
12.803761 2.115999
12.814258 2.115971
12.824852 2.115987
12.835325 2.116007
12.845796 2.115984
12.856570 2.115996
12.867127 2.116004
12.877688 2.115999
12.887813 2.116026
12.898590 2.116001
12.909262 2.116001
12.917507 2.116013
12.930632 2.116008
12.940907 2.116005
12.951827 2.116006
12.962235 2.115985
12.972976 2.116002
12.983313 2.116011
12.994088 2.115995
13.005095 2.116002
13.013124 2.116006
13.026210 2.116006
13.037059 2.116021
13.047709 2.115994
13.058475 2.116021
13.069257 2.116057
13.080375 2.116013
13.090856 2.116027
13.101772 2.116036
13.112591 2.116015
13.123735 2.116017
13.134446 2.115999
13.144836 2.115996
13.156189 2.116015
13.166458 2.115962
13.177361 2.115975
13.188254 2.115975
13.198710 2.115948
13.210121 2.115962
13.220233 2.115963
13.231398 2.115931
13.242215 2.115947
13.252594 2.115944
13.263382 2.115941
13.273828 2.115948
13.285004 2.115923
13.285573 2.115924
13.295056 2.115947
13.305886 2.115960
13.316172 2.115935
13.327185 2.115950
13.337551 2.115965
13.348012 2.115952
13.358998 2.115961
13.367345 2.115955
13.379595 2.115955
13.380795 2.115952
13.390551 2.115965
13.401323 2.115950
13.411467 2.115952
13.422143 2.115971
13.432939 2.115960
13.443638 2.115960
13.453608 2.115967
13.464233 2.115937
13.473059 2.115961
13.485835 2.115974
13.496296 2.115954
13.506984 2.115961
13.517789 2.115957
13.528839 2.115963
13.539474 2.115978
13.550015 2.115950
13.560678 2.115971
13.571463 2.116003
13.582468 2.115962
13.593383 2.115974
13.604421 2.115985
13.615024 2.115961
13.625736 2.115969
13.636565 2.115950
13.647384 2.115940
13.658307 2.115956
13.669115 2.115908
13.680137 2.115928
13.690422 2.115904
13.691597 2.116028
13.701185 2.115829
13.711737 2.115522
13.722730 2.115218
13.733779 2.114923
13.744493 2.114509
13.754763 2.114226
13.765862 2.113937
13.776630 2.113626
13.787169 2.113332
13.797898 2.112988
13.808087 2.112673
13.818038 2.112361
13.828660 2.111994
13.838586 2.111656
13.849565 2.111256
13.859912 2.110917
13.870463 2.110549
13.881437 2.110178
13.889781 2.109903
13.892583 2.109812
13.902200 2.109537
13.912839 2.109275
13.923514 2.108995
13.933775 2.108757
13.944153 2.108516
13.954768 2.108316
13.965284 2.108131
13.976337 2.107884
13.986668 2.107680
13.987904 2.107663
13.997567 2.107495
14.008466 2.107270
14.018748 2.107087
14.029592 2.106838
14.038500 2.106662
14.051515 2.106456
14.062175 2.106244
14.073150 2.105893
14.083412 2.105129
14.094553 2.104555
14.105163 2.103930
14.116081 2.103308
14.126801 2.103141
14.137842 2.102853
14.148436 2.102619
14.159253 2.102442
14.169960 2.102369
14.181299 2.102178
14.191875 2.101950
14.202882 2.101770
14.213449 2.101547
14.224318 2.101345
14.234727 2.101166
14.245656 2.101031
14.256148 2.100898
14.266948 2.100750
14.277610 2.100619
14.288346 2.100500
14.298981 2.100420
14.309609 2.100355
14.320314 2.100264
14.330602 2.100193
14.341303 2.100118
14.352193 2.100047
14.362543 2.100025
14.373351 2.099862
14.383708 2.099583
14.394131 2.099316
14.404706 2.099151
14.415632 2.098786
14.425697 2.098326
14.436383 2.097851
14.446887 2.097604
14.457806 2.097361
14.468637 2.097203
14.476829 2.097022
14.487579 2.096814
14.500271 2.096283
14.510739 2.095668
14.521757 2.094991
14.532687 2.094840
14.543003 2.094874
14.554082 2.094762
14.564861 2.094602
14.575008 2.094654
14.586333 2.094536
14.596707 2.094416
14.607857 2.094280
14.618893 2.094194
14.627437 2.094122
14.640110 2.093981
14.651407 2.093854
14.661776 2.093804
14.672800 2.093735
14.683293 2.093722
14.694499 2.093706
14.704930 2.093689
14.715812 2.093684
14.726900 2.093689
14.737533 2.093712
14.747899 2.093734
14.759132 2.093788
14.769612 2.093855
14.780398 2.093883
14.788808 2.093997
14.801451 2.094098
14.812156 2.094222
14.822653 2.094386
14.831022 2.094469
14.843709 2.094678
14.844772 2.094663
14.844772 2.094663
14.844772 2.094663
14.844772 2.094663
14.844772 2.094663
14.844772 2.094663
14.844772 2.094663
14.844772 2.094663
14.844773 2.094663
14.844773 2.094663
14.844773 2.094663
14.844773 2.094663
14.844773 2.094663
14.844773 2.094663
14.844773 2.094663
14.844773 2.094663
14.844773 2.094663
14.844774 2.094663
14.844774 2.094663
14.844774 2.094662
14.844774 2.094662
14.844774 2.094662
14.844774 2.094662
14.844774 2.094662
14.844774 2.094662
14.844775 2.094662
14.844775 2.094662
14.844775 2.094662
14.844775 2.094662
14.844775 2.094662
14.844775 2.094662
14.844775 2.094662
14.844775 2.094662
14.844776 2.094662
14.844776 2.094662
14.844776 2.094662
14.844776 2.094662
14.844776 2.094662
14.844776 2.094662
14.844776 2.094661
14.844776 2.094661
14.844776 2.094661
14.844777 2.094661
14.844777 2.094661
14.844777 2.094661
14.844777 2.094661
14.853875 2.094635
14.864890 2.094857
14.875373 2.095333
14.885636 2.095912
14.896333 2.096468
14.906671 2.097194
14.917363 2.097925
14.928276 2.098517
14.939404 2.099599
14.949574 2.099343
14.960011 2.100483
14.970611 2.102105
14.981212 2.104082
14.992077 2.106671
15.002428 2.109186
15.013203 2.112058
15.023803 2.113690
15.034418 2.114810
15.044518 2.115602
15.055136 2.116866
15.065784 2.118151
15.062570 2.118615
15.056331 2.120433
15.049669 2.120064
15.048852 2.119861
15.048852 2.119860
15.048851 2.119860
15.048851 2.119860
15.048851 2.119860
15.048852 2.119862
15.048851 2.119862
15.048851 2.119862
15.048851 2.119862
15.048851 2.119862
15.048851 2.119863
15.048851 2.119863
15.048851 2.119863
15.048851 2.119863
15.048851 2.119863
15.048851 2.119863
15.048850 2.119863
15.048851 2.119864
15.048850 2.119863
15.048850 2.119864
15.048850 2.119864
15.048850 2.119864
15.048850 2.119864
15.048850 2.119864
15.048850 2.119864
15.048850 2.119864
15.048850 2.119864
15.048850 2.119864
15.048850 2.119864
15.048850 2.119864
15.048850 2.119864
15.048850 2.119864
15.048850 2.119864
15.048850 2.119864
15.048850 2.119864
15.048850 2.119864
15.048850 2.119864
15.048850 2.119864
15.048850 2.119864
15.048850 2.119864
15.048850 2.119864
15.048850 2.119864
15.048850 2.119864
15.048850 2.119864
15.048850 2.119864
15.048850 2.119864
15.048850 2.119864
15.048850 2.119864
15.048850 2.119864
15.048850 2.119864
15.048850 2.119864
15.048850 2.119864
15.048850 2.119864
15.048850 2.119864
15.048850 2.119864
15.048850 2.119864
15.048850 2.119864
15.048850 2.119864
15.048850 2.119864
15.048851 2.119864
15.048851 2.119864
15.048851 2.119864
15.048851 2.119864
15.048851 2.119864
15.048851 2.119864
15.048851 2.119864
15.048851 2.119864
15.048851 2.119864
15.048851 2.119864
15.048851 2.119864
15.048851 2.119864
15.048851 2.119864
15.048851 2.119864
15.048851 2.119864
15.048851 2.119864
15.048851 2.119864
15.048851 2.119864
15.048851 2.119864
15.048851 2.119864
15.048851 2.119864
15.048851 2.119864
15.048851 2.119864
15.048851 2.119864
15.048851 2.119865
15.048851 2.119865
15.048851 2.119865
15.048851 2.119865
15.048851 2.119865
15.048851 2.119865
15.048851 2.119865
15.048851 2.119865
15.048851 2.119865
15.048851 2.119865
15.048851 2.119865
15.048851 2.119865
15.048851 2.119865
15.048851 2.119865
15.048851 2.119865
15.048851 2.119865
15.048851 2.119865
15.048851 2.119865
15.048851 2.119865
15.048851 2.119865
15.048851 2.119865
15.048851 2.119865
15.048851 2.119865
15.048851 2.119865
15.048851 2.119865
15.048851 2.119865
15.048851 2.119865
15.048852 2.119865
15.048852 2.119865
15.048852 2.119865
15.048852 2.119865
15.048852 2.119865
15.048852 2.119865
15.048852 2.119865
15.048852 2.119865
15.048852 2.119865
15.048852 2.119865
15.048852 2.119865
15.048852 2.119865
15.048852 2.119865
