18.850000 18.550365
18.850000 18.550365
18.850000 18.550365
18.850000 18.550365
18.850000 18.550365
18.850000 18.550365
18.850000 18.550365
18.850000 18.550365
18.850000 18.550365
18.850000 18.550365
18.850000 18.550365
18.850000 18.550365
18.850000 18.550365
18.850000 18.550365
18.850000 18.550365
18.850000 18.550365
18.850000 18.550365
18.850000 18.550365
18.850000 18.550365
18.850000 18.550365
18.850000 18.550365
18.850000 18.550365
18.850000 18.550365
18.850000 18.550365
18.850000 18.550365
18.850000 18.550365
18.850000 18.550365
18.850000 18.550365
18.850000 18.550365
18.850002 18.550365
18.850002 18.550365
18.850002 18.550365
18.850002 18.550365
18.850002 18.550365
18.850002 18.550365
18.850002 18.550365
18.850002 18.550365
18.850002 18.550365
18.850002 18.550365
18.850002 18.550365
18.850002 18.550365
18.850002 18.550365
18.850002 18.550365
18.850002 18.550365
18.850002 18.550365
18.850002 18.550365
18.850002 18.550365
18.850002 18.550365
18.850002 18.550365
18.850002 18.550365
18.850002 18.550365
18.850002 18.550365
18.850002 18.550365
18.850002 18.550365
18.850002 18.550365
18.850002 18.550365
18.850002 18.550365
18.850002 18.550365
18.850002 18.550365
18.850002 18.550365
18.850002 18.550365
18.850002 18.550365
18.850002 18.550365
18.850002 18.550365
18.850002 18.550365
18.850002 18.550365
18.850002 18.550365
18.850002 18.550365
18.850002 18.550365
18.850002 18.550365
18.850002 18.550365
18.850002 18.550365
18.850002 18.550365
18.850002 18.550365
18.850002 18.550365
18.850002 18.550365
18.850002 18.550365
18.850002 18.550365
18.850002 18.550365
18.850002 18.550365
18.850002 18.550365
18.850002 18.550365
18.850004 18.550365
18.850004 18.550365
18.850004 18.550365
18.850004 18.550365
18.850004 18.550365
18.850004 18.550365
18.850004 18.550365
18.850004 18.550365
18.850004 18.550365
18.850004 18.550365
18.850004 18.550365
18.850004 18.550365
18.850004 18.550365
18.850004 18.550365
18.850004 18.550365
18.850004 18.550365
18.850004 18.550365
18.850004 18.550365
18.850004 18.550365
18.850004 18.550365
18.850004 18.550365
18.850004 18.550365
18.850004 18.550365
18.850004 18.550365
18.850004 18.550365
18.850004 18.550365
18.850004 18.550365
18.850004 18.550365
18.850004 18.550365
18.850004 18.550365
18.850004 18.550365
18.850004 18.550365
18.850004 18.550365
18.850004 18.550365
18.850004 18.550365
18.850004 18.550365
18.850004 18.550365
18.850004 18.550365
18.850004 18.550365
18.850004 18.550365
18.850004 18.550365
18.850004 18.550365
18.850004 18.550365
18.850004 18.550365
18.850004 18.550365
18.850004 18.550365
18.850004 18.550365
18.850004 18.550365
18.850004 18.550365
18.850004 18.550365
18.850006 18.550365
18.850006 18.550365
18.850006 18.550365
18.850006 18.550365
18.850006 18.550365
18.850006 18.550365
18.850006 18.550365
18.850006 18.550365
18.850006 18.550365
18.850006 18.550365
18.850006 18.550365
18.850006 18.550365
18.850006 18.550365
18.850006 18.550365
18.850006 18.550365
18.850006 18.550365
18.850006 18.550365
18.850006 18.550365
18.850006 18.550365
18.850006 18.550367
18.850006 18.550367
18.850006 18.550367
18.850006 18.550367
18.848839 18.550213
18.837568 18.550583
18.819973 18.545744
18.800541 18.538618
18.779837 18.530441
18.760260 18.521318
18.738884 18.511234
18.715002 18.500757
18.697458 18.493452
18.670994 18.482634
18.650497 18.474466
18.632654 18.467566
18.606491 18.458071
18.585556 18.450962
18.562149 18.443811
18.543726 18.438293
18.522039 18.431643
18.503639 18.425425
18.484354 18.417896
18.462706 18.408321
18.443897 18.399229
18.429127 18.391819
18.404671 18.379379
18.384956 18.369162
18.365835 18.359266
18.347176 18.349445
18.328663 18.339436
18.310770 18.329725
18.291965 18.319443
18.273066 18.308945
18.253918 18.298292
18.234337 18.287376
18.216249 18.277126
18.197083 18.266165
18.177889 18.254921
18.160212 18.244419
18.142982 18.233957
18.125530 18.223297
18.107536 18.212076
18.089664 18.200712
18.072554 18.189566
18.056736 18.179247
18.038887 18.167486
18.021936 18.156000
18.005531 18.144831
17.988556 18.132999
17.971920 18.121275
17.955397 18.109501
17.938463 18.097271
17.922693 18.085855
17.905565 18.073322
17.889883 18.061670
17.874420 18.050024
17.858088 18.037521
17.842630 18.025478
17.827595 18.013569
17.812599 18.001534
17.797125 17.988785
17.782906 17.977007
17.767866 17.964312
17.752834 17.951351
17.738924 17.939150
17.723400 17.925303
17.709660 17.912714
17.694868 17.898958
17.681452 17.886238
17.667669 17.873093
17.654615 17.860388
17.640152 17.846235
17.627748 17.833853
17.614799 17.820774
17.602535 17.808128
17.588732 17.793879
17.575922 17.780561
17.563660 17.767515
17.551971 17.754465
17.538763 17.739897
17.527433 17.727339
17.514969 17.712961
17.504126 17.700186
17.493586 17.687353
17.482134 17.673300
17.471863 17.661058
17.461214 17.648016
17.449532 17.633392
17.439808 17.620874
17.429203 17.607006
17.418451 17.592840
17.408567 17.579069
17.398476 17.564495
17.389271 17.551947
17.379553 17.538502
17.368765 17.523684
17.359098 17.509426
17.351988 17.498606
17.340273 17.481096
17.330847 17.466894
17.322050 17.453331
17.313599 17.440630
17.304663 17.426477
17.297180 17.414402
17.286860 17.397392
17.277939 17.382982
17.269844 17.369429
17.261555 17.355406
17.254570 17.343716
17.245729 17.328573
17.238232 17.314352
17.230206 17.299974
17.222681 17.285782
17.215672 17.272745
17.208044 17.258440
17.201307 17.245050
17.194416 17.230909
17.187700 17.216709
17.180960 17.202696
17.174358 17.187847
17.168350 17.175156
17.161716 17.160892
17.155998 17.147173
17.150421 17.134590
17.143564 17.119041
17.137201 17.104219
17.131546 17.090714
17.125000 17.075623
17.120567 17.064846
17.114141 17.047405
17.109339 17.034901
17.104368 17.021542
17.099508 17.007671
17.095623 16.995804
17.090452 16.980021
17.086233 16.966940
17.081690 16.952398
17.077662 16.938751
17.073971 16.924932
17.070789 16.912680
17.066908 16.897816
17.064407 16.886848
17.060867 16.872360
17.058020 16.858856
17.055540 16.845566
17.053471 16.834425
17.050861 16.819338
17.048492 16.805990
17.046465 16.792908
17.044857 16.781141
17.042212 16.765902
17.040293 16.753027
17.038076 16.739035
17.035997 16.726919
17.033844 16.714249
17.031605 16.700994
17.029072 16.687607
17.027065 16.676586
17.024445 16.660158
17.023094 16.646898
17.021631 16.634815
17.019957 16.621286
17.018261 16.609364
17.016439 16.595963
17.015339 16.583641
17.014347 16.570362
17.013575 16.558292
17.012821 16.546417
17.012005 16.533712
17.011196 16.520815
17.010523 16.508575
17.010065 16.497091
17.009512 16.484619
17.009014 16.472523
17.008633 16.460012
17.008177 16.446959
17.007725 16.435843
17.007334 16.422562
17.007177 16.411077
17.006771 16.400732
17.006315 16.386639
17.005978 16.373779
17.005600 16.361116
17.005283 16.349384
17.004932 16.336687
17.004614 16.323629
17.004303 16.311741
17.004044 16.299421
17.003763 16.286629
17.003466 16.273928
17.003174 16.262054
17.002914 16.249361
17.002668 16.236385
17.002428 16.223923
17.002169 16.212460
17.001936 16.199657
17.001709 16.187246
17.001484 16.174688
17.001280 16.162579
17.001127 16.149986
17.001007 16.138502
17.000851 16.126720
17.000696 16.113512
17.000458 16.101576
17.000315 16.092449
17.000267 16.077679
17.000206 16.067751
17.000162 16.053141
17.000210 16.041708
17.000257 16.029051
17.000320 16.017843
17.000668 16.005499
17.000793 15.993243
17.000973 15.981761
17.001143 15.970362
17.001263 15.958606
17.001348 15.948010
17.001556 15.934408
17.001747 15.921553
17.001871 15.909494
17.001987 15.897195
17.002085 15.885313
17.002272 15.872843
17.002398 15.861796
17.002455 15.849044
17.002516 15.837333
17.002621 15.825266
17.002691 15.812634
17.002747 15.802721
17.002735 15.787127
17.002796 15.778482
17.002876 15.762689
17.002926 15.750391
17.002981 15.738563
17.003059 15.727138
17.003143 15.713642
17.003193 15.701257
17.003254 15.690210
17.003281 15.678105
17.003338 15.665072
17.003391 15.653131
17.003456 15.641944
17.003492 15.629622
17.003532 15.617265
17.003588 15.607497
17.003616 15.593138
17.003653 15.580521
17.003687 15.568799
17.003723 15.557467
17.003765 15.544298
17.003742 15.532780
17.003746 15.521338
17.003765 15.511577
17.003817 15.496284
17.003813 15.487840
17.003841 15.472507
17.003952 15.461350
17.003969 15.449083
17.004015 15.436779
17.004072 15.424338
17.004066 15.413205
17.004101 15.400560
17.004156 15.388302
17.004200 15.376449
17.004248 15.364121
17.004274 15.351625
17.004324 15.338583
17.004330 15.327511
17.004345 15.314528
17.004383 15.302807
17.004423 15.290575
17.004400 15.278577
17.004393 15.265746
17.004457 15.253205
17.004490 15.241466
17.004520 15.229241
17.004574 15.216599
17.004637 15.204876
17.004650 15.192614
17.004644 15.180236
17.004681 15.167389
17.004639 15.156184
17.004639 15.143846
17.004633 15.131741
17.004671 15.119724
17.004681 15.107574
17.004684 15.095054
17.004705 15.083176
17.004744 15.071559
17.004778 15.059007
17.004776 15.047257
17.004835 15.035707
17.004887 15.023560
17.004906 15.011738
17.004906 14.999552
17.004934 14.986897
17.004883 14.975516
17.004826 14.963017
17.004753 14.950788
17.004686 14.938315
17.004606 14.925988
17.004501 14.914706
17.004148 14.902156
17.003883 14.889468
17.003729 14.877747
17.003220 14.864662
17.002882 14.852654
17.002590 14.840458
17.002317 14.828227
17.002205 14.815297
17.001852 14.802757
17.001501 14.790700
17.001141 14.778174
17.001013 14.766232
17.000996 14.753031
17.000875 14.741106
17.000448 14.731363
16.999744 14.716979
16.999203 14.703525
16.998812 14.692182
16.998323 14.679658
16.998075 14.667558
16.997929 14.654949
16.997101 14.643354
16.996010 14.630398
16.994957 14.617646
16.993807 14.605521
16.992676 14.592645
16.991573 14.580311
16.990488 14.567706
16.989420 14.555821
16.988276 14.542419
16.987497 14.530885
16.986441 14.517487
16.985535 14.506234
16.984936 14.492599
16.984648 14.480321
16.984411 14.468138
16.984364 14.456592
16.984613 14.443639
16.985222 14.431992
16.986141 14.420076
16.987381 14.407636
16.987574 14.397121
16.988281 14.384975
16.989429 14.372008
16.990139 14.360602
16.990978 14.348847
16.992182 14.336941
16.993273 14.325664
16.994581 14.313358
16.996166 14.301629
16.997417 14.289932
16.998772 14.279346
17.000320 14.267711
17.001633 14.255333
17.003080 14.244835
17.005016 14.231678
17.005655 14.220652
17.006569 14.209904
17.007992 14.197082
17.008032 14.186004
17.008024 14.176136
17.009256 14.163093
17.010509 14.152698
17.012646 14.140257
17.014660 14.130119
17.017088 14.119828
17.019684 14.109009
17.022366 14.098838
17.025217 14.088052
17.027456 14.078454
17.029711 14.068450
17.032383 14.058305
17.034912 14.047769
17.037975 14.037488
17.040749 14.027147
17.044392 14.017531
17.049026 14.006715
17.052172 14.000034
17.057634 13.988228
17.060989 13.977468
17.063751 13.964931
17.067026 13.951124
17.070204 13.937956
17.074362 13.927466
17.079342 13.916508
17.084133 13.907777
17.089180 13.897846
17.093454 13.887627
17.096781 13.878369
17.099148 13.870285
17.101910 13.857593
17.102911 13.846251
17.104069 13.834769
17.106024 13.822866
17.108231 13.811272
17.110157 13.799849
17.111788 13.789178
17.113552 13.777870
17.115301 13.766608
17.116957 13.755061
17.119102 13.743759
17.120758 13.733189
17.122473 13.723789
17.125792 13.711616
17.128162 13.702882
17.131823 13.690297
17.134130 13.680010
17.136980 13.669152
17.138742 13.661420
17.142309 13.647748
17.145567 13.637694
17.148373 13.626768
17.149879 13.617413
17.151724 13.605567
17.153400 13.594623
17.154758 13.584594
17.156797 13.572482
17.159178 13.561410
17.161453 13.550186
17.163450 13.539565
17.165565 13.529199
17.167793 13.518621
17.170399 13.507123
17.172169 13.499412
17.175352 13.485657
17.177090 13.478212
17.180325 13.464712
17.182760 13.455273
17.185976 13.443357
17.188261 13.433506
17.190771 13.422816
17.193094 13.412721
17.195890 13.402175
17.198711 13.391516
17.201435 13.380659
17.203602 13.371177
17.206720 13.360343
17.210121 13.349124
17.212959 13.339236
17.214552 13.331308
17.217331 13.318875
17.220188 13.307606
17.222553 13.297471
17.225466 13.287691
17.227417 13.278009
17.229885 13.268175
17.233078 13.258598
17.236847 13.250224
17.241650 13.241213
17.246614 13.233179
17.252888 13.224748
17.258888 13.217318
17.265610 13.209623
17.271204 13.203552
17.276743 13.197535
17.284733 13.189319
17.290871 13.183325
17.297188 13.177557
17.304379 13.171446
17.310638 13.165910
17.317924 13.159841
17.324188 13.154938
17.331327 13.149357
17.338491 13.143968
17.345308 13.138408
17.351822 13.133408
17.358847 13.128220
17.365576 13.122892
17.371977 13.118027
17.377989 13.113632
17.385004 13.108773
17.392479 13.104022
17.399658 13.099761
17.406860 13.095067
17.414837 13.090767
17.422247 13.086509
17.429354 13.082700
17.437426 13.078588
17.443285 13.075941
17.451969 13.071909
17.459524 13.068255
17.467880 13.064837
17.475431 13.061614
17.482967 13.058093
17.488928 13.055611
17.498047 13.052030
17.506186 13.049024
17.513285 13.046667
17.522034 13.044736
17.529230 13.042801
17.537756 13.040551
17.544865 13.038356
17.552761 13.036100
17.561378 13.033269
17.568748 13.031097
17.575005 13.029150
17.585131 13.026200
17.592417 13.024180
17.600235 13.021961
17.608318 13.019735
17.616913 13.017599
17.623907 13.015688
17.632618 13.013045
17.640812 13.010841
17.648314 13.008702
17.656418 13.006829
17.664316 13.004636
17.671551 13.002115
17.680023 12.999129
17.688177 12.996438
17.694239 12.994449
17.702923 12.991818
17.712553 12.989402
17.720928 12.987370
17.728502 12.985520
17.734743 12.984062
17.744923 12.981627
17.753109 12.979662
17.760777 12.977788
17.768520 12.975945
17.777052 12.973901
17.784414 12.972161
17.792238 12.970290
17.801083 12.968207
17.806915 12.966854
17.816332 12.964601
17.825066 12.962525
17.832457 12.960815
17.840521 12.958927
17.849012 12.956996
17.856615 12.955308
17.863209 12.953934
17.872162 12.952036
17.881105 12.950384
17.888824 12.949243
17.893381 12.946953
17.897303 12.939967
17.899000 12.933294
17.900272 12.926337
17.902353 12.920041
17.901417 12.910382
17.899769 12.900756
17.891768 12.884641
17.883009 12.870791
17.876373 12.859851
17.867548 12.846240
17.861326 12.837374
17.852066 12.825004
17.844870 12.816912
17.837944 12.809529
17.830976 12.802895
17.823681 12.796541
17.816803 12.790802
17.810663 12.785641
17.803679 12.779229
17.798056 12.773831
17.791525 12.766954
17.785810 12.760347
17.779631 12.753051
17.774229 12.746407
17.768602 12.739463
17.763065 12.732469
17.757662 12.724955
17.752728 12.717453
17.747360 12.709902
17.742674 12.702555
17.737799 12.695464
17.733145 12.688689
17.728340 12.681077
17.724499 12.673906
17.720264 12.665485
17.716076 12.657548
17.712605 12.650724
17.708155 12.640656
17.705381 12.633577
17.701279 12.624364
17.697235 12.612458
17.694088 12.603359
17.690845 12.592847
17.687925 12.583224
17.685040 12.572915
17.682520 12.563742
17.679743 12.553430
17.677013 12.542163
17.675066 12.532622
17.673044 12.521585
17.671686 12.512414
17.670134 12.499107
17.669243 12.490747
17.667810 12.476614
17.667019 12.466044
17.666306 12.456782
17.665365 12.442050
17.664505 12.431431
17.663404 12.418621
17.662460 12.407569
17.661556 12.395312
17.660803 12.384317
17.660000 12.372445
17.658960 12.359800
17.657766 12.348563
17.656296 12.337128
17.654493 12.325501
17.653074 12.317017
17.651068 12.302581
17.649715 12.291148
17.648571 12.280156
17.647455 12.268759
17.646450 12.256367
17.645487 12.244971
17.644550 12.233465
17.643526 12.221102
17.642593 12.210300
17.641668 12.199336
17.640633 12.186891
17.639658 12.175302
17.638695 12.164214
17.638037 12.155928
17.636858 12.141671
17.635822 12.129348
17.635061 12.120093
17.633976 12.106717
17.633060 12.095469
17.632315 12.086200
17.631142 12.071706
17.630234 12.060081
17.629288 12.047972
17.628698 12.039814
17.627560 12.025061
17.626699 12.013938
17.625853 12.002114
17.625143 11.992333
17.624180 11.978470
17.623432 11.967257
17.622629 11.955234
17.622004 11.945944
17.621071 11.931201
17.620365 11.920180
17.619684 11.909442
17.618818 11.895892
17.618034 11.883199
17.617332 11.872228
17.616583 11.859937
17.615887 11.848005
17.615152 11.836646
17.614479 11.823586
17.613928 11.812338
17.613239 11.800403
17.612581 11.788840
17.612040 11.778695
17.611441 11.767505
17.610800 11.755288
17.610096 11.741504
17.609550 11.730243
17.608915 11.717276
17.608383 11.705738
17.607800 11.693660
17.607397 11.684374
17.606817 11.671443
17.606199 11.658500
17.605680 11.646884
17.605251 11.635785
17.604738 11.623657
17.604309 11.612119
17.603910 11.601125
17.603491 11.590702
17.603010 11.577310
17.602587 11.565773
17.602127 11.552518
17.601772 11.541391
17.601370 11.528667
17.601017 11.517661
17.600653 11.505445
17.600294 11.493487
17.599958 11.480571
17.599659 11.468724
17.599379 11.458826
17.599058 11.445372
17.598730 11.432521
17.598413 11.420534
17.597960 11.410517
17.597446 11.396743
17.597054 11.384847
17.596663 11.373028
17.596291 11.360203
17.595978 11.347655
17.595703 11.336638
17.595379 11.324079
17.595074 11.311597
17.594801 11.300212
17.594549 11.288203
17.594307 11.276208
17.594053 11.263043
17.593927 11.253658
17.593706 11.239521
17.593489 11.227035
17.593311 11.214974
17.593145 11.203785
17.593042 11.192389
17.593006 11.179838
17.592964 11.168109
17.592958 11.156296
17.593071 11.143580
17.593210 11.131770
17.593309 11.119180
17.593409 11.107520
17.593603 11.095681
17.594112 11.082440
17.594364 11.071007
17.594660 11.058125
17.594942 11.046600
17.595192 11.034876
17.595459 11.022634
17.595804 11.009927
17.596104 10.997274
17.596439 10.985412
17.596804 10.972455
17.597143 10.961040
17.597565 10.947626
17.597971 10.935787
17.598372 10.923344
17.598774 10.910692
17.599188 10.898990
17.599577 10.887883
17.600044 10.873629
17.600502 10.861037
17.600939 10.848805
17.601429 10.835903
17.601864 10.823658
17.602341 10.810522
17.602806 10.798402
17.603270 10.786264
17.603708 10.774270
17.604273 10.761247
17.604815 10.748693
17.605312 10.736642
17.605795 10.724710
17.606316 10.712406
17.606861 10.699864
17.607395 10.686841
17.607920 10.674252
17.608408 10.663370
17.608980 10.650352
17.609446 10.638636
17.609957 10.625972
17.610460 10.614093
17.610956 10.601864
17.611456 10.588981
17.611950 10.576662
17.612410 10.565591
17.612907 10.553100
17.613340 10.541903
17.613916 10.527057
17.614399 10.516043
17.614792 10.505452
17.615353 10.491036
17.615723 10.481406
17.616289 10.466118
17.616714 10.454066
17.617163 10.441494
17.617657 10.427929
17.618101 10.416783
17.618540 10.403908
17.618973 10.391497
17.619442 10.378895
17.619900 10.365654
17.620199 10.355744
17.620661 10.343649
17.621140 10.328680
17.621569 10.316351
17.621954 10.303986
17.622372 10.291544
17.622744 10.279533
17.623178 10.267156
17.623516 10.256037
17.623978 10.242081
17.624365 10.229916
17.624798 10.217140
17.625179 10.204864
17.625555 10.193155
17.625944 10.181056
17.626299 10.169214
17.626610 10.159568
17.627031 10.143888
17.627415 10.131797
17.627769 10.120292
17.628046 10.110387
17.628540 10.094780
17.628813 10.083894
17.629171 10.071630
17.629498 10.058413
17.629702 10.049694
17.630032 10.035255
17.630348 10.022855
17.630672 10.010650
17.630903 10.000350
17.631298 9.984905
17.631617 9.972069
17.631865 9.960174
17.632126 9.948511
17.632427 9.935390
17.632698 9.922571
17.632883 9.910813
17.633070 9.901599
17.633377 9.886344
17.633640 9.873645
17.633821 9.863173
17.634079 9.848496
17.634304 9.837318
17.634497 9.824771
17.634665 9.814178
17.634916 9.800310
17.635151 9.787540
17.635353 9.774954
17.635542 9.762785
17.635736 9.751318
17.635960 9.738938
17.636126 9.726792
17.636351 9.713605
17.636549 9.701481
17.636744 9.690440
17.636930 9.678268
17.637135 9.666076
17.637287 9.656352
17.637510 9.641777
17.637674 9.629519
17.637867 9.616639
17.638039 9.605076
17.638199 9.592668
17.638357 9.581229
17.638529 9.568530
17.638706 9.556376
17.638819 9.545353
17.638992 9.532745
17.639147 9.520428
17.639322 9.507544
17.639460 9.495785
17.639616 9.483986
17.639774 9.470775
17.639906 9.459364
17.640053 9.446453
17.640192 9.434371
17.640310 9.422665
17.640465 9.409990
17.640591 9.397493
17.640720 9.385011
17.640837 9.374097
17.640953 9.363361
17.641037 9.353621
17.641176 9.340493
17.641291 9.329429
17.641384 9.319977
17.641499 9.309492
17.641594 9.299884
17.641680 9.290595
17.641752 9.280718
17.641815 9.272736
17.641914 9.264095
17.641998 9.255792
17.642052 9.247386
17.642117 9.239031
17.642176 9.232045
17.642223 9.222518
17.642279 9.213718
17.642332 9.206673
17.642385 9.200025
17.642431 9.193249
17.642467 9.186209
17.642532 9.179500
17.642567 9.172145
17.642624 9.165442
17.642664 9.159146
17.642685 9.153396
17.642715 9.148073
17.642761 9.142012
17.642759 9.136478
17.642818 9.133729
17.642818 9.133729
17.642818 9.133728
17.642818 9.133728
17.642818 9.133728
17.642818 9.133728
17.642818 9.133727
17.642818 9.133727
17.642820 9.133726
17.642820 9.133726
17.642820 9.133725
17.642820 9.133725
17.642820 9.133725
17.642822 9.133722
17.642822 9.133723
17.642822 9.133721
17.642822 9.133722
17.642822 9.133721
17.642822 9.133721
17.642822 9.133720
17.642822 9.133720
17.642822 9.133719
17.642822 9.133719
17.642822 9.133718
17.642822 9.133717
17.642822 9.133718
17.642822 9.133717
17.642824 9.133716
17.642824 9.133715
17.642822 9.133713
17.642822 9.133712
17.642822 9.133710
17.642822 9.133709
17.642822 9.133708
17.642824 9.133708
17.642824 9.133706
17.642824 9.133704
17.642824 9.133703
17.642822 9.133701
17.642822 9.133699
17.642822 9.133698
17.642822 9.133698
17.642824 9.133697
17.642824 9.133694
17.642824 9.133694
17.642822 9.133690
17.642822 9.133689
17.642822 9.133686
17.642820 9.133683
17.642822 9.133683
17.642820 9.133683
17.642822 9.133682
17.642824 9.133683
17.642824 9.133681
17.642824 9.133680
17.642824 9.133679
17.642826 9.133679
17.642826 9.133677
17.642824 9.133676
17.642824 9.133674
17.642822 9.133671
17.642820 9.133667
17.642820 9.133665
17.642820 9.133663
17.642818 9.133659
17.642818 9.133657
17.642818 9.133656
17.642818 9.133655
17.642818 9.133654
17.642818 9.133654
17.642818 9.133653
17.642818 9.133651
17.642817 9.133648
17.642817 9.133646
17.642815 9.133643
17.642815 9.133640
17.642817 9.133640
17.642817 9.133639
17.642805 9.133632
17.642790 9.133622
17.642771 9.133608
17.642757 9.133598
17.642738 9.133584
17.642721 9.133572
17.642704 9.133560
17.642694 9.133553
17.642673 9.133537
17.642656 9.133525
17.642639 9.133513
17.642624 9.133502
17.642607 9.133491
17.642591 9.133479
17.642574 9.133468
17.642557 9.133455
17.642542 9.133444
17.642527 9.133432
17.642513 9.133423
17.642492 9.133409
17.642475 9.133395
17.642460 9.133386
17.642443 9.133372
17.642431 9.133364
17.642410 9.133349
17.642395 9.133338
17.642378 9.133327
17.642361 9.133314
17.642345 9.133303
17.642330 9.133292
17.642313 9.133279
17.642294 9.133266
17.642282 9.133257
17.642262 9.133243
17.642246 9.133231
17.642231 9.133222
17.642212 9.133207
17.642197 9.133196
17.642179 9.133184
17.642164 9.133172
17.642149 9.133162
17.642132 9.133149
17.642113 9.133137
17.642099 9.133126
17.642086 9.133117
17.642067 9.133102
17.642048 9.133090
17.642031 9.133078
17.642015 9.133066
17.641998 9.133055
17.641983 9.133044
17.641970 9.133034
17.641951 9.133019
17.641933 9.133008
17.641916 9.132996
17.641901 9.132984
17.641884 9.132973
17.641869 9.132961
17.641850 9.132948
17.641836 9.132937
17.641821 9.132927
17.641804 9.132915
17.641787 9.132902
17.641769 9.132890
17.641752 9.132877
17.641735 9.132866
17.641720 9.132855
17.641703 9.132842
17.641689 9.132833
17.641674 9.132821
17.641653 9.132807
17.641636 9.132794
17.641621 9.132784
17.641605 9.132772
17.641588 9.132760
17.641573 9.132749
17.641556 9.132737
17.641539 9.132725
17.641521 9.132713
17.641504 9.132700
17.641489 9.132689
17.641472 9.132677
17.641457 9.132666
17.641439 9.132653
17.641422 9.132642
17.641407 9.132629
17.641390 9.132618
17.641375 9.132607
17.641357 9.132594
17.641342 9.132584
17.641325 9.132571
17.641308 9.132559
17.641291 9.132547
17.641275 9.132535
17.641258 9.132524
17.641243 9.132512
17.641228 9.132503
17.641209 9.132488
17.641191 9.132476
17.641174 9.132464
17.640619 9.123111
17.640568 9.110249
17.640802 9.098597
17.641417 9.085496
17.642570 9.072972
17.644226 9.061294
17.645878 9.047791
17.647509 9.034973
17.648960 9.025445
17.651226 9.009814
17.652832 8.996140
17.654432 8.983553
17.655825 8.974143
17.658010 8.958199
17.659681 8.944695
17.660608 8.935031
17.662418 8.918510
17.664272 8.905762
17.666264 8.892304
17.668211 8.880348
17.670179 8.866420
17.671947 8.853913
17.673992 8.840034
17.675842 8.827836
17.677505 8.816836
17.679684 8.802287
17.681454 8.789039
17.683411 8.775807
17.685499 8.762930
17.687851 8.748564
17.689554 8.738164
17.691952 8.723694
17.694134 8.710468
17.696264 8.697660
17.698694 8.684026
17.700836 8.671699
17.703150 8.658566
17.705414 8.645995
17.707708 8.633262
17.710079 8.620154
17.712437 8.606993
17.714853 8.593880
17.717422 8.579975
17.719759 8.567270
17.721987 8.554921
17.724319 8.542333
17.726748 8.529612
17.729225 8.516379
17.732100 8.502359
17.734655 8.489320
17.737574 8.475166
17.739962 8.463257
17.741966 8.452725
17.745337 8.436320
17.747913 8.422885
17.750334 8.410593
17.752958 8.397281
17.755596 8.383665
17.758230 8.369773
17.760630 8.357330
17.762758 8.346537
17.765881 8.330262
17.768431 8.317220
17.771080 8.303850
17.773626 8.290998
17.776001 8.279403
17.779087 8.264110
17.781631 8.251610
17.784336 8.238350
17.786724 8.226747
17.789715 8.212013
17.792423 8.198741
17.794657 8.187993
17.797977 8.172189
17.800589 8.159949
17.803663 8.146156
17.806356 8.133686
17.809294 8.120290
17.812290 8.107090
17.815361 8.093403
17.817636 8.082864
17.820944 8.067590
17.823919 8.053885
17.826685 8.041339
17.829714 8.027409
17.832647 8.014451
17.835506 8.001599
17.838572 7.987545
17.841181 7.975466
17.844097 7.961740
17.846781 7.949173
17.849682 7.935308
17.852501 7.921764
17.855158 7.909259
17.857950 7.895885
17.860744 7.882373
17.863514 7.868905
17.865892 7.857433
17.869165 7.841795
17.872063 7.828038
17.874910 7.814487
17.877554 7.801720
17.880163 7.789272
17.882994 7.776154
17.885822 7.763117
17.888926 7.748554
17.891804 7.735229
17.894484 7.722844
17.897392 7.709407
17.900236 7.696540
17.903305 7.682583
17.906162 7.669651
17.909111 7.656413
17.911961 7.643656
17.915079 7.629757
17.917940 7.617097
17.920918 7.603662
17.923719 7.591149
17.926559 7.578365
17.929506 7.565376
17.932590 7.551755
17.935398 7.539170
17.938562 7.524866
17.940630 7.515597
17.944473 7.498243
17.947109 7.486239
17.950043 7.472655
17.952959 7.459136
17.955883 7.445471
17.958490 7.433309
17.961418 7.419793
17.964155 7.406991
17.967131 7.393391
17.970358 7.378963
17.973400 7.365580
17.976068 7.353417
17.979084 7.339808
17.981726 7.327959
17.985115 7.313001
17.988108 7.300027
17.991142 7.286803
17.994326 7.272958
17.997501 7.259194
18.000570 7.246053
18.003796 7.232431
18.006802 7.219737
18.009249 7.209374
18.013254 7.192460
18.016151 7.180530
18.019426 7.167098
18.022892 7.152755
18.026037 7.139618
18.029238 7.126306
18.032156 7.114143
18.035362 7.101010
18.038647 7.087317
18.041681 7.074495
18.044966 7.060585
18.048294 7.046522
18.050657 7.036554
18.054195 7.021214
18.057274 7.007775
18.060186 6.994911
18.063271 6.981153
18.066460 6.966794
18.069166 6.954654
18.072083 6.941552
18.074944 6.928014
18.077883 6.914083
18.080769 6.900842
18.083061 6.889887
18.086332 6.874585
18.089184 6.861258
18.091860 6.848325
18.094755 6.834090
18.097340 6.821484
18.099972 6.808378
18.102846 6.794450
18.105568 6.781012
18.108196 6.767866
18.110846 6.754651
18.113510 6.741499
18.115993 6.729173
18.118578 6.716618
18.121162 6.704142
18.124027 6.690358
18.126488 6.678724
18.129183 6.666761
18.131603 6.656279
18.133831 6.645729
18.136028 6.635356
18.138000 6.626014
18.140631 6.613599
18.142550 6.604582
18.144070 6.597059
18.145958 6.586718
18.147345 6.579857
18.149588 6.568803
18.151447 6.559616
18.152967 6.551880
18.154846 6.543358
18.156651 6.534657
18.158110 6.527099
18.159542 6.519627
18.160994 6.512172
18.163088 6.501091
18.164980 6.488243
18.167017 6.474702
18.169279 6.461622
18.171478 6.449115
18.174221 6.435744
18.177324 6.422219
18.179853 6.411211
18.183598 6.395857
18.187012 6.381253
18.189856 6.368697
18.193146 6.354149
18.196192 6.341933
18.199488 6.328144
18.202927 6.313713
18.206123 6.300560
18.209328 6.287798
18.212656 6.274978
18.215786 6.262842
18.219599 6.247993
18.222670 6.236298
18.226723 6.221100
18.230366 6.207549
18.233507 6.196045
18.237795 6.180367
18.241415 6.167203
18.244968 6.154297
18.247820 6.143981
18.252396 6.127520
18.256107 6.114044
18.259735 6.100937
18.263519 6.087243
18.267149 6.074028
18.270388 6.062177
18.274498 6.046948
18.278419 6.032496
18.281721 6.020001
18.285511 6.005390
18.288929 5.992236
18.292194 5.979592
18.295845 5.965442
18.299091 5.952793
18.302742 5.938267
18.305992 5.924737
18.309362 5.911478
18.312365 5.899098
18.315945 5.884858
18.318495 5.874634
18.322458 5.858221
18.324989 5.847521
18.328850 5.831155
18.331806 5.818193
18.334801 5.804732
18.337774 5.791966
18.340778 5.778877
18.344065 5.765300
18.346519 5.754798
18.349825 5.739700
18.352955 5.725873
18.356003 5.712598
18.358768 5.700379
18.361685 5.687173
18.363823 5.677176
18.367056 5.661837
18.369884 5.648869
18.372869 5.634917
18.375212 5.622796
18.377859 5.609283
18.380287 5.596582
18.382578 5.583583
18.384932 5.569769
18.387085 5.557063
18.388987 5.544964
18.390577 5.534572
18.392809 5.518652
18.394653 5.505453
18.396700 5.492695
18.398579 5.479269
18.400488 5.466658
18.402071 5.455739
18.403812 5.440212
18.405428 5.427350
18.407125 5.414461
18.408836 5.401199
18.410479 5.388021
18.411957 5.375882
18.413477 5.363388
18.415106 5.349291
18.416590 5.336672
18.418047 5.323936
18.419487 5.311489
18.420822 5.299678
18.422297 5.286200
18.423342 5.275655
18.424490 5.264056
18.426085 5.248916
18.427309 5.236015
18.428593 5.223249
18.429722 5.209888
18.430666 5.198283
18.431774 5.185830
18.432636 5.175468
18.433519 5.162867
18.434465 5.148472
18.435438 5.135509
18.436239 5.123473
18.437098 5.110179
18.437824 5.099131
18.438627 5.087698
18.439262 5.076327
18.440125 5.060071
18.440849 5.047520
18.441544 5.035843
18.442354 5.022527
18.443037 5.010849
18.443821 4.997061
18.444403 4.984504
18.444918 4.972999
18.445557 4.960499
18.446205 4.947700
18.446827 4.934445
18.447313 4.923017
18.447851 4.911754
18.448397 4.899897
18.448999 4.885821
18.449623 4.871942
18.450037 4.862514
18.450684 4.847071
18.451159 4.835506
18.451605 4.823706
18.452143 4.810050
18.452559 4.798789
18.453051 4.786216
18.453512 4.773183
18.453953 4.760896
18.454346 4.749165
18.454779 4.736824
18.455143 4.725016
18.455555 4.711716
18.455889 4.701966
18.456305 4.688509
18.456667 4.675590
18.457029 4.663189
18.457346 4.651423
18.457590 4.642462
18.457989 4.627108
18.458300 4.615139
18.458635 4.602011
18.458929 4.590484
18.459227 4.578371
18.459501 4.566372
18.459818 4.552804
18.460058 4.541581
18.460342 4.528455
18.460575 4.517202
18.460812 4.504125
18.461012 4.490904
18.461153 4.480999
18.461351 4.467149
18.461567 4.453981
18.461790 4.441587
18.461990 4.430141
18.462151 4.418018
18.462364 4.405212
18.462490 4.395619
18.462624 4.383897
18.462778 4.372197
18.462831 4.364630
18.462992 4.351342
18.463081 4.341854
18.463171 4.332098
18.463223 4.324472
18.463291 4.314067
18.463346 4.303815
18.463379 4.295335
18.463419 4.286967
18.463415 4.279591
18.463438 4.270458
18.463438 4.262775
18.463455 4.254218
18.463455 4.246559
18.463463 4.238451
18.463476 4.231621
18.463432 4.224629
18.463470 4.218994
18.463406 4.210793
18.463419 4.203897
18.463392 4.197169
18.463341 4.191644
18.463337 4.185184
18.463289 4.179740
18.463251 4.173916
18.463226 4.167861
18.463177 4.162574
18.463163 4.158812
18.463186 4.158795
18.463205 4.158781
18.463224 4.158767
18.463245 4.158751
18.463264 4.158738
18.463284 4.158724
18.463305 4.158710
18.463324 4.158695
18.463345 4.158679
18.463366 4.158665
18.463383 4.158652
18.463406 4.158636
18.463425 4.158621
18.463444 4.158607
18.463467 4.158592
18.463486 4.158578
18.463505 4.158565
18.463524 4.158550
18.463545 4.158535
18.463564 4.158521
18.463587 4.158505
18.463606 4.158491
18.463625 4.158477
18.463646 4.158462
18.463665 4.158448
18.463686 4.158433
18.463705 4.158419
18.463720 4.158408
18.463745 4.158390
18.463766 4.158376
18.463785 4.158361
18.463806 4.158346
18.463827 4.158331
18.463844 4.158318
18.463865 4.158303
18.463886 4.158288
18.463905 4.158274
18.463924 4.158260
18.463947 4.158244
18.463966 4.158230
18.463987 4.158215
18.464008 4.158200
18.464027 4.158186
18.464046 4.158172
18.464067 4.158157
18.464088 4.158143
18.464109 4.158127
18.464128 4.158113
18.464148 4.158100
18.464169 4.158084
18.464190 4.158069
18.464209 4.158055
18.464230 4.158040
18.464249 4.158027
18.464270 4.158010
18.464289 4.157997
18.464310 4.157982
18.464331 4.157967
18.464350 4.157952
18.464371 4.157937
18.464390 4.157924
18.464411 4.157908
18.464432 4.157894
18.464451 4.157880
18.464470 4.157866
18.464491 4.157850
18.464512 4.157835
18.464531 4.157821
18.464552 4.157807
18.464573 4.157790
18.464594 4.157776
18.464613 4.157763
18.464634 4.157747
18.464653 4.157733
18.464676 4.157717
18.464695 4.157703
18.464714 4.157689
18.464735 4.157673
18.464752 4.157661
18.464775 4.157644
18.464796 4.157629
18.464815 4.157615
18.464836 4.157601
18.464857 4.157585
18.464876 4.157571
18.464897 4.157556
18.464918 4.157541
18.464937 4.157527
18.464960 4.157511
18.464975 4.157500
18.465000 4.157482
18.465019 4.157467
18.465038 4.157454
18.465059 4.157438
18.465080 4.157423
18.465101 4.157408
18.465122 4.157393
18.465137 4.157382
18.465162 4.157365
18.465181 4.157350
18.465200 4.157336
18.465223 4.157320
18.465242 4.157307
18.465263 4.157291
18.465284 4.157276
18.465303 4.157262
18.465324 4.157247
18.465345 4.157232
18.465364 4.157218
18.465387 4.157202
18.465406 4.157187
18.465427 4.157172
18.465446 4.157158
18.465466 4.157144
18.465487 4.157129
18.465508 4.157114
18.465528 4.157099
18.465549 4.157084
18.465569 4.157070
18.465590 4.157055
18.465612 4.157039
18.465630 4.157025
18.465647 4.157012
18.465672 4.156995
18.465693 4.156980
18.465712 4.156966
18.465729 4.156954
18.465754 4.156935
18.465773 4.156921
18.465792 4.156907
18.465815 4.156892
18.465790 4.153203
18.465675 4.143009
18.465551 4.128980
18.465446 4.117157
18.465347 4.105251
18.465246 4.093863
18.465141 4.081260
18.465071 4.071970
18.464958 4.056744
18.464880 4.044777
18.464848 4.035086
18.464762 4.019808
18.464664 4.007785
18.464636 3.996797
18.464586 3.983721
18.464525 3.972225
18.464537 3.962536
18.464506 3.947505
18.464476 3.935916
18.464436 3.923516
18.464417 3.910953
18.464407 3.898588
18.464382 3.886160
18.464340 3.873399
18.464350 3.862239
18.464312 3.850150
18.464270 3.837487
18.464247 3.825576
18.464205 3.812418
18.464159 3.800666
18.464088 3.788107
18.464062 3.777194
18.464027 3.767473
18.463961 3.752622
18.463896 3.740454
18.463861 3.728736
18.463808 3.716513
18.463736 3.706504
18.463686 3.692673
18.463625 3.680208
18.463549 3.668844
18.463472 3.656540
18.463425 3.645002
18.463381 3.633502
18.463295 3.620959
18.463242 3.608938
18.463205 3.596312
18.463146 3.584852
18.463099 3.571785
18.463064 3.560591
18.463045 3.549809
18.463022 3.538655
18.463030 3.527823
18.463034 3.516881
18.463037 3.505253
18.463085 3.496436
18.463062 3.486792
18.463091 3.476785
18.463125 3.467380
18.463154 3.457324
18.463219 3.447942
18.463221 3.438240
18.461432 3.426654
18.459524 3.415356
18.458195 3.401556
18.456821 3.390611
18.454374 3.379386
18.451914 3.367864
18.450573 3.357356
18.449148 3.346725
18.447538 3.335069
18.445904 3.323753
18.444515 3.315217
18.442369 3.302644
18.439671 3.291687
18.436729 3.280976
18.433788 3.270702
18.429922 3.260880
18.425879 3.250778
18.421572 3.240754
18.417419 3.232681
18.411650 3.222036
18.407131 3.213123
18.402552 3.204490
18.397852 3.196151
18.392347 3.187297
18.386398 3.178220
18.381208 3.169766
18.375755 3.160681
18.370495 3.152523
18.364985 3.144250
18.360058 3.137035
18.353722 3.128566
18.348085 3.121304
18.342279 3.114274
18.335979 3.106954
18.329937 3.100406
18.323898 3.094020
18.317350 3.087256
18.310980 3.081263
18.304638 3.075438
18.297777 3.069480
18.291094 3.063775
18.284903 3.058283
18.278284 3.052377
18.270308 3.046205
18.263418 3.040874
18.256630 3.035706
18.250261 3.031011
18.243242 3.026235
18.236263 3.021520
18.228685 3.016699
18.221592 3.012189
18.215298 3.008080
18.206541 3.002840
18.199930 2.999335
18.192160 2.995076
18.184961 2.991383
18.177717 2.987204
18.170004 2.983014
18.162018 2.978683
18.154955 2.974529
18.147429 2.970443
18.141275 2.967091
18.132301 2.962464
18.124434 2.958437
18.117714 2.954979
18.109493 2.950871
18.101879 2.947062
18.096365 2.944285
18.087496 2.940089
18.081177 2.937085
18.071911 2.932720
18.066355 2.930062
18.056660 2.925997
18.049278 2.922557
18.041925 2.919145
18.034386 2.915870
18.026621 2.912492
18.018782 2.909083
18.011768 2.906251
18.004095 2.903249
17.996344 2.900189
17.989897 2.897651
17.981464 2.894489
17.973360 2.891528
17.965912 2.888612
17.958284 2.886017
17.950066 2.883637
17.942104 2.880987
17.935005 2.878768
17.926521 2.876549
17.919201 2.874563
17.911316 2.872505
17.903364 2.870794
17.895847 2.869169
17.889338 2.867907
17.879389 2.865802
17.873421 2.864454
17.863838 2.862454
17.855824 2.860725
17.847456 2.859007
17.839256 2.857039
17.831839 2.855092
17.823895 2.853325
17.817665 2.851905
17.808107 2.849786
17.801741 2.848645
17.792065 2.846932
17.785339 2.845601
17.775883 2.843817
17.768166 2.842262
17.761860 2.840844
17.752285 2.838942
17.745924 2.837654
17.736658 2.835733
17.729977 2.834268
17.720110 2.832532
17.712709 2.831422
17.704111 2.830213
17.695934 2.828845
17.687773 2.827550
17.680033 2.826199
17.671995 2.824832
17.665428 2.823891
17.655846 2.822604
17.647129 2.821368
17.639065 2.820237
17.632505 2.819471
17.622894 2.818410
17.615341 2.817636
17.607128 2.816961
17.598661 2.816596
17.590694 2.816735
17.582724 2.816851
17.574215 2.817032
17.565632 2.817192
17.558094 2.817230
17.549229 2.817179
17.541321 2.817192
17.532837 2.817444
17.525486 2.817672
17.517302 2.817909
17.508469 2.818192
17.500946 2.818369
17.492523 2.818875
17.484095 2.819289
17.475998 2.819635
17.469246 2.820033
17.459801 2.820524
17.450970 2.820975
17.443138 2.821370
17.434952 2.821129
17.426203 2.821517
17.418499 2.821882
17.410616 2.822289
17.401985 2.822753
17.395355 2.823264
17.385546 2.823919
17.377619 2.824357
17.369709 2.824760
17.361492 2.825142
17.353033 2.825598
17.345041 2.826140
17.336296 2.826708
17.328262 2.827422
17.320364 2.827915
17.312229 2.828584
17.304512 2.829284
17.296196 2.829933
17.288275 2.830573
17.279963 2.831538
17.271328 2.832318
17.263750 2.833078
17.255432 2.833799
17.248585 2.834558
17.238983 2.835544
17.231361 2.836231
17.222902 2.837019
17.216549 2.837614
17.206448 2.838558
17.198095 2.839329
17.190287 2.840237
17.182220 2.841084
17.174038 2.841903
17.165897 2.842734
17.158150 2.843513
17.149446 2.844398
17.141380 2.845220
17.133211 2.846058
17.125126 2.846886
17.117378 2.847697
17.109034 2.848585
17.101429 2.849365
17.092661 2.850313
17.084761 2.851155
17.077179 2.852022
17.069078 2.853192
17.060623 2.854176
17.052727 2.855108
17.044703 2.856231
17.036564 2.857123
17.028198 2.858281
17.020201 2.859198
17.011786 2.860231
17.003002 2.861242
16.995554 2.862155
16.989098 2.862911
16.978636 2.864216
16.970623 2.865196
16.963129 2.866060
16.954052 2.867095
16.948071 2.867808
16.937943 2.869004
16.929976 2.869952
16.921738 2.870899
16.913342 2.871868
16.905680 2.872734
16.897070 2.873706
16.888773 2.874596
16.880880 2.875476
16.872837 2.876358
16.864395 2.877298
16.857002 2.878067
16.848568 2.878987
16.840464 2.879842
16.832273 2.880691
16.826017 2.881310
16.815737 2.882364
16.808199 2.883108
16.799969 2.883903
16.792082 2.884672
16.783304 2.885511
16.775612 2.886180
16.767351 2.886966
16.759827 2.887661
16.750990 2.888361
16.743223 2.889001
16.736322 2.889524
16.726831 2.890181
16.718555 2.890879
16.710361 2.891325
16.702232 2.891725
16.694654 2.892069
16.686098 2.892485
16.678612 2.892723
16.670059 2.892844
16.661907 2.893165
16.653740 2.893461
16.645576 2.893929
16.637388 2.894187
16.629141 2.894455
16.620815 2.894850
16.614128 2.895160
16.604174 2.895602
16.596655 2.896008
16.588718 2.896348
16.580208 2.896768
16.571896 2.897177
16.563814 2.897590
16.555359 2.898004
16.547649 2.898385
16.538780 2.898851
16.530666 2.899218
16.522701 2.899529
16.514236 2.899894
16.506004 2.900289
16.498493 2.900631
16.490015 2.901056
16.481493 2.901423
16.472946 2.901796
16.465271 2.902013
16.456532 2.902367
16.448496 2.902670
16.440638 2.902962
16.432297 2.903267
16.424603 2.903523
16.416349 2.903816
16.407608 2.904086
16.399496 2.904306
16.390982 2.904546
16.383242 2.904787
16.375397 2.905014
16.366835 2.905195
16.358416 2.905380
16.350353 2.905548
16.342371 2.905707
16.334660 2.905789
16.325912 2.905963
16.318005 2.906056
16.310022 2.906187
16.301634 2.906294
16.293976 2.906390
16.285572 2.906464
16.277252 2.906579
16.270908 2.906632
16.260727 2.906712
16.253317 2.906768
16.244278 2.906850
16.236538 2.906911
16.228394 2.906938
16.220091 2.906984
16.212088 2.907030
16.203533 2.907075
16.195698 2.907107
16.187216 2.907179
16.180931 2.907205
16.170963 2.907264
16.163095 2.907298
16.155008 2.907374
16.146992 2.907429
16.138578 2.907494
16.130592 2.907509
16.122431 2.907542
16.113987 2.907616
16.106041 2.907677
16.097822 2.907732
16.089487 2.907796
16.081861 2.907872
16.073515 2.907946
16.065321 2.908025
16.056805 2.908094
16.048693 2.908194
16.040335 2.908266
16.032553 2.908329
16.024025 2.908394
16.015993 2.908514
16.008043 2.908579
15.999607 2.908652
15.991231 2.908734
15.982821 2.908833
15.974581 2.908872
15.966868 2.908968
15.958360 2.909003
15.950089 2.909128
15.941821 2.909153
15.934046 2.909230
15.925536 2.909277
15.917521 2.909360
15.909411 2.909351
15.901301 2.909424
15.892888 2.909452
15.884555 2.909497
15.876207 2.909471
15.868230 2.909508
15.859846 2.909506
15.852278 2.909509
15.843539 2.909446
15.835546 2.909430
15.827435 2.909399
15.819123 2.909342
15.811045 2.909281
15.804851 2.909225
15.794745 2.909136
15.786425 2.909058
15.778725 2.908988
15.770591 2.908884
15.764057 2.908840
15.754197 2.908722
15.745705 2.908597
15.738337 2.908493
15.729461 2.908381
15.721865 2.908297
15.712977 2.908163
15.705559 2.908093
15.698572 2.908006
15.688492 2.907901
15.680828 2.907769
15.674209 2.907727
15.664906 2.907614
15.656324 2.907529
15.648159 2.907417
15.639660 2.907363
15.631809 2.907300
15.623297 2.907236
15.614864 2.907155
15.607497 2.907142
15.598913 2.907096
15.590975 2.907086
15.582881 2.907051
15.574438 2.907047
15.565935 2.907029
15.558472 2.907030
15.549708 2.907018
15.541210 2.907031
15.533743 2.907043
15.525475 2.907060
15.517446 2.907080
15.508593 2.907120
15.500484 2.907146
15.492045 2.907179
15.484100 2.907202
15.476394 2.907235
15.467959 2.907243
15.459443 2.907301
15.451499 2.907318
15.445443 2.907337
15.435373 2.907359
15.428823 2.907361
15.419084 2.907371
15.410244 2.907375
15.402317 2.907379
15.393967 2.907360
15.387675 2.907345
15.379444 2.907339
15.369909 2.907314
15.361233 2.907268
15.353216 2.907245
15.345064 2.907207
15.336739 2.907156
15.328906 2.907106
15.320585 2.907052
15.312192 2.907006
15.304680 2.906936
15.296408 2.906885
15.288512 2.906818
15.279462 2.906755
15.271721 2.906680
15.263978 2.906627
15.255582 2.906548
15.246863 2.906480
15.238956 2.906415
15.230561 2.906352
15.223226 2.906296
15.214331 2.906240
15.206811 2.906184
15.198094 2.906130
15.190096 2.906076
15.181947 2.906030
15.173412 2.905976
15.166004 2.905953
15.157758 2.905930
15.149414 2.905900
15.142760 2.905876
15.134284 2.905882
15.126483 2.905858
15.118059 2.905854
15.110373 2.905886
15.100307 2.905905
15.092121 2.905931
15.083857 2.905940
15.075585 2.905980
15.067314 2.906041
15.061257 2.906042
15.051526 2.906124
15.043287 2.906171
15.034817 2.906227
15.026735 2.906252
15.018360 2.906316
15.009845 2.906408
15.001714 2.906460
14.995379 2.906505
14.985550 2.906563
14.977349 2.906648
14.969163 2.906679
14.961477 2.906762
14.953288 2.906785
14.944516 2.906871
14.936416 2.906892
14.928393 2.906949
14.920213 2.906961
14.911857 2.907017
14.903571 2.907020
14.895573 2.907058
14.887560 2.907061
14.880775 2.907082
14.870587 2.907043
14.862498 2.907062
14.854748 2.907053
14.846340 2.907052
14.838012 2.906998
14.830341 2.907000
14.821699 2.906975
14.813868 2.906950
14.805388 2.906880
14.797972 2.906867
14.789325 2.906837
14.781005 2.906779
14.773354 2.906710
14.765151 2.906692
14.756805 2.906651
14.748243 2.906579
14.741082 2.906530
14.732302 2.906493
14.724170 2.906426
14.716006 2.906377
14.708108 2.906343
14.699541 2.906307
14.691958 2.906243
14.683305 2.906221
14.675062 2.906212
14.667389 2.906173
14.659060 2.906147
14.650490 2.906157
14.642470 2.906180
14.634192 2.906156
14.626680 2.906169
14.618417 2.906184
14.610408 2.906230
14.601571 2.906227
14.593606 2.906277
14.585362 2.906307
14.577118 2.906380
14.568834 2.906397
14.561062 2.906471
14.554506 2.906510
14.544026 2.906593
14.535828 2.906626
14.528211 2.906711
14.519605 2.906768
14.511901 2.906849
14.502967 2.906887
14.495594 2.906976
14.488290 2.907026
14.478858 2.907097
14.470490 2.907133
14.462388 2.907228
14.454272 2.907289
14.445842 2.907347
14.437490 2.907373
14.429638 2.907458
14.421653 2.907490
14.413171 2.907537
14.405010 2.907556
14.396739 2.907616
14.388329 2.907627
14.380477 2.907643
14.371982 2.907655
14.364550 2.907678
14.355817 2.907656
14.347651 2.907644
14.339251 2.907643
14.331910 2.907624
14.323262 2.907574
14.317224 2.907555
14.307269 2.907538
14.298712 2.907491
14.292107 2.907472
14.282969 2.907392
14.274579 2.907367
14.266590 2.907294
14.258116 2.907248
14.250545 2.907191
14.241907 2.907127
14.233428 2.907054
14.225523 2.906994
14.216964 2.906924
14.208888 2.906873
14.200803 2.906816
14.193390 2.906765
14.184329 2.906700
14.176337 2.906661
14.168499 2.906612
14.160088 2.906586
14.152323 2.906549
14.143836 2.906527
14.135742 2.906489
14.127742 2.906478
14.120777 2.906480
14.111554 2.906468
14.102798 2.906465
14.095022 2.906492
14.086334 2.906526
14.080587 2.906533
14.070429 2.906573
14.062569 2.906631
14.053807 2.906667
14.045372 2.906736
14.038995 2.906763
14.030869 2.906802
14.022431 2.906837
14.013004 2.906910
14.004405 2.906986
13.996206 2.907048
13.988590 2.907066
13.979878 2.907137
13.971587 2.907212
13.965706 2.907229
13.955124 2.907294
13.947591 2.907309
13.938913 2.907392
13.931139 2.907405
13.923198 2.907455
13.914273 2.907465
13.908142 2.907513
13.897918 2.907512
13.889823 2.907537
13.881892 2.907529
13.873727 2.907546
13.865951 2.907529
13.857529 2.907539
13.849281 2.907504
13.841129 2.907498
13.832829 2.907450
13.824340 2.907441
13.816187 2.907405
13.808274 2.907379
13.800121 2.907311
13.791808 2.907289
13.784227 2.907260
13.775837 2.907210
13.767652 2.907127
13.759950 2.907094
13.752881 2.907033
13.742920 2.906977
13.735015 2.906911
13.726620 2.906869
13.718467 2.906822
13.710393 2.906752
13.702649 2.906711
13.694249 2.906681
13.685749 2.906625
13.678392 2.906582
13.669997 2.906561
13.661830 2.906527
13.655219 2.906508
13.645084 2.906487
13.636823 2.906496
13.628973 2.906471
13.620799 2.906467
13.612123 2.906499
13.604030 2.906537
13.596088 2.906519
13.587948 2.906554
13.579580 2.906590
13.571244 2.906651
13.563134 2.906660
13.555189 2.906723
13.546905 2.906760
13.538651 2.906837
13.530384 2.906873
13.522010 2.906953
13.514289 2.906995
13.507968 2.907060
13.497891 2.907113
13.489944 2.907195
13.481504 2.907254
13.473310 2.907330
13.465425 2.907347
13.457431 2.907424
13.448444 2.907491
13.440816 2.907543
13.431963 2.907559
13.423632 2.907624
13.415924 2.907669
13.407566 2.907688
13.399551 2.907683
13.391175 2.907728
13.383463 2.907728
13.374541 2.907730
13.366372 2.907709
13.358706 2.907740
13.350780 2.907705
13.344264 2.907699
13.334242 2.907701
13.325629 2.907688
13.318074 2.907624
13.309938 2.907599
13.301522 2.907576
13.293523 2.907518
13.285186 2.907457
13.276636 2.907415
13.268481 2.907387
13.260400 2.907315
13.252888 2.907265
13.244499 2.907199
13.236019 2.907161
13.227949 2.907084
13.219961 2.907038
13.211565 2.906970
13.204147 2.906937
13.195341 2.906883
13.187103 2.906838
13.178866 2.906775
13.171060 2.906744
13.163029 2.906708
13.156397 2.906687
13.148002 2.906668
13.138197 2.906641
13.130353 2.906613
13.122019 2.906625
13.114006 2.906617
13.106071 2.906624
13.097157 2.906616
13.090695 2.906651
13.080949 2.906679
13.072657 2.906706
13.064392 2.906721
13.057092 2.906794
13.048565 2.906825
13.040139 2.906900
13.032535 2.906918
13.023677 2.906990
13.015733 2.907027
13.007859 2.907068
12.999753 2.907147
12.991478 2.907203
12.985004 2.907235
12.974275 2.907300
12.966814 2.907373
12.957849 2.907397
12.950171 2.907461
12.942217 2.907471
12.933297 2.907568
12.925684 2.907589
12.917499 2.907623
12.909550 2.907626
12.900801 2.907678
12.892543 2.907682
12.884936 2.907708
12.876107 2.907701
12.868169 2.907730
12.860049 2.907713
12.851569 2.907721
12.843623 2.907677
12.835204 2.907674
12.827127 2.907636
12.819129 2.907630
12.812608 2.907618
12.802740 2.907562
12.795156 2.907503
12.786352 2.907481
12.778201 2.907436
12.771520 2.907397
12.761741 2.907314
12.754327 2.907282
12.745532 2.907225
12.737970 2.907155
12.729339 2.907079
12.721756 2.907050
12.713280 2.907003
12.704719 2.906937
12.696973 2.906882
12.690365 2.906849
12.680904 2.906803
12.673885 2.906768
12.664504 2.906736
12.656014 2.906715
12.649810 2.906682
12.639682 2.906660
12.631598 2.906674
12.623425 2.906659
12.615335 2.906641
12.607618 2.906681
12.598652 2.906724
12.591244 2.906708
12.582710 2.906729
12.574238 2.906784
12.566113 2.906852
12.558505 2.906862
12.549648 2.906929
12.541204 2.906990
12.533333 2.907063
12.525302 2.907094
12.517021 2.907176
12.508654 2.907218
12.500711 2.907302
12.492427 2.907341
12.484478 2.907426
12.476027 2.907464
12.467589 2.907545
12.459805 2.907569
12.451453 2.907650
12.443015 2.907709
12.435166 2.907772
12.426583 2.907782
12.418551 2.907850
12.410527 2.907900
12.402758 2.907922
12.394004 2.907919
12.385668 2.907970
12.377577 2.907996
12.369328 2.908002
12.361238 2.907982
12.353400 2.908017
12.345068 2.907994
12.336977 2.908004
12.328566 2.907990
12.320820 2.907985
12.312529 2.907932
12.303959 2.907896
12.295820 2.907874
12.289686 2.907828
12.279573 2.907776
12.271338 2.907727
12.263925 2.907718
12.255450 2.907658
12.247544 2.907597
12.239476 2.907557
12.231166 2.907537
12.223179 2.907467
12.214449 2.907412
12.207035 2.907372
12.198720 2.907349
12.190367 2.907305
12.181567 2.907273
12.173818 2.907235
12.165246 2.907218
12.157083 2.907179
12.148989 2.907172
12.141458 2.907148
12.133368 2.907164
12.125185 2.907135
12.116857 2.907156
12.108270 2.907150
12.100096 2.907173
12.091899 2.907163
12.083870 2.907205
12.075290 2.907230
12.067264 2.907267
12.059813 2.907274
12.052442 2.907340
12.042689 2.907394
12.034734 2.907491
12.026081 2.907499
12.018006 2.907583
12.010120 2.907628
12.001580 2.907679
11.993700 2.907735
11.985515 2.907813
11.977329 2.907858
11.968989 2.907907
11.960864 2.907997
11.952408 2.908041
11.944361 2.908103
11.936332 2.908147
11.927890 2.908235
11.919791 2.908288
11.911361 2.908317
11.905305 2.908347
11.895160 2.908415
11.887550 2.908441
11.878638 2.908451
11.871028 2.908471
11.862522 2.908519
11.854440 2.908517
11.846350 2.908523
11.838016 2.908536
11.830197 2.908581
11.822216 2.908534
11.813806 2.908555
11.805505 2.908551
11.797096 2.908574
11.789190 2.908525
11.781035 2.908550
11.773369 2.908540
11.764642 2.908579
11.756170 2.908569
11.748098 2.908591
11.740364 2.908604
11.732384 2.908671
11.724159 2.908737
11.715759 2.908791
11.707529 2.908849
11.699642 2.908976
11.691112 2.909077
11.683062 2.909157
11.674822 2.909286
11.666998 2.909506
11.658363 2.909667
11.650511 2.909818
11.642263 2.909985
11.634097 2.910164
11.626262 2.910378
11.617690 2.910671
11.609354 2.910885
11.601594 2.911132
11.593870 2.911392
11.584849 2.911675
11.576570 2.911955
11.568556 2.912259
11.560637 2.912510
11.552689 2.912814
11.545833 2.913102
11.535726 2.913517
11.527856 2.913856
11.519162 2.914213
11.511785 2.914566
11.503252 2.914917
11.494883 2.915313
11.487131 2.915655
11.478683 2.916084
11.470720 2.916403
11.461951 2.916868
11.454155 2.917207
11.445451 2.917676
11.437906 2.918006
11.429379 2.918445
11.421516 2.918800
11.413002 2.919239
11.404984 2.919585
11.396791 2.919997
11.387916 2.920380
11.379768 2.920783
11.372000 2.921104
11.363591 2.921508
11.355834 2.921815
11.348004 2.922159
11.339118 2.922527
11.331213 2.922888
11.323309 2.923196
11.315255 2.923530
11.306545 2.923892
11.298234 2.924245
11.290835 2.924525
11.282697 2.924819
11.274484 2.925120
11.267972 2.925371
11.257971 2.925747
11.249668 2.926034
11.241653 2.926340
11.233294 2.926644
11.225544 2.926924
11.216983 2.927213
11.208684 2.927539
11.201360 2.927791
11.192741 2.928115
11.184749 2.928385
11.176195 2.928737
11.168056 2.929012
11.160707 2.929282
11.152205 2.929577
11.143972 2.929860
11.136214 2.930095
11.127237 2.930417
11.119560 2.930679
11.111305 2.930953
11.102640 2.931248
11.095067 2.931485
11.086576 2.931751
11.080100 2.931962
11.070279 2.932310
11.061759 2.932586
11.054553 2.932830
11.045795 2.933136
11.037889 2.933414
11.029240 2.933685
11.021073 2.933946
11.013019 2.934218
11.004835 2.934495
10.997199 2.934720
10.988429 2.934953
10.980473 2.935160
10.972195 2.935404
10.963457 2.935678
10.955343 2.935923
10.947231 2.936151
10.939434 2.936346
10.931306 2.936557
10.922804 2.936775
10.914776 2.936979
10.906178 2.937182
10.897984 2.937382
10.890467 2.937556
10.881708 2.937765
10.873356 2.937940
10.865416 2.938122
10.858889 2.938237
10.849251 2.938434
10.840753 2.938609
10.832654 2.938769
10.824310 2.938892
10.816166 2.939047
10.808740 2.939165
10.799954 2.939326
10.792408 2.939413
10.784417 2.939567
10.775565 2.939641
10.767741 2.939732
10.759787 2.939834
10.753329 2.939952
10.743343 2.940030
10.735117 2.940109
10.727145 2.940194
10.718935 2.940315
10.710760 2.940391
10.702464 2.940460
10.694221 2.940536
10.686474 2.940622
10.678009 2.940693
10.670146 2.940763
10.663501 2.940845
10.653979 2.940926
10.645239 2.940993
10.637239 2.941080
10.629195 2.941183
10.620785 2.941283
10.612320 2.941371
10.604103 2.941486
10.596186 2.941600
10.588089 2.941710
10.579604 2.941824
10.573511 2.941945
10.563389 2.942083
10.555270 2.942210
10.546927 2.942343
10.538722 2.942505
10.531177 2.942602
10.522306 2.942791
10.514209 2.942905
10.506255 2.943069
10.498306 2.943190
10.489944 2.943342
10.481666 2.943493
10.473232 2.943664
10.464767 2.943766
10.457110 2.943902
10.448454 2.943990
10.441014 2.944112
10.431981 2.944200
10.423939 2.944328
10.415849 2.944386
10.407657 2.944488
10.399807 2.944553
10.391465 2.944644
10.383534 2.944658
10.375051 2.944729
10.368512 2.944752
10.358846 2.944814
10.350654 2.944803
10.342423 2.944850
10.334332 2.944855
10.326603 2.944844
10.317824 2.944804
10.309982 2.944808
10.301672 2.944783
10.293354 2.944733
10.285529 2.944687
10.277216 2.944638
10.269229 2.944571
10.260655 2.944499
10.252397 2.944459
10.244789 2.944378
10.236014 2.944311
10.227981 2.944197
10.220107 2.944104
10.211975 2.944025
10.204219 2.943960
10.195859 2.943827
10.187480 2.943683
10.179809 2.943612
10.171002 2.943544
10.162918 2.943458
10.154922 2.943336
10.146710 2.943270
10.138513 2.943184
10.130604 2.943101
10.122331 2.943003
10.114052 2.942976
10.106435 2.942882
10.097843 2.942844
10.091394 2.942799
10.081702 2.942761
10.073339 2.942690
10.064756 2.942663
10.057302 2.942628
10.050185 2.942624
10.040936 2.942569
10.032496 2.942564
10.025945 2.942555
10.017340 2.942539
10.007487 2.942509
9.999955 2.942514
9.991021 2.942512
9.983250 2.942516
9.974813 2.942472
9.966537 2.942488
9.958478 2.942483
9.950390 2.942493
9.942102 2.942461
9.933736 2.942458
9.925464 2.942433
9.917782 2.942425
9.909543 2.942318
9.901256 2.942068
9.892956 2.941846
9.884730 2.941619
9.876550 2.941416
9.868444 2.941221
9.860637 2.941040
9.851995 2.940827
9.844410 2.940650
9.836204 2.940418
9.827876 2.940137
9.819851 2.939867
9.811695 2.939548
9.802844 2.939254
9.795244 2.938951
9.787007 2.938636
9.778440 2.938268
9.770857 2.937969
9.762529 2.937604
9.754616 2.937260
9.746298 2.936874
9.738475 2.936514
9.729518 2.936093
9.721950 2.935742
9.713515 2.935337
9.705323 2.934943
9.696843 2.934550
9.688848 2.934149
9.680934 2.933771
9.672462 2.933396
9.664336 2.933019
9.656636 2.932626
9.647903 2.932210
9.639893 2.931861
9.632150 2.931500
9.623825 2.931103
9.615891 2.930762
9.607878 2.930423
9.599142 2.930040
9.591137 2.929688
9.582645 2.929336
9.574636 2.929042
9.566637 2.928699
9.558226 2.928397
9.550463 2.928097
9.541881 2.927812
9.534283 2.927509
9.526028 2.927238
9.518009 2.926964
9.509589 2.926684
9.500844 2.926396
9.492666 2.926129
9.485225 2.925889
9.476312 2.925607
9.468385 2.925367
9.460704 2.925116
9.451709 2.924871
9.444101 2.924629
9.435928 2.924400
9.427666 2.924137
9.419169 2.923883
9.411448 2.923628
9.402921 2.923364
9.394999 2.923090
9.386751 2.922853
9.378572 2.922578
9.370646 2.922313
9.362352 2.922008
9.354403 2.921773
9.345932 2.921495
9.337477 2.921182
9.329198 2.920825
9.321306 2.920579
9.314435 2.920316
9.305137 2.919984
9.297137 2.919660
9.288891 2.919384
9.280401 2.919053
9.272080 2.918750
9.264237 2.918444
9.255665 2.918149
9.247592 2.917839
9.239515 2.917543
9.231443 2.917262
9.223448 2.916996
9.214967 2.916694
9.206719 2.916404
9.198796 2.916164
9.190724 2.915890
9.182238 2.915623
9.174081 2.915358
9.166245 2.915128
9.157845 2.914869
9.151887 2.914708
9.141766 2.914410
9.134019 2.914199
9.125863 2.913987
9.117152 2.913790
9.109578 2.913583
9.101398 2.913428
9.092949 2.913281
9.084800 2.913106
9.076381 2.912923
9.068786 2.912795
9.060470 2.912675
9.051731 2.912524
9.043701 2.912383
9.035366 2.912253
9.027592 2.912169
9.019241 2.912047
9.010976 2.911943
9.004671 2.911880
8.996569 2.911774
8.986979 2.911646
8.978543 2.911542
8.969985 2.911457
8.962034 2.911411
8.953796 2.911319
8.945891 2.911253
8.937615 2.911171
8.929360 2.911106
8.921494 2.911036
8.912737 2.910950
8.904394 2.910839
8.896130 2.910727
8.888474 2.910647
8.880133 2.910549
8.872283 2.910442
8.864273 2.910339
8.855695 2.910237
8.847769 2.910123
8.839845 2.910015
8.831280 2.909899
8.823530 2.909825
8.814448 2.909672
8.806536 2.909557
8.798130 2.909430
8.790137 2.909325
8.782220 2.909161
8.774135 2.909057
8.765643 2.908924
8.757730 2.908790
8.749315 2.908619
8.741679 2.908524
8.732951 2.908351
8.724675 2.908221
8.716809 2.908065
8.708661 2.907977
8.700320 2.907817
8.692683 2.907699
8.684192 2.907585
8.675787 2.907479
8.667798 2.907341
8.659559 2.907237
8.651316 2.907146
8.643643 2.907077
8.635071 2.906966
8.627306 2.906887
8.618817 2.906826
8.610404 2.906766
8.602890 2.906686
8.594615 2.906635
8.588137 2.906620
8.578087 2.906570
8.570217 2.906524
8.562045 2.906520
8.553120 2.906516
8.545349 2.906492
8.537406 2.906505
8.528644 2.906489
8.520870 2.906534
8.512267 2.906512
8.504367 2.906528
8.496102 2.906550
8.488061 2.906576
8.480125 2.906604
8.472253 2.906625
8.463405 2.906661
8.454881 2.906697
8.446611 2.906752
8.438910 2.906769
8.430970 2.906813
8.422368 2.906828
8.414112 2.906874
8.405715 2.906895
8.397520 2.906931
8.389607 2.906932
8.381172 2.906951
8.373242 2.906949
8.364986 2.906963
8.357475 2.906965
8.348415 2.906971
8.340726 2.906932
8.332900 2.906928
8.324335 2.906912
8.316100 2.906906
8.309878 2.906859
8.299530 2.906808
8.291540 2.906779
8.284779 2.906733
8.275302 2.906671
8.267071 2.906625
8.258991 2.906579
8.251013 2.906510
8.242722 2.906444
8.234840 2.906404
8.226856 2.906319
8.218202 2.906241
8.209881 2.906190
8.201894 2.906143
8.194153 2.906056
8.185746 2.906018
8.177182 2.905962
8.169605 2.905906
8.161281 2.905843
8.153288 2.905818
8.144733 2.905787
8.136733 2.905729
8.129055 2.905713
8.120398 2.905691
8.112234 2.905700
8.103901 2.905659
8.095869 2.905674
8.088253 2.905676
8.079764 2.905710
8.071658 2.905709
8.063810 2.905754
8.054972 2.905763
8.046709 2.905834
8.038358 2.905840
8.030493 2.905907
8.022604 2.905935
8.015478 2.906006
8.005780 2.906021
7.997599 2.906108
7.989727 2.906175
7.981601 2.906229
7.972848 2.906271
7.964760 2.906368
7.958515 2.906401
7.949854 2.906479
7.940091 2.906540
7.932126 2.906638
7.923851 2.906683
7.915246 2.906744
7.907226 2.906771
7.901247 2.906825
7.891352 2.906869
7.882836 2.906908
7.874830 2.906936
7.868038 2.906963
7.858221 2.906975
7.850379 2.906978
7.842134 2.907016
7.833974 2.907029
7.826143 2.907002
7.817160 2.906989
7.809247 2.906997
7.801337 2.906982
7.792861 2.906950
7.785265 2.906916
7.778344 2.906922
7.768640 2.906868
7.760557 2.906828
7.752470 2.906762
7.744000 2.906750
7.735932 2.906677
7.727783 2.906647
7.719963 2.906605
7.711816 2.906593
7.703144 2.906498
7.695468 2.906480
7.687333 2.906430
7.679070 2.906412
7.670966 2.906350
7.662822 2.906344
7.654661 2.906316
7.646333 2.906281
7.637645 2.906246
7.630296 2.906270
7.622052 2.906252
7.613236 2.906232
7.605529 2.906224
7.597250 2.906269
7.589074 2.906265
7.580395 2.906279
7.572484 2.906299
7.564307 2.906360
7.556202 2.906381
7.548268 2.906421
7.540164 2.906466
7.532140 2.906521
7.523444 2.906582
7.515488 2.906634
7.507054 2.906715
7.499029 2.906780
7.492813 2.906817
7.482907 2.906865
7.474215 2.906987
7.466758 2.907073
7.457591 2.907147
7.449722 2.907205
7.441549 2.907319
7.433051 2.907357
7.425503 2.907450
7.416989 2.907484
7.409213 2.907600
7.400537 2.907631
7.392925 2.907685
7.384581 2.907737
7.376402 2.907819
7.367707 2.907815
7.359332 2.907858
7.351670 2.907896
7.343082 2.907950
7.334908 2.907914
7.326892 2.907957
7.319213 2.907961
7.310405 2.907982
7.302575 2.907936
7.294103 2.907966
7.286187 2.907942
7.278284 2.907933
7.269969 2.907888
7.261495 2.907898
7.253581 2.907858
7.245839 2.907827
7.238670 2.907787
7.228971 2.907767
7.221069 2.907710
7.212840 2.907673
7.205019 2.907637
7.196702 2.907600
7.188445 2.907562
7.181897 2.907528
7.172214 2.907518
7.164154 2.907482
7.155916 2.907458
7.149228 2.907429
7.139600 2.907441
7.131276 2.907416
7.122794 2.907405
7.114804 2.907367
7.106519 2.907414
7.100616 2.907383
7.090755 2.907420
7.082267 2.907440
7.073922 2.907494
7.065573 2.907510
7.057838 2.907548
7.049815 2.907590
7.041550 2.907683
7.032682 2.907697
7.024685 2.907774
7.018320 2.907814
7.008893 2.907926
7.002098 2.907936
6.991829 2.908041
6.983664 2.908099
6.975535 2.908166
6.967646 2.908210
6.959413 2.908321
6.950632 2.908390
6.942984 2.908456
6.934583 2.908500
6.926492 2.908609
6.918043 2.908655
6.910364 2.908716
6.902258 2.908748
6.893176 2.908844
6.885283 2.908867
6.876837 2.908920
6.868754 2.908930
6.860982 2.908988
6.852402 2.909004
6.844553 2.909024
6.836385 2.909034
6.828383 2.909059
6.820139 2.909051
6.812133 2.909039
6.803857 2.909040
6.795903 2.909023
6.787028 2.908977
6.779111 2.908929
6.771180 2.908924
6.763010 2.908885
6.755928 2.908844
6.746278 2.908771
6.737863 2.908757
6.730116 2.908719
6.721863 2.908655
6.713598 2.908608
6.705581 2.908592
6.697276 2.908516
6.689590 2.908486
6.681668 2.908419
6.673274 2.908397
6.664370 2.908324
6.656378 2.908302
6.648664 2.908254
6.640073 2.908243
6.633647 2.908192
6.624138 2.908176
6.615741 2.908144
6.607397 2.908139
6.599630 2.908108
6.591266 2.908134
6.584853 2.908117
6.574844 2.908139
6.566613 2.908139
6.558340 2.908191
6.549987 2.908216
6.541787 2.908230
6.534406 2.908244
6.526313 2.908307
6.517866 2.908342
6.509442 2.908397
6.501595 2.908419
6.492743 2.908497
6.484537 2.908528
6.476449 2.908575
6.468013 2.908632
6.460548 2.908688
6.451704 2.908729
6.444334 2.908746
6.435591 2.908834
6.427878 2.908845
6.419697 2.908916
6.411426 2.908919
6.402835 2.909010
6.395059 2.909041
6.386618 2.909064
6.378515 2.909086
6.370144 2.909142
6.361972 2.909148
6.353871 2.909160
6.345377 2.909158
6.337373 2.909194
6.329450 2.909155
6.321113 2.909169
6.313027 2.909147
6.304627 2.909158
6.296299 2.909092
6.288391 2.909096
6.280076 2.909051
6.272589 2.909036
6.265766 2.908972
6.255974 2.908949
6.247490 2.908905
6.239252 2.908854
6.231713 2.908782
6.223743 2.908774
6.214767 2.908712
6.207214 2.908651
6.199249 2.908580
6.190437 2.908553
6.182365 2.908482
6.174109 2.908427
6.166677 2.908396
6.157889 2.908360
6.149707 2.908313
6.141377 2.908264
6.133711 2.908246
6.125056 2.908190
6.117139 2.908105
6.108808 2.908069
6.100644 2.908062
6.092390 2.908024
6.084544 2.907982
6.076035 2.907979
6.068176 2.907995
6.059880 2.907963
6.051934 2.907972
6.043507 2.907989
6.035159 2.908027
6.026985 2.908018
6.019503 2.908055
6.010756 2.908075
6.002627 2.908112
5.994341 2.908123
5.986381 2.908188
5.978085 2.908215
5.969645 2.908280
5.961521 2.908299
5.953333 2.908363
5.945138 2.908389
5.936778 2.908450
5.929234 2.908453
5.922446 2.908507
5.912859 2.908555
5.904831 2.908579
5.896473 2.908572
5.887643 2.908618
5.879380 2.908648
5.871166 2.908656
5.863295 2.908621
5.855311 2.908650
5.847373 2.908644
5.838961 2.908632
5.830381 2.908592
5.823031 2.908605
5.814542 2.908557
5.805811 2.908527
5.798142 2.908487
5.789985 2.908455
5.781599 2.908381
5.774021 2.908323
5.766027 2.908293
5.757390 2.908226
5.748913 2.908144
5.741331 2.908084
5.732615 2.908044
5.724628 2.907964
5.716393 2.907875
5.708633 2.907820
5.700633 2.907781
5.691840 2.907686
5.684021 2.907616
5.676382 2.907533
5.667655 2.907492
5.659662 2.907422
5.651512 2.907380
5.642782 2.907294
5.634859 2.907276
5.626947 2.907215
5.618457 2.907202
5.610293 2.907152
5.602050 2.907147
5.594278 2.907111
5.585591 2.907117
5.578168 2.907114
5.569798 2.907128
5.562020 2.907114
5.553434 2.907156
5.544670 2.907168
5.537225 2.907179
5.528602 2.907194
5.521919 2.907237
5.512271 2.907280
5.504120 2.907338
5.496156 2.907347
5.487492 2.907441
5.479435 2.907468
5.471085 2.907525
5.462958 2.907575
5.454907 2.907642
5.446305 2.907699
5.438581 2.907734
5.430568 2.907814
5.421796 2.907869
5.415821 2.907914
5.405581 2.907961
5.397727 2.908039
5.391014 2.908065
5.381242 2.908125
5.372976 2.908136
5.364801 2.908204
5.356204 2.908228
5.348036 2.908235
5.342233 2.908256
5.331686 2.908281
5.324165 2.908254
5.316083 2.908247
5.307410 2.908234
5.299427 2.908261
5.290778 2.908202
5.283193 2.908194
5.274717 2.908157
5.266342 2.908157
5.258338 2.908070
5.250377 2.908070
5.241828 2.908026
5.233731 2.907996
5.225863 2.907918
5.217899 2.907920
5.209403 2.907864
5.201574 2.907824
5.193580 2.907770
5.185273 2.907761
5.176888 2.907679
5.169155 2.907631
5.161138 2.907593
5.152584 2.907575
5.144091 2.907532
5.136094 2.907510
5.128495 2.907494
5.119818 2.907482
5.111976 2.907469
5.103403 2.907458
5.095806 2.907474
5.087475 2.907471
5.079533 2.907488
5.071327 2.907481
5.062409 2.907544
5.054299 2.907567
5.045935 2.907610
5.037998 2.907634
5.029828 2.907716
5.021354 2.907743
5.013592 2.907779
5.005632 2.907808
4.996778 2.907897
4.990391 2.907899
4.980801 2.907982
4.972277 2.908050
4.966049 2.908129
4.955726 2.908217
4.948093 2.908299
4.939475 2.908392
4.931255 2.908511
4.923653 2.908650
4.914593 2.908909
4.907185 2.909006
4.898675 2.909279
4.890074 2.909534
4.881960 2.909884
4.874198 2.910092
4.865677 2.910444
4.857808 2.910697
4.849277 2.911142
4.840901 2.911504
4.832777 2.911821
4.824363 2.912218
4.816391 2.912373
4.808736 2.912774
4.799998 2.913283
4.792383 2.913854
4.783768 2.914637
4.775960 2.915292
4.767759 2.915823
4.759752 2.916342
4.751894 2.917043
4.743291 2.917826
4.735331 2.918414
4.727709 2.918990
4.719433 2.919598
4.710773 2.920249
4.702538 2.920868
4.694723 2.921445
4.686278 2.922096
4.678326 2.922693
4.670810 2.923260
4.662309 2.923888
4.654378 2.924504
4.645902 2.925136
4.637703 2.925752
4.629726 2.926311
4.621914 2.926722
4.613501 2.927159
4.605406 2.927591
4.597261 2.928074
4.589095 2.928652
4.580672 2.928932
4.572676 2.929072
4.564735 2.929203
4.558165 2.929409
4.548460 2.929978
4.540020 2.930475
4.531486 2.930966
4.523823 2.931384
4.515620 2.931865
4.506939 2.932332
4.499064 2.932601
4.490590 2.933025
4.482250 2.933477
4.473942 2.933891
4.465834 2.934361
4.458101 2.934755
4.450230 2.935140
4.441350 2.935580
4.432904 2.935997
4.425222 2.936389
4.417289 2.936786
4.408622 2.937244
4.400652 2.937635
4.391983 2.938110
4.384558 2.938488
4.375925 2.938965
4.367655 2.939417
4.359952 2.939811
4.351263 2.940235
4.343509 2.940650
4.335178 2.941062
4.328331 2.941381
4.318779 2.941820
4.310716 2.942230
4.302649 2.942590
4.296132 2.942853
4.286071 2.943247
4.278114 2.943540
4.269965 2.943785
4.261349 2.943838
4.253643 2.944002
4.245367 2.944114
4.237690 2.944310
4.229558 2.944449
4.221419 2.944690
4.212721 2.944817
4.204808 2.944814
4.196400 2.944894
4.188418 2.944977
4.180568 2.944989
4.173683 2.945044
4.163770 2.945122
4.155946 2.945184
4.148233 2.945232
4.141538 2.945323
4.131422 2.945444
4.123969 2.945541
4.115601 2.945639
4.106915 2.945799
4.099512 2.946204
4.090642 2.946435
4.082970 2.946668
4.074204 2.946952
4.067680 2.947297
4.057769 2.947845
4.049740 2.948137
4.041951 2.948384
4.033490 2.948701
4.025382 2.949013
4.017077 2.949342
4.008740 2.949611
4.000707 2.949948
3.992507 2.950231
3.983923 2.950590
3.976320 2.950828
3.968099 2.951162
3.959825 2.951476
3.951525 2.951786
3.943558 2.952043
3.935278 2.952404
3.926994 2.952689
3.918883 2.953027
3.910193 2.953341
3.901905 2.953681
3.894381 2.953938
3.886027 2.954245
3.878005 2.954522
3.869169 2.954866
3.861319 2.955100
3.852973 2.955384
3.844635 2.955633
3.837454 2.955830
3.828646 2.956090
3.820369 2.956290
3.812139 2.956534
3.804132 2.956775
3.795969 2.956953
3.787766 2.957191
3.779397 2.957398
3.771405 2.957614
3.763261 2.957800
3.757039 2.957975
3.747457 2.958212
3.738726 2.958429
3.730958 2.958609
3.722806 2.958811
3.714300 2.959012
3.706514 2.959186
3.698210 2.959380
3.689914 2.959577
3.681613 2.959793
3.673474 2.959959
3.666063 2.960131
3.659063 2.960292
3.649776 2.960507
3.640893 2.960676
3.633113 2.960865
3.625100 2.961027
3.618665 2.961195
3.608948 2.961406
3.600461 2.961629
3.592131 2.961784
3.586160 2.961968
3.575694 2.962155
3.567367 2.962328
3.560003 2.962487
3.551416 2.962714
3.543228 2.962892
3.535373 2.963074
3.527352 2.963252
3.518837 2.963494
3.511875 2.963633
3.502134 2.963879
3.496229 2.964031
3.486154 2.964274
3.477546 2.964431
3.469748 2.964546
3.461382 2.964727
3.452999 2.964890
3.444911 2.965064
3.438667 2.965185
3.428213 2.965380
3.420052 2.965519
3.412377 2.965677
3.404093 2.965873
3.395588 2.966048
3.387074 2.966219
3.378912 2.966699
3.371289 2.966958
3.363168 2.967405
3.354414 2.967665
3.347139 2.967865
3.338390 2.968215
3.330209 2.968609
3.322086 2.968863
3.313948 2.969134
3.307487 2.969300
3.298772 2.969596
3.288983 2.969881
3.283277 2.970055
3.272992 2.970322
3.265133 2.970582
3.257073 2.970804
3.249918 2.971007
3.240770 2.971157
3.232671 2.971374
3.224552 2.971533
3.216069 2.971746
3.207833 2.971882
3.199863 2.972035
3.192205 2.972163
3.184962 2.972327
3.175120 2.972409
3.166829 2.972493
3.159197 2.972634
3.151319 2.972744
3.144741 2.972831
3.134944 2.972949
3.126549 2.973039
3.118350 2.973101
3.111758 2.973185
3.102906 2.973237
3.095097 2.973430
3.086426 2.973540
3.078372 2.973620
3.071387 2.973695
3.063209 2.973729
3.056584 2.973867
3.046148 2.973961
3.037921 2.974070
3.030210 2.974162
3.023672 2.974304
3.014142 2.974391
3.005845 2.974526
2.997617 2.974654
2.992372 2.974781
2.983729 2.974742
2.975209 2.975698
2.967159 2.975744
2.958733 2.976213
2.950096 2.976835
2.942270 2.976967
2.933569 2.977847
2.926202 2.977968
2.917104 2.978338
2.909088 2.978648
2.901095 2.978889
2.892590 2.978662
2.884589 2.978328
2.876617 2.977898
2.868083 2.977857
2.860000 2.978405
2.852225 2.978535
2.846150 2.978742
2.840852 2.979902
2.830195 2.980975
2.823143 2.982477
2.814350 2.984104
2.806965 2.984590
2.798776 2.985845
2.790768 2.987318
2.782410 2.989090
2.774613 2.990541
2.767521 2.992350
2.759267 2.994362
2.750705 2.996399
2.743607 2.998236
2.734799 3.000539
2.726585 3.002880
2.718840 3.005095
2.710485 3.007798
2.702632 3.010038
2.695302 3.012487
2.686733 3.015986
2.678714 3.018950
2.671343 3.021964
2.662364 3.025444
2.654953 3.028459
2.646462 3.032533
2.639475 3.035635
2.631685 3.039134
2.624829 3.042410
2.616385 3.047394
2.609226 3.050921
2.601640 3.055005
2.593871 3.059422
2.585721 3.064040
2.578058 3.067879
2.570454 3.071872
2.564874 3.075294
2.557011 3.079773
2.547991 3.084749
2.542176 3.088248
2.533487 3.093350
2.526489 3.097601
2.518785 3.103049
2.512171 3.107359
2.505116 3.112115
2.498282 3.117124
2.490914 3.122431
2.483547 3.128099
2.476630 3.133496
2.469783 3.139182
2.463402 3.144523
2.456303 3.150691
2.450016 3.156346
2.443446 3.162596
2.437186 3.168674
2.431410 3.174455
2.424446 3.181425
2.418282 3.187651
2.413566 3.192693
2.406277 3.200756
2.399901 3.207950
2.394041 3.214822
2.388466 3.221917
2.383277 3.228631
2.377214 3.236492
2.371542 3.243373
2.366084 3.250658
2.361042 3.257070
2.355544 3.265306
2.350226 3.272633
2.345048 3.280395
2.339657 3.288465
2.334618 3.296277
2.330448 3.303315
2.325015 3.311864
2.320415 3.319522
2.316139 3.327052
2.311765 3.334641
2.306950 3.343044
2.302188 3.352266
2.297966 3.360536
2.293697 3.369541
2.289505 3.378820
2.285351 3.388287
2.281468 3.397893
2.277632 3.407309
2.274222 3.416233
2.270744 3.427140
2.267402 3.437693
2.263536 3.448058
2.260782 3.457715
2.257622 3.467287
2.254839 3.477281
2.251968 3.487295
2.249171 3.497951
2.247121 3.508600
2.245440 3.518341
2.244367 3.529434
2.243416 3.541766
2.242651 3.552644
2.241418 3.563376
2.240669 3.575252
2.239870 3.584732
2.238944 3.597961
2.238171 3.609874
2.237072 3.622240
2.235691 3.633817
2.234105 3.644176
2.232151 3.656663
2.230214 3.667430
2.228283 3.678252
2.226904 3.688943
2.225421 3.701123
2.224139 3.712834
2.223027 3.723179
2.222406 3.734735
2.222158 3.746482
2.222129 3.758615
2.222344 3.769764
2.222679 3.783230
2.223083 3.794304
2.223930 3.806263
2.224490 3.819199
2.224949 3.830697
2.225488 3.843954
2.225952 3.853980
2.226948 3.868509
2.227918 3.880533
2.229322 3.894391
2.230304 3.907298
2.231069 3.916634
2.232305 3.932134
2.233239 3.944818
2.233954 3.956076
2.234743 3.968736
2.235569 3.981997
2.236358 3.995119
2.237132 4.007660
2.237897 4.019906
2.238628 4.031970
2.239474 4.044822
2.240314 4.057998
2.241081 4.070344
2.241923 4.083199
2.242699 4.094642
2.243572 4.108036
2.244364 4.119932
2.245265 4.133121
2.246049 4.144390
2.246973 4.157598
2.247866 4.170046
2.248778 4.182518
2.249761 4.195696
2.250670 4.208359
2.251604 4.221200
2.252505 4.232611
2.253572 4.246188
2.254480 4.258032
2.255494 4.271355
2.256412 4.283244
2.257435 4.296662
2.258285 4.307973
2.259090 4.318684
2.260276 4.334311
2.261187 4.346946
2.262085 4.359630
2.262746 4.369399
2.263544 4.381210
2.264525 4.396171
2.265341 4.408880
2.266180 4.422370
2.266840 4.433410
2.267542 4.446845
2.268111 4.456900
2.268723 4.468723
2.269484 4.484444
2.270005 4.496249
2.270474 4.506115
2.271100 4.520480
2.271512 4.532706
2.271996 4.545306
2.272439 4.558972
2.272858 4.571185
2.273301 4.583476
2.273625 4.593487
2.274106 4.607482
2.274527 4.620427
2.274869 4.633099
2.275279 4.645062
2.275566 4.657548
2.275918 4.669732
2.276325 4.682231
2.276730 4.695158
2.277061 4.707222
2.277410 4.718478
2.277817 4.732096
2.278175 4.743423
2.278572 4.756234
2.278888 4.767570
2.279264 4.780621
2.279616 4.792014
2.279960 4.804562
2.280322 4.817389
2.280631 4.828771
2.280985 4.841457
2.281325 4.854297
2.281645 4.866615
2.281934 4.878777
2.282272 4.890825
2.282458 4.900512
2.282751 4.914601
2.283016 4.927860
2.283252 4.939890
2.283470 4.952761
2.283644 4.964884
2.283832 4.977360
2.284030 4.989142
2.284157 5.000548
2.284346 5.013689
2.284487 5.026307
2.284623 5.037420
2.284696 5.049895
2.284837 5.062735
2.284952 5.075899
2.285048 5.087689
2.285146 5.100441
2.285269 5.112492
2.285384 5.124756
2.285457 5.134535
2.285578 5.147927
2.285694 5.158799
2.285825 5.172409
2.285970 5.185894
2.286047 5.197423
2.286174 5.209060
2.286359 5.222390
2.286441 5.231033
2.286636 5.246692
2.286759 5.258653
2.286899 5.271084
2.287037 5.283050
2.287156 5.294286
2.287288 5.307075
2.287431 5.318675
2.287550 5.331592
2.287662 5.343204
2.287740 5.354670
2.287855 5.366511
2.287941 5.379569
2.288024 5.392272
2.288094 5.404506
2.288161 5.415592
2.288188 5.428027
2.288199 5.440255
2.288257 5.451988
2.288241 5.464609
2.288181 5.477344
2.288160 5.488486
2.288102 5.501862
2.288052 5.513338
2.287963 5.525445
2.287903 5.538382
2.287839 5.550446
2.287758 5.562686
2.287690 5.573989
2.287618 5.587396
2.287556 5.598993
2.287479 5.610831
2.287461 5.621035
2.287384 5.636147
2.287285 5.647877
2.287236 5.660112
2.287208 5.672619
2.287220 5.684612
2.287157 5.695747
2.287175 5.707926
2.287172 5.720786
2.287166 5.732264
2.287145 5.744346
2.287166 5.756166
2.287177 5.769181
2.287163 5.780591
2.287179 5.793312
2.287198 5.804541
2.287242 5.817212
2.287222 5.828375
2.287251 5.840991
2.287250 5.853740
2.287259 5.865775
2.287260 5.875461
2.287229 5.888854
2.287209 5.899159
2.287164 5.914052
2.287107 5.925838
2.287059 5.937879
2.286995 5.950566
2.286914 5.959407
2.286807 5.974312
2.286708 5.985457
2.286583 5.997695
2.286457 6.010836
2.286349 6.020793
2.286204 6.035448
2.286109 6.044594
2.285950 6.059042
2.285849 6.068709
2.285688 6.083454
2.285569 6.096187
2.285437 6.107830
2.285343 6.120472
2.285218 6.131613
2.285134 6.144449
2.285045 6.156005
2.284986 6.168358
2.284867 6.180259
2.284810 6.192896
2.284777 6.205506
2.284734 6.216733
2.284711 6.229583
2.284683 6.241527
2.284698 6.253150
2.284674 6.265535
2.284683 6.274534
2.284726 6.289270
2.284755 6.302020
2.284750 6.313605
2.284793 6.325576
2.284810 6.337320
2.284804 6.349836
2.284816 6.362394
2.284828 6.373511
2.284862 6.385987
2.284838 6.398479
2.284846 6.410403
2.284811 6.421819
2.284756 6.433873
2.284726 6.447057
2.284701 6.459268
2.284660 6.470371
2.284564 6.483471
2.284502 6.495278
2.284421 6.507585
2.284372 6.518872
2.284263 6.531227
2.284192 6.544301
2.284116 6.555532
2.284010 6.566079
2.283905 6.581195
2.283833 6.592764
2.283757 6.602787
2.283633 6.617310
2.283565 6.629748
2.283531 6.641258
2.283452 6.652921
2.283399 6.665370
2.283370 6.677422
2.283379 6.690029
2.283334 6.701467
2.283350 6.713786
2.283369 6.726171
2.283391 6.737943
2.283391 6.750447
2.283442 6.763210
2.283505 6.774237
2.283539 6.786050
2.283607 6.799353
2.283704 6.810507
2.283773 6.822601
2.283842 6.835536
2.283906 6.847527
2.283975 6.858647
2.284029 6.870749
2.284044 6.884018
2.284105 6.895798
2.284169 6.905823
2.284166 6.919381
2.284175 6.931420
2.284207 6.941691
2.284207 6.956635
2.284192 6.968591
2.284164 6.979989
2.284175 6.992367
2.284133 7.004747
2.284064 7.017675
2.284013 7.029769
2.283967 7.042149
2.283915 7.054238
2.283860 7.065289
2.283815 7.077669
2.283746 7.091008
2.283680 7.102736
2.283659 7.114734
2.283631 7.127715
2.283569 7.137275
2.283544 7.150777
2.283513 7.163982
2.283532 7.176256
2.283476 7.188128
2.283498 7.200493
2.283501 7.212148
2.283532 7.224802
2.283565 7.237278
2.283614 7.248295
2.283656 7.258518
2.283743 7.273406
2.283803 7.284646
2.283880 7.297158
2.283980 7.308748
2.284043 7.321856
2.284115 7.334051
2.284180 7.345449
2.284265 7.358268
2.284328 7.370134
2.284380 7.382357
2.284430 7.394077
2.284466 7.406467
2.284480 7.418982
2.284503 7.430733
2.284504 7.442727
2.284479 7.454998
2.284485 7.464865
2.284463 7.479593
2.284446 7.490851
2.284398 7.503067
2.284388 7.513211
2.284366 7.528311
2.284312 7.540752
2.284262 7.552958
2.284197 7.565573
2.284179 7.576891
2.284084 7.588622
2.284065 7.599419
2.284001 7.614016
2.283964 7.626065
2.283909 7.637941
2.283906 7.650480
2.283904 7.661754
2.283875 7.672428
2.283876 7.686714
2.283911 7.698230
2.283951 7.710512
2.283946 7.723786
2.283993 7.734941
2.284041 7.746810
2.284079 7.759265
2.284113 7.772130
2.284180 7.783103
2.284265 7.795770
2.284326 7.808615
2.284401 7.819719
2.284479 7.832465
2.284567 7.844778
2.284601 7.856460
2.284682 7.867887
2.284740 7.880621
2.284810 7.892098
2.284832 7.904284
2.284910 7.917819
2.284973 7.929730
2.284963 7.941028
2.284990 7.953653
2.285017 7.963550
2.285008 7.977958
2.284943 7.990592
2.284930 8.002392
2.284905 8.014729
2.284861 8.026065
2.284813 8.036260
2.284768 8.051494
2.284729 8.061431
2.284667 8.075845
2.284619 8.087814
2.284565 8.100243
2.284527 8.112691
2.284442 8.124364
2.284415 8.136548
2.284386 8.148357
2.284346 8.160274
2.284306 8.173743
2.284319 8.185639
2.284358 8.197275
2.284338 8.210154
2.284371 8.222108
2.284432 8.234111
2.284486 8.246253
2.284505 8.258346
2.284588 8.270956
2.284657 8.282372
2.284733 8.294528
2.284792 8.306963
2.284891 8.318494
2.284968 8.330471
2.285040 8.343305
2.285096 8.354722
2.285161 8.367456
2.285232 8.379808
2.285234 8.391615
2.285285 8.403675
2.285331 8.414599
2.285339 8.426857
2.285356 8.439344
2.285391 8.451078
2.285414 8.464191
2.285414 8.476490
2.285389 8.488873
2.285387 8.500250
2.285353 8.511837
2.285278 8.525726
2.285244 8.537104
2.285200 8.549246
2.285128 8.559501
2.285077 8.572974
2.285038 8.586565
2.285002 8.596186
2.284952 8.610977
2.284919 8.620059
2.284874 8.631811
2.284835 8.643998
2.284824 8.657550
2.284847 8.668390
2.284850 8.683025
2.284802 8.695753
2.284803 8.707829
2.284830 8.720613
2.284856 8.731498
2.284898 8.744546
2.284945 8.756612
2.285010 8.769100
2.285051 8.780570
2.285102 8.793112
2.285180 8.804511
2.285264 8.817131
2.285302 8.828093
2.285384 8.841027
2.285443 8.853125
2.285528 8.865715
2.285546 8.876772
2.285615 8.889066
2.285653 8.900816
2.285671 8.911902
2.285680 8.925467
2.285701 8.937852
2.285711 8.947509
2.285666 8.959902
2.285653 8.974635
2.285644 8.987071
2.285636 8.998996
2.285592 9.011339
2.285552 9.023919
2.285537 9.035089
2.285464 9.047274
2.285415 9.059485
2.285347 9.072920
2.285292 9.085122
2.285199 9.095948
2.285144 9.109310
2.285074 9.121727
2.285035 9.133707
2.284962 9.144666
2.284922 9.156868
2.284904 9.169153
2.284844 9.181100
2.284827 9.193687
2.284833 9.206350
2.284824 9.217869
2.284799 9.230316
2.284817 9.242180
2.284855 9.254492
2.284878 9.266487
2.284907 9.278141
2.284918 9.288865
2.284979 9.303382
2.285004 9.314527
2.285055 9.327035
2.285092 9.338763
2.285122 9.350863
2.285146 9.363799
2.285180 9.374647
2.285199 9.387112
2.285219 9.399578
2.285216 9.411781
2.285218 9.422970
2.285257 9.435253
2.285201 9.448354
2.285229 9.459901
2.285189 9.471947
2.285144 9.483953
2.285048 9.497376
2.285024 9.508326
2.284976 9.520488
2.284889 9.531382
2.284825 9.544922
2.284760 9.558118
2.284710 9.569487
2.284624 9.581382
2.284573 9.594244
2.284514 9.606509
2.284458 9.619469
2.284364 9.631138
2.284320 9.643138
2.284295 9.654577
2.284219 9.667025
2.284189 9.679638
2.284170 9.691425
2.284218 9.704291
2.284178 9.715730
2.284200 9.728703
2.284193 9.737808
2.284230 9.752569
2.284252 9.764925
2.284325 9.776028
2.284378 9.788354
2.284397 9.800166
2.284462 9.812206
2.284525 9.825562
2.284602 9.836790
2.284638 9.848709
2.284713 9.861589
2.284762 9.873140
2.284798 9.883301
2.284849 9.897197
2.284898 9.909340
2.284952 9.921332
2.284932 9.933233
2.284962 9.946225
2.284994 9.958329
2.284998 9.968654
2.284993 9.983119
2.284972 9.995503
2.284953 10.004712
2.284918 10.020197
2.284841 10.032165
2.284802 10.043946
2.284745 10.056652
2.284653 10.067464
2.284598 10.080502
2.284543 10.093002
2.284511 10.103745
2.284437 10.117214
2.284393 10.126755
2.284372 10.140782
2.284310 10.151299
2.284286 10.165922
2.284266 10.178891
2.284297 10.190974
2.284246 10.202443
2.284267 10.213926
2.284283 10.226853
2.284298 10.238084
2.284314 10.250244
2.284357 10.260222
2.284462 10.274894
2.284520 10.287918
2.284589 10.299447
2.284662 10.311010
2.284750 10.323709
2.284800 10.333940
2.284879 10.347100
2.284955 10.359481
2.285005 10.369459
2.285076 10.383411
2.285155 10.395533
2.285211 10.406195
2.285267 10.420985
2.285302 10.432860
2.285336 10.442519
2.285357 10.456403
2.285310 10.468422
2.285338 10.480361
2.285322 10.492929
2.285320 10.505616
2.285260 10.518002
2.285226 10.529991
2.285198 10.542118
2.285134 10.553732
2.285075 10.564201
2.285003 10.578652
2.284942 10.588965
2.284848 10.603304
2.284803 10.615787
2.284754 10.627686
2.284695 10.639974
2.284625 10.651887
2.284593 10.664555
2.284562 10.674032
2.284522 10.688978
2.284510 10.700421
2.284513 10.710396
2.284511 10.725290
2.284490 10.736572
2.284525 10.747089
2.284540 10.761564
2.284538 10.771169
2.284576 10.784625
2.284612 10.797318
2.284692 10.809907
2.284726 10.821935
2.284779 10.831737
2.284850 10.845763
2.284898 10.857154
2.284941 10.867415
2.284964 10.881987
2.285014 10.893814
2.285045 10.906811
2.285037 10.917568
2.285047 10.929699
2.285073 10.941928
2.285022 10.955113
2.285045 10.966536
2.284993 10.979742
2.284958 10.990846
2.284872 11.003601
2.284838 11.014993
2.284765 11.028146
2.284678 11.039704
2.284596 11.052270
2.284502 11.064108
2.284441 11.076435
2.284332 11.087825
2.284262 11.100904
2.284177 11.113109
2.284094 11.125504
2.284001 11.137171
2.283940 11.150151
2.283914 11.161271
2.283848 11.174183
2.283813 11.185949
2.283795 11.197760
2.283771 11.208215
2.283767 11.222977
2.283792 11.235193
2.283833 11.246266
2.283844 11.258530
2.283892 11.271187
2.283946 11.282652
2.284019 11.294729
2.284029 11.307213
2.284112 11.318906
2.284197 11.328877
2.284273 11.343107
2.284316 11.355279
2.284399 11.367196
2.284493 11.379636
2.284530 11.391398
2.284587 11.404424
2.284633 11.416637
2.284702 11.427757
2.284684 11.440471
2.284717 11.453041
2.284751 11.464381
2.284757 11.476562
2.284714 11.489004
2.284705 11.501031
2.284693 11.514291
2.284639 11.525650
2.284595 11.537718
2.284578 11.547578
2.284511 11.562039
2.284383 11.574587
2.284338 11.586209
2.284276 11.599573
2.284225 11.610552
2.284157 11.624072
2.284125 11.635477
2.284089 11.647385
2.284044 11.660799
2.284016 11.672565
2.284002 11.685527
2.284009 11.696742
2.283980 11.708220
2.283988 11.721280
2.284001 11.732985
2.284034 11.745526
2.284062 11.757784
2.284106 11.767131
2.284152 11.778324
2.284235 11.793086
2.284309 11.805848
2.284383 11.817484
2.284458 11.830243
2.284483 11.842042
2.284567 11.854734
2.284635 11.866152
2.284721 11.878719
2.284764 11.890906
2.284831 11.901843
2.284887 11.914021
2.284923 11.926034
2.284944 11.938695
2.284974 11.951669
2.284983 11.960769
2.284958 11.975310
2.284966 11.987944
2.284965 12.000035
2.284955 12.011000
2.284891 12.023643
2.284876 12.036726
2.284837 12.047951
2.284782 12.061143
2.284716 12.072692
2.284675 12.085835
2.284634 12.097453
2.284540 12.110216
2.284518 12.121564
2.284468 12.134250
2.284421 12.145489
2.284365 12.158731
2.284367 12.168481
2.284351 12.182497
2.284314 12.192884
2.284337 12.207446
2.284369 12.219454
2.284389 12.231938
2.284375 12.241239
2.284431 12.255249
2.284493 12.267543
2.284527 12.280536
2.284578 12.291453
2.284677 12.304650
2.284719 12.313612
2.284827 12.328728
2.284893 12.340393
2.285004 12.351791
2.285090 12.364582
2.285159 12.376118
2.285217 12.388138
2.285305 12.400526
2.285352 12.413395
2.285381 12.424349
2.285426 12.435284
2.285492 12.448970
2.285474 12.461838
2.285507 12.472934
2.285522 12.485279
2.285500 12.498322
2.285471 12.509883
2.285445 12.521762
2.285428 12.534073
2.285347 12.546088
2.285309 12.558074
2.285254 12.570455
2.285206 12.582695
2.285125 12.595361
2.285075 12.608201
2.285044 12.619727
2.284967 12.632781
2.284909 12.644876
2.284849 12.656833
2.284820 12.669140
2.284752 12.680723
2.284734 12.693390
2.284733 12.704576
2.284723 12.717047
2.284678 12.729209
2.284695 12.741998
2.284724 12.753366
2.284726 12.765993
2.284770 12.777484
2.284796 12.789821
2.284854 12.801646
2.284861 12.813472
2.284913 12.826632
2.284971 12.838428
2.285030 12.849777
2.285062 12.862062
2.285133 12.874205
2.285203 12.886221
2.285247 12.898614
2.285290 12.909949
2.285326 12.922071
2.285361 12.935290
2.285339 12.946953
2.285361 12.958300
2.285374 12.968937
2.285336 12.982728
2.285281 12.995145
2.285253 13.007188
2.285231 13.020061
2.285166 13.031567
2.285112 13.044525
2.285044 13.057099
2.285008 13.068296
2.284909 13.080659
2.284878 13.090619
2.284827 13.103137
2.284704 13.115418
2.284644 13.129169
2.284601 13.142210
2.284552 13.153494
2.284482 13.163984
2.284496 13.178500
2.284496 13.190118
2.284467 13.203550
2.284443 13.215490
2.284452 13.227510
2.284466 13.239026
2.284442 13.251946
2.284467 13.263769
2.284511 13.275154
2.284563 13.287107
2.284609 13.299579
2.284665 13.311099
2.284754 13.324530
2.284806 13.335729
2.284863 13.348508
2.284931 13.359786
2.285017 13.371703
2.285048 13.384216
2.285114 13.394132
2.285197 13.408383
2.285264 13.420339
2.285293 13.433339
2.285316 13.444383
2.285332 13.457839
2.285335 13.469349
2.285301 13.481417
2.285311 13.493341
2.285309 13.505457
2.285259 13.518358
2.285216 13.529334
2.285216 13.538920
2.285146 13.554896
2.285082 13.566852
2.285026 13.579524
2.284999 13.591080
2.284925 13.603523
2.284882 13.615200
2.284817 13.628201
2.284782 13.639414
2.284683 13.651821
2.284651 13.665055
2.284656 13.674611
2.284618 13.689191
2.284576 13.701455
2.284585 13.712989
2.284626 13.725893
2.284602 13.736875
2.284632 13.749420
2.284663 13.761789
2.284694 13.774184
2.284693 13.785171
2.284742 13.797677
2.284805 13.808021
2.284843 13.822616
2.284850 13.834350
2.284897 13.845584
2.284968 13.858386
2.285020 13.870754
2.285072 13.881903
2.285096 13.894260
2.285131 13.906623
2.285123 13.918772
2.285157 13.931074
2.285170 13.943544
2.285181 13.954599
2.285155 13.966993
2.285171 13.979555
2.285164 13.990918
2.285138 14.004208
2.285092 14.016285
2.285050 14.027678
2.285011 14.039927
2.284904 14.051822
2.284857 14.062528
2.284752 14.076595
2.284643 14.089780
2.284539 14.100855
2.284450 14.113914
2.284380 14.125723
2.284278 14.137283
2.284207 14.150610
2.284144 14.161986
2.284093 14.174847
2.284014 14.186610
2.284010 14.196402
2.283967 14.211784
2.283927 14.222545
2.283919 14.234602
2.283925 14.247103
2.283946 14.259589
2.283967 14.270847
2.284020 14.282864
2.284102 14.296358
2.284143 14.307978
2.284173 14.317509
2.284272 14.331569
2.284369 14.344455
2.284445 14.355608
2.284513 14.365854
2.284628 14.380195
2.284722 14.392953
2.284777 14.404007
2.284856 14.416155
2.284964 14.428542
2.285012 14.440535
2.285044 14.453229
2.285075 14.464997
2.285128 14.477115
2.285132 14.489311
2.285127 14.501747
2.285173 14.513403
2.285167 14.525458
2.285151 14.538867
2.285128 14.550315
2.285141 14.563273
2.285113 14.574512
2.285064 14.587866
2.285041 14.600135
2.285017 14.611448
2.284965 14.623408
2.284921 14.636471
2.284935 14.648535
2.284920 14.660927
2.284916 14.673383
2.284951 14.682332
2.284981 14.697500
2.285035 14.710128
2.285086 14.720919
2.285228 14.734525
2.285327 14.745792
2.285408 14.755362
2.285609 14.770486
2.285781 14.782736
2.285989 14.794333
2.286229 14.806945
2.286512 14.819455
2.287033 14.831397
2.287369 14.843279
2.287749 14.855512
2.288117 14.864809
2.288854 14.880240
2.289424 14.891404
2.290200 14.902037
2.291191 14.914327
2.292380 14.929844
2.293602 14.941880
2.294816 14.954807
2.296180 14.967440
2.297773 14.979500
2.299559 14.991223
2.302360 15.006581
2.305217 15.020248
2.307717 15.032415
2.310440 15.046556
2.312917 15.059917
2.315438 15.073634
2.317700 15.086708
2.320018 15.099662
2.322781 15.112843
2.325722 15.125821
2.328634 15.138524
2.332280 15.152473
2.335627 15.163499
2.340995 15.179694
2.345048 15.192614
2.349849 15.206760
2.354820 15.221809
2.359078 15.234935
2.363620 15.248796
2.368108 15.261967
2.373098 15.276019
2.377847 15.289344
2.383250 15.303862
2.388641 15.318299
2.393391 15.330844
2.399140 15.346131
2.404255 15.359200
2.409596 15.372685
2.415763 15.388396
2.421027 15.401741
2.426621 15.415821
2.431660 15.428681
2.437276 15.442722
2.442680 15.456180
2.448059 15.469702
2.445877 15.477898
2.442572 15.483914
2.441086 15.486691
2.440126 15.487242
2.440269 15.489713
2.443589 15.511065
2.436728 15.527465
2.434548 15.532833
2.433778 15.534820
2.434096 15.533285
2.435226 15.529648
2.436239 15.527047
2.438238 15.543694
2.438220 15.574444
2.432397 15.590700
2.430510 15.597045
2.428951 15.602282
2.428288 15.605712
2.428244 15.607354
2.429057 15.607792
2.430804 15.606293
2.433330 15.602768
2.436947 15.596104
2.437307 15.605067
2.444941 15.637855
2.441055 15.667054
2.433228 15.690826
2.431635 15.701500
2.431622 15.704425
2.432851 15.705751
2.434509 15.705792
2.437106 15.703954
2.440428 15.700368
2.444795 15.693687
2.447605 15.688364
2.449439 15.710056
2.452145 15.742952
2.443362 15.762923
2.435726 15.782187
2.429699 15.799737
2.424538 15.816872
2.421733 15.828018
2.421296 15.832727
2.421459 15.838104
2.421699 15.843387
2.421734 15.852077
2.421419 15.859467
2.420989 15.867067
2.420016 15.880353
2.419028 15.889977
2.416944 15.906689
2.414819 15.919657
2.414570 15.930402
2.414418 15.940714
2.414611 15.951100
2.414896 15.961370
2.415271 15.971663
2.415661 15.981997
2.416005 15.992815
2.416487 16.003143
2.417066 16.014658
2.417489 16.023144
2.418146 16.033882
2.419073 16.047388
2.419852 16.058380
2.420771 16.068773
2.421743 16.080038
2.422795 16.091650
2.423782 16.101889
2.424937 16.114010
2.426028 16.124861
2.427159 16.136074
2.428139 16.146404
2.429116 16.155424
2.430113 16.163990
2.430980 16.171835
2.431734 16.178812
2.431889 16.181791
2.431855 16.181726
2.431827 16.181667
2.431798 16.181604
2.431771 16.181547
2.431743 16.181484
2.431717 16.181429
2.431694 16.181381
2.431660 16.181307
2.431633 16.181248
2.431606 16.181189
2.431577 16.181128
2.431551 16.181068
2.431530 16.181025
2.431495 16.180946
2.431469 16.180891
2.431438 16.180826
2.431412 16.180769
2.431385 16.180710
2.431356 16.180645
2.431331 16.180592
2.431302 16.180529
2.431273 16.180466
2.431247 16.180408
2.431219 16.180347
2.431192 16.180290
2.431163 16.180229
2.431134 16.180170
2.431107 16.180115
2.431081 16.180067
2.431049 16.180014
2.431022 16.179970
2.430994 16.179905
2.430966 16.179844
2.430938 16.179781
2.430910 16.179720
2.430890 16.179676
2.430854 16.179596
2.430828 16.179541
2.430799 16.179476
2.430773 16.179419
2.430750 16.179367
2.430717 16.179295
2.430692 16.179241
2.430660 16.179171
2.430639 16.179123
2.430611 16.179062
2.430578 16.178988
2.430549 16.178923
2.430523 16.178865
2.430494 16.178802
2.430466 16.178741
2.430437 16.178675
2.430409 16.178616
2.430382 16.178553
2.430355 16.178493
2.430329 16.178436
2.430299 16.178370
2.430271 16.178307
2.430242 16.178242
2.430221 16.178196
2.430192 16.178131
2.430165 16.178072
2.430133 16.177998
2.430105 16.177938
2.430079 16.177877
2.430049 16.177811
2.430020 16.177746
2.429994 16.177689
2.429965 16.177624
2.429939 16.177565
2.429910 16.177500
2.429883 16.177437
2.429855 16.177376
2.429826 16.177311
2.429798 16.177248
2.429770 16.177185
2.429741 16.177120
2.429716 16.177063
2.429686 16.176998
2.429660 16.176935
2.429629 16.176868
2.429607 16.176817
2.429575 16.176746
2.429547 16.176682
2.429518 16.176617
2.429492 16.176559
2.429462 16.176489
2.429434 16.176426
2.429406 16.176361
2.429381 16.176304
2.429351 16.176237
2.429328 16.176186
2.429295 16.176111
2.429269 16.176050
2.429241 16.175987
2.429212 16.175922
2.429186 16.175861
2.429157 16.175797
2.429135 16.175747
2.429100 16.175665
2.429071 16.175600
2.429044 16.175539
2.429015 16.175472
2.428991 16.175417
2.428960 16.175346
2.428934 16.175285
2.428904 16.175217
2.428877 16.175156
2.428849 16.175089
2.428821 16.175024
2.428801 16.174980
2.428767 16.174902
2.428738 16.174835
2.428716 16.174784
2.428682 16.174706
2.428654 16.174643
2.428626 16.174578
2.428599 16.174515
2.428571 16.174450
2.428543 16.174383
2.428514 16.174318
2.428487 16.174253
2.428460 16.174191
2.428432 16.174124
2.428400 16.174049
2.428387 16.174004
2.428382 16.173981
2.428374 16.173956
2.428335 16.173899
2.425243 16.153263
