25.250000 16.500366
25.250000 16.500366
25.250000 16.500366
25.250000 16.500366
25.250000 16.500366
25.250000 16.500366
25.250000 16.500366
25.250000 16.500366
25.250000 16.500366
25.250000 16.500366
25.250002 16.500366
25.250002 16.500366
25.250002 16.500366
25.250002 16.500366
25.250002 16.500366
25.250002 16.500366
25.250002 16.500366
25.250002 16.500366
25.250002 16.500366
25.250002 16.500366
25.250002 16.500366
25.250002 16.500366
25.250002 16.500366
25.250002 16.500366
25.250002 16.500366
25.250002 16.500366
25.244612 16.500080
25.230667 16.499035
25.213783 16.494904
25.193871 16.488243
25.172157 16.482292
25.148289 16.475361
25.127262 16.469349
25.105442 16.462923
25.082571 16.456697
25.058695 16.450672
25.035927 16.445711
25.013216 16.441017
24.992149 16.437304
24.970808 16.433199
24.948027 16.428860
24.926466 16.424772
24.903925 16.419479
24.881893 16.414303
24.858208 16.408262
24.838081 16.403015
24.815754 16.396971
24.794245 16.391161
24.771873 16.385096
24.749680 16.379135
24.733175 16.374666
24.705088 16.367306
24.683859 16.361616
24.661205 16.355728
24.644089 16.351223
24.617498 16.344135
24.594042 16.338058
24.571373 16.332411
24.548122 16.326839
24.526287 16.321791
24.501913 16.316277
24.480560 16.311417
24.458197 16.307047
24.440430 16.303324
24.412163 16.297739
24.395315 16.294477
24.366722 16.289173
24.345770 16.285398
24.321348 16.281015
24.299664 16.277235
24.275818 16.272911
24.255239 16.269249
24.231703 16.265009
24.208965 16.260881
24.185957 16.256807
24.162086 16.252432
24.138384 16.248129
24.115288 16.243969
24.094332 16.240219
24.071087 16.236153
24.048477 16.232227
24.030285 16.229116
24.000809 16.224207
23.977510 16.220463
23.954645 16.216883
23.934017 16.213594
23.911037 16.210184
23.887094 16.206709
23.862860 16.203308
23.839590 16.200106
23.817804 16.197041
23.795536 16.193790
23.773033 16.190559
23.747267 16.186701
23.724014 16.183252
23.702608 16.180092
23.677465 16.176313
23.655849 16.173166
23.632984 16.169741
23.609396 16.166222
23.583965 16.162413
23.562782 16.159237
23.539053 16.155746
23.516075 16.152376
23.492447 16.149069
23.469954 16.145897
23.447081 16.142653
23.421572 16.139114
23.400145 16.136108
23.377840 16.133028
23.353298 16.129585
23.331415 16.126537
23.307281 16.123178
23.285122 16.120058
23.261683 16.116779
23.237530 16.113264
23.216431 16.110123
23.190851 16.106342
23.168634 16.102789
23.146364 16.099125
23.120022 16.094706
23.098215 16.091362
23.075897 16.088015
23.053051 16.084602
23.029205 16.081087
23.006489 16.077755
22.983492 16.074341
22.960466 16.071039
22.938122 16.067926
22.913660 16.064486
22.894537 16.061848
22.867590 16.058008
22.846148 16.054962
22.822588 16.051556
22.799648 16.048138
22.775703 16.044613
22.753826 16.041351
22.730030 16.037741
22.706179 16.034039
22.682762 16.030394
22.659500 16.026772
22.637897 16.023369
22.614630 16.019678
22.590391 16.015875
22.572277 16.013012
22.545315 16.008633
22.521683 16.004417
22.499006 16.001324
22.476410 15.998357
22.453478 15.995382
22.431093 15.992496
22.406462 15.989411
22.384880 15.986606
22.360010 15.983444
22.339603 15.980721
22.314869 15.977490
22.291945 15.974485
22.269852 15.971510
22.245972 15.968262
22.224361 15.965310
22.199213 15.961930
22.175726 15.958744
22.158976 15.956518
22.130474 15.952837
22.105122 15.949808
22.082682 15.947084
22.059240 15.944267
22.036070 15.941593
22.013245 15.939118
21.990063 15.936634
21.966129 15.934115
21.942852 15.931683
21.919098 15.929261
21.894922 15.926775
21.872801 15.924481
21.850719 15.922251
21.826092 15.919703
21.802299 15.917228
21.784426 15.915289
21.757597 15.912309
21.733528 15.909978
21.708910 15.907444
21.686728 15.905111
21.666710 15.903018
21.639143 15.900120
21.616104 15.897766
21.595900 15.895723
21.571709 15.893423
21.544086 15.890875
21.521170 15.888897
21.496826 15.886790
21.475082 15.885116
21.451189 15.883241
21.428476 15.881544
21.404018 15.879765
21.380781 15.878141
21.357061 15.876479
21.334784 15.874933
21.311357 15.873237
21.287142 15.871458
21.263577 15.869793
21.240494 15.868052
21.217976 15.866466
21.193361 15.864681
21.175886 15.863438
21.147228 15.861149
21.122652 15.859023
21.100042 15.856915
21.079512 15.855084
21.053362 15.852711
21.029724 15.850403
21.007084 15.848198
20.981585 15.845691
20.960567 15.843612
20.936378 15.841327
20.912575 15.839025
20.890133 15.836639
20.865763 15.834200
20.842575 15.831849
20.819393 15.829341
20.796434 15.826855
20.774174 15.824321
20.750843 15.821816
20.728363 15.819267
20.704603 15.816464
20.681599 15.813706
20.658585 15.810839
20.635044 15.807769
20.611528 15.804718
20.588581 15.801748
20.564907 15.798577
20.539898 15.795305
20.517258 15.792282
20.494457 15.789328
20.470295 15.786267
20.448542 15.783468
20.425089 15.780426
20.402014 15.777491
20.377596 15.774364
20.356176 15.771539
20.335873 15.768842
20.308182 15.765252
20.291092 15.762949
20.262869 15.759048
20.238270 15.755589
20.220121 15.753001
20.196621 15.749662
20.174931 15.746600
20.146063 15.742526
20.122772 15.739237
20.100824 15.736070
20.076511 15.732563
20.053097 15.729218
20.029259 15.725904
20.007090 15.722823
19.989782 15.720467
19.960266 15.716495
19.937864 15.713494
19.914316 15.710357
19.892431 15.707402
19.868689 15.704233
19.844952 15.700981
19.823299 15.697968
19.800688 15.694790
19.779881 15.691763
19.752096 15.687708
19.730074 15.684418
19.708553 15.681008
19.688757 15.677856
19.670158 15.674882
19.644896 15.670768
19.622381 15.667028
19.602028 15.663587
19.575991 15.659260
19.554165 15.655590
19.531677 15.651828
19.506290 15.647572
19.485620 15.644032
19.460720 15.639830
19.439581 15.636178
19.415518 15.632018
19.391796 15.627851
19.368496 15.623705
19.346170 15.619726
19.323013 15.615537
19.302723 15.611762
19.280132 15.607533
19.260220 15.603791
19.231754 15.598318
19.214514 15.594976
19.187098 15.589676
19.167965 15.585916
19.140051 15.580476
19.117683 15.576112
19.100407 15.572733
19.073051 15.567565
19.049191 15.563028
19.026344 15.558784
19.004288 15.554731
18.980522 15.550406
18.956545 15.546095
18.935713 15.542334
18.913980 15.538465
18.890650 15.534294
18.867043 15.530095
18.843393 15.525901
18.821333 15.521932
18.800097 15.518149
18.774841 15.513688
18.756405 15.510365
18.729792 15.505661
18.705683 15.501402
18.683599 15.497551
18.660635 15.493514
18.638090 15.489704
18.614628 15.485737
18.591331 15.481936
18.566977 15.478072
18.545425 15.474765
18.520288 15.471050
18.498026 15.467847
18.473917 15.464348
18.452435 15.461364
18.429554 15.458241
18.411087 15.455757
18.383766 15.452185
18.358511 15.448871
18.335926 15.446054
18.312843 15.443118
18.291855 15.440426
18.268476 15.437539
18.244301 15.434491
18.219841 15.431326
18.198343 15.428578
18.173147 15.425542
18.149548 15.422653
18.126205 15.419934
18.105371 15.417603
18.080887 15.414968
18.058439 15.412574
18.034065 15.410203
18.010908 15.408003
17.987694 15.405864
17.964314 15.403778
17.940937 15.401802
17.921951 15.400216
17.892391 15.397836
17.870615 15.396109
17.846981 15.394166
17.828363 15.392663
17.804369 15.390716
17.777636 15.388473
17.752094 15.386478
17.729359 15.384602
17.707054 15.382845
17.683619 15.381049
17.659206 15.379147
17.636198 15.377429
17.612103 15.375748
17.588432 15.374125
17.565384 15.372609
17.540937 15.371069
17.519110 15.369818
17.495689 15.368503
17.471731 15.367209
17.448227 15.365959
17.425392 15.364811
17.400301 15.363530
17.376362 15.362399
17.355236 15.361423
17.330557 15.360275
17.305681 15.359046
17.282373 15.357857
17.260576 15.356721
17.236540 15.355463
17.211798 15.354256
17.188009 15.353026
17.166864 15.351961
17.141783 15.350753
17.119473 15.349692
17.099039 15.348729
17.071056 15.347478
17.047010 15.346472
17.029064 15.345742
16.999868 15.344697
16.976974 15.343877
16.952658 15.343059
16.934277 15.342515
16.905491 15.341581
16.884264 15.340943
16.860275 15.340263
16.836529 15.339587
16.818146 15.339015
16.790138 15.338140
16.764496 15.337224
16.743050 15.336480
16.719082 15.335589
16.695147 15.334706
16.672377 15.333794
16.647264 15.332868
16.625233 15.332059
16.601637 15.331259
16.577394 15.330511
16.553558 15.329809
16.529905 15.329205
16.506704 15.328656
16.483473 15.328176
16.458334 15.327711
16.434383 15.327301
16.412790 15.326977
16.387627 15.326612
16.364113 15.326280
16.339918 15.325901
16.315989 15.325443
16.298475 15.325104
16.270319 15.324551
16.246134 15.324017
16.222561 15.323488
16.198082 15.322891
16.175508 15.322333
16.152937 15.321812
16.129665 15.321238
16.108250 15.320753
16.081161 15.320196
16.058538 15.319740
16.032595 15.319340
16.009205 15.318964
15.985532 15.318724
15.961830 15.318447
15.940000 15.318248
15.914406 15.318026
15.893003 15.317847
15.869230 15.317669
15.845017 15.317442
15.819887 15.317232
15.798100 15.316977
15.772099 15.316630
15.750391 15.316310
15.727243 15.315906
15.701764 15.315475
15.677998 15.315017
15.655880 15.314632
15.632122 15.314217
15.609792 15.313775
15.586031 15.313411
15.560596 15.313041
15.536958 15.312761
15.515210 15.312549
15.489923 15.312333
15.467690 15.312228
15.443987 15.312082
15.423817 15.312007
15.396294 15.311958
15.370426 15.311852
15.347377 15.311775
15.325246 15.311656
15.306565 15.311585
15.277986 15.311420
15.254109 15.311280
15.229274 15.311064
15.209857 15.310851
15.183371 15.310560
15.162205 15.310328
15.135143 15.310066
15.112873 15.309871
15.093352 15.309705
15.064453 15.309634
15.041596 15.309670
15.016218 15.309705
14.994389 15.309819
14.969919 15.310047
14.944986 15.310317
14.923013 15.310662
14.897765 15.311009
14.875663 15.311394
14.856625 15.311684
14.827413 15.312080
14.803879 15.312398
14.781107 15.312636
14.755075 15.312898
14.732839 15.313076
14.708291 15.313256
14.684761 15.313432
14.662173 15.313548
14.638428 15.313704
14.614487 15.313850
14.593123 15.314007
14.567263 15.314254
14.545177 15.314466
14.519984 15.314792
14.498201 15.315079
14.474277 15.315458
14.450044 15.315884
14.425600 15.316278
14.402810 15.316703
14.378703 15.317098
14.360149 15.317435
14.331593 15.317860
14.308563 15.318176
14.282033 15.318510
14.259123 15.318733
14.236481 15.318883
14.213396 15.318995
14.193650 15.319079
14.166618 15.319231
14.141267 15.319291
14.119651 15.319375
14.093967 15.319477
14.070704 15.319597
14.047373 15.319784
14.027781 15.319942
14.000154 15.320256
13.976462 15.320493
13.952476 15.320868
13.933714 15.321115
13.904672 15.321562
13.881086 15.321920
13.862271 15.322186
13.833919 15.322643
13.810384 15.322963
13.785376 15.323314
13.761683 15.323565
13.739696 15.323796
13.715704 15.324003
13.691537 15.324174
13.670213 15.324327
13.649390 15.324477
13.622485 15.324693
13.598234 15.325127
13.575509 15.325559
13.553103 15.325965
13.528980 15.326565
13.506363 15.327074
13.481245 15.327795
13.457015 15.328712
13.433386 15.329709
13.411824 15.330776
13.386239 15.332395
13.364146 15.333961
13.338392 15.335852
13.315571 15.337611
13.291007 15.339390
13.268583 15.340722
13.247081 15.342592
13.221291 15.345012
13.199307 15.347163
13.177341 15.349365
13.154140 15.352018
13.131102 15.355104
13.105855 15.358398
13.083962 15.361667
13.061157 15.364994
13.039442 15.368112
13.016477 15.371626
12.991950 15.375378
12.968217 15.379297
12.945255 15.383024
12.921054 15.386940
12.899199 15.390446
12.876189 15.394183
12.852977 15.397873
12.829510 15.401587
12.803484 15.405870
12.782511 15.409295
12.757910 15.413558
12.735665 15.417583
12.713708 15.421476
12.688557 15.425879
12.666064 15.429914
12.644992 15.433696
12.623439 15.437686
12.603969 15.441366
12.578436 15.446344
12.555480 15.450771
12.535488 15.455163
12.509609 15.460758
12.486350 15.465796
12.464056 15.470741
12.439842 15.476139
12.418325 15.481233
12.395729 15.486445
12.376335 15.490980
12.355052 15.496145
12.332018 15.501299
12.313836 15.505799
12.293912 15.511047
12.275408 15.515922
12.257729 15.520720
12.240425 15.525198
12.221487 15.529817
12.204727 15.534537
12.187366 15.539683
12.172482 15.544356
12.156858 15.549123
12.141613 15.554819
12.126575 15.560103
12.113564 15.564929
12.098741 15.570521
12.084319 15.575702
12.074206 15.579497
12.058477 15.585427
12.048624 15.589526
12.034376 15.595003
12.021969 15.600121
12.009886 15.604973
11.999146 15.609246
11.988184 15.613815
11.979592 15.617285
11.967331 15.622390
11.956574 15.626888
11.947295 15.630977
11.937502 15.635293
11.927665 15.639687
11.918051 15.643951
11.909561 15.647750
11.901664 15.651545
11.893197 15.655814
11.884974 15.659892
11.877232 15.663837
11.871333 15.667135
11.862036 15.671808
11.855702 15.675425
11.849075 15.678882
11.841697 15.681576
11.834972 15.683809
11.828289 15.686255
11.822296 15.688817
11.816554 15.691751
11.810061 15.694740
11.804767 15.698236
11.799922 15.703150
11.794512 15.708316
11.790297 15.713932
11.786469 15.719916
11.785493 15.721450
11.786128 15.722057
11.786773 15.722965
11.787885 15.724433
11.788610 15.725719
11.789263 15.727074
11.789546 15.728220
11.789463 15.728886
11.789587 15.729793
11.789576 15.730106
11.789927 15.730366
11.790193 15.730102
11.789878 15.728559
11.789943 15.727048
11.789800 15.725045
11.789722 15.723898
11.789707 15.722759
11.789796 15.722551
11.789819 15.722444
11.789726 15.722355
11.789649 15.722264
11.789553 15.722178
11.789462 15.722134
11.789419 15.722012
11.789469 15.721967
11.789330 15.721827
11.789176 15.721904
11.789128 15.722224
11.789192 15.722207
11.789213 15.722190
11.789402 15.722380
11.789361 15.722505
11.788927 15.722819
11.788348 15.722946
11.787585 15.722963
11.786754 15.723103
11.785448 15.723038
11.784060 15.723310
11.782599 15.723540
11.781131 15.723693
11.779643 15.723748
11.778474 15.723780
11.777480 15.723913
11.776937 15.723866
11.776663 15.723995
11.776881 15.724040
11.777611 15.724050
11.778798 15.724143
11.780467 15.723900
11.782552 15.723805
11.784515 15.723720
11.786798 15.723599
11.787528 15.723596
11.788008 15.723509
11.787992 15.723428
11.787898 15.723330
11.787960 15.723069
11.787951 15.723119
11.787916 15.723211
11.787827 15.722965
11.787807 15.722891
11.787800 15.723249
11.787704 15.723080
11.787627 15.722902
11.787484 15.722651
11.787516 15.722471
11.787204 15.722417
11.787069 15.722212
11.786924 15.721885
11.786566 15.721142
11.786402 15.720663
11.786324 15.720105
11.786267 15.719562
11.786252 15.718801
11.786108 15.718315
11.786058 15.717961
11.786068 15.717645
11.782767 15.717703
11.771114 15.722450
11.763347 15.725402
11.755755 15.728028
11.747558 15.730877
11.739674 15.733661
11.732323 15.736118
11.723983 15.738621
11.716123 15.741356
11.708429 15.744063
11.700557 15.746682
11.692966 15.749289
11.684536 15.752266
11.676637 15.754941
11.668945 15.757701
11.661212 15.760557
11.653778 15.763359
11.645242 15.766653
11.639644 15.768837
11.629652 15.772695
11.622098 15.775681
11.613701 15.779050
11.605670 15.782107
11.598402 15.785003
11.591852 15.787612
11.582662 15.791286
11.574969 15.794527
11.566934 15.797852
11.558867 15.801289
11.551640 15.804430
11.545028 15.807297
11.535728 15.811395
11.528385 15.814559
11.520295 15.817957
11.514894 15.820242
11.504993 15.824219
11.497214 15.827631
11.489445 15.830969
11.481933 15.834270
11.474417 15.837630
11.467682 15.840614
11.458261 15.844909
11.450597 15.848399
11.443717 15.851536
11.435747 15.855153
11.427633 15.858871
11.420377 15.862300
11.412949 15.865806
11.405215 15.869414
11.397637 15.872993
11.391002 15.876182
11.381679 15.880661
11.374146 15.884237
11.367032 15.887663
11.358992 15.891497
11.351991 15.894885
11.343790 15.898830
11.336919 15.902191
11.329256 15.905902
11.321727 15.909608
11.313508 15.913597
11.306295 15.917207
11.298408 15.921111
11.290662 15.924976
11.283326 15.928670
11.276073 15.932320
11.268624 15.936125
11.261007 15.939992
11.253085 15.944059
11.245723 15.947807
11.237987 15.951827
11.230788 15.955479
11.223179 15.959431
11.215892 15.963190
11.208276 15.967185
11.200655 15.971102
11.193124 15.975064
11.185400 15.979102
11.177648 15.983186
11.170067 15.987194
11.163078 15.990947
11.155057 15.995350
11.147488 15.999308
11.138180 16.003176
11.127828 16.006378
11.120989 16.011181
11.113886 16.015305
11.104999 16.018684
11.097875 16.022490
11.089987 16.026375
11.081983 16.030392
11.073825 16.034519
11.065816 16.038311
11.058290 16.041681
11.049078 16.043514
11.040538 16.045277
11.031849 16.046230
11.022805 16.046526
11.013138 16.046610
11.004778 16.045958
10.996238 16.045372
10.990473 16.045044
10.979730 16.043623
10.971754 16.042585
10.964188 16.040854
10.956164 16.038616
10.947578 16.035957
10.939202 16.033712
10.931482 16.031830
10.922961 16.030851
10.915146 16.030228
10.906307 16.029055
10.897743 16.027784
10.889475 16.027380
10.880777 16.027351
10.873354 16.027012
10.864388 16.026312
10.856495 16.026173
10.847917 16.025949
10.840080 16.025579
10.832229 16.024508
10.823447 16.023083
10.815938 16.022110
10.807162 16.020790
10.799438 16.019754
10.791544 16.018770
10.783425 16.017391
10.774884 16.015919
10.767209 16.014591
10.759583 16.013275
10.750550 16.011662
10.743350 16.010321
10.734998 16.008863
10.727067 16.007324
10.719559 16.005753
10.711139 16.004147
10.703236 16.002718
10.694917 16.001064
10.686797 15.999513
10.678843 15.997924
10.670694 15.996298
10.662823 15.994610
10.654904 15.992999
10.646900 15.991153
10.639170 15.989565
10.630696 15.987858
10.622968 15.986281
10.614891 15.984512
10.606703 15.982742
10.598439 15.980993
10.590921 15.979400
10.582773 15.977681
10.574886 15.975691
10.565969 15.973617
10.558484 15.971992
10.550509 15.970274
10.543478 15.968758
10.534368 15.966890
10.525619 15.964966
10.518414 15.963408
10.509826 15.961514
10.502233 15.959785
10.493634 15.957891
10.485262 15.955868
10.477548 15.954141
10.470951 15.952697
10.462970 15.950930
10.453735 15.948874
10.445927 15.947131
10.437626 15.945330
10.429729 15.943583
10.421084 15.941753
10.413719 15.940194
10.405159 15.938299
10.397565 15.936632
10.388932 15.934652
10.381352 15.932953
10.373166 15.931129
10.364656 15.929197
10.356300 15.927251
10.349139 15.925661
10.340946 15.923820
10.332328 15.921900
10.324301 15.920011
10.316932 15.918314
10.308909 15.916441
10.300711 15.914550
10.292261 15.912566
10.284272 15.910711
10.276780 15.908963
10.268656 15.907070
10.260655 15.905202
10.252036 15.903225
10.244196 15.901348
10.236555 15.899552
10.228320 15.897593
10.220798 15.895838
10.214010 15.894244
10.204420 15.892027
10.198057 15.890574
10.189008 15.888474
10.180412 15.886501
10.172748 15.884692
10.164438 15.882756
10.156822 15.880993
10.148289 15.879030
10.140409 15.877173
10.132149 15.875282
10.123817 15.873258
10.115952 15.871391
10.108438 15.869642
10.100464 15.867813
10.092028 15.865894
10.084356 15.864116
10.075948 15.862171
10.068050 15.860271
10.059880 15.858409
10.051457 15.856493
10.045273 15.855076
10.035939 15.852770
10.027451 15.850726
10.019411 15.848913
10.011447 15.847027
10.003326 15.845263
9.995297 15.843410
9.987740 15.841722
9.979046 15.839725
9.970997 15.837935
9.963058 15.836149
9.954879 15.834350
9.947617 15.832691
9.938909 15.830891
9.930898 15.829339
9.923361 15.827725
9.915408 15.825998
9.906502 15.824096
9.898445 15.822436
9.890404 15.820740
9.882092 15.819105
9.874004 15.817376
9.865956 15.815707
9.857970 15.814094
9.852072 15.812934
9.841904 15.810956
9.835689 15.809671
9.826209 15.807742
9.817566 15.805923
9.810016 15.804334
9.804648 15.803205
9.797152 15.801641
9.788749 15.799864
9.782642 15.798452
9.774955 15.796808
9.768581 15.795450
9.762239 15.794103
9.753603 15.792224
9.746622 15.790781
9.737862 15.788951
9.732368 15.787681
9.726068 15.786283
9.718833 15.784747
9.712138 15.783363
9.703942 15.781658
9.697034 15.780333
9.688300 15.778718
9.680610 15.777182
9.672791 15.775842
9.664979 15.774456
9.656708 15.772980
9.648077 15.771546
9.640553 15.770246
9.632195 15.768838
9.624110 15.767432
9.616423 15.766324
9.608905 15.765331
9.602292 15.764418
9.593743 15.763213
9.584525 15.761771
9.576158 15.760613
9.567893 15.759795
9.559613 15.758842
9.552309 15.758150
9.543834 15.757142
9.536032 15.756278
9.527116 15.755322
9.519716 15.754376
9.510978 15.753284
9.503010 15.752294
9.494715 15.751215
9.486397 15.750306
9.479101 15.749445
9.470745 15.748405
9.462031 15.747458
9.456275 15.746873
9.446389 15.745787
9.438008 15.745051
9.429755 15.744339
9.420956 15.743331
9.413108 15.742507
9.404668 15.741636
9.396976 15.740795
9.388530 15.739981
9.380259 15.739107
9.371954 15.738302
9.363646 15.737442
9.355442 15.736667
9.348004 15.736029
9.339440 15.735238
9.331668 15.734501
9.323247 15.733706
9.315516 15.732999
9.307386 15.732266
9.300782 15.731700
9.291825 15.730811
9.284166 15.730028
9.275846 15.729300
9.267891 15.728606
9.259897 15.727904
9.251695 15.727229
9.243393 15.726495
9.234977 15.725728
9.227299 15.725097
9.219783 15.724495
9.212162 15.723868
9.203737 15.723210
9.195319 15.722552
9.189144 15.722067
9.181259 15.721468
9.175374 15.721010
9.169950 15.720622
9.164955 15.720219
9.159958 15.719876
9.153976 15.719403
9.149703 15.719103
9.146656 15.718877
9.143047 15.718626
9.139357 15.718362
9.134701 15.718025
9.130006 15.717673
9.124698 15.717346
9.118802 15.716949
9.113687 15.716594
9.108880 15.716316
9.103339 15.715920
9.099647 15.715686
9.096369 15.715509
9.091696 15.715204
9.087587 15.714975
9.083547 15.714694
9.078387 15.714395
9.074181 15.714149
9.070722 15.713944
9.068229 15.713815
9.066180 15.713704
9.063902 15.713576
9.061387 15.713432
9.057603 15.713236
9.054121 15.713026
9.051672 15.712906
9.049570 15.712793
9.047359 15.712679
9.044807 15.712534
9.041718 15.712353
9.039473 15.712240
9.037466 15.712153
9.035371 15.712062
9.033385 15.711964
9.031228 15.711832
9.029793 15.711776
9.024232 15.711532
9.015406 15.711164
9.008877 15.710835
9.006210 15.710718
9.000945 15.710523
8.990040 15.710045
8.988035 15.709912
8.982135 15.709622
8.972337 15.709285
8.968150 15.709116
8.957373 15.708711
8.954891 15.708618
8.946251 15.708285
8.943685 15.708138
8.930915 15.707772
8.927984 15.707520
8.925831 15.707492
8.914953 15.707187
8.912855 15.707006
8.910687 15.707174
8.899458 15.706979
8.898613 15.706242
8.888011 15.705717
8.879928 15.705349
8.871718 15.705103
8.863785 15.704846
8.855471 15.704507
8.846783 15.704266
8.838694 15.704049
8.830678 15.703815
8.822943 15.703608
8.814390 15.703336
8.806173 15.703154
8.798275 15.702971
8.790023 15.702946
8.781299 15.702855
8.773890 15.702855
8.765759 15.702802
8.757507 15.702703
8.749593 15.702670
8.740587 15.702631
8.733021 15.702599
8.724639 15.702592
8.716647 15.702578
8.708310 15.702614
8.700714 15.702721
8.692062 15.702751
8.684767 15.702759
8.675927 15.702737
8.668066 15.702647
8.659593 15.702623
8.652225 15.702600
8.643950 15.702571
8.635752 15.702550
8.627041 15.702303
8.619674 15.702238
8.611073 15.702147
8.602841 15.702060
8.594704 15.701994
8.586617 15.701885
8.578367 15.701748
8.570352 15.701623
8.561730 15.701553
8.554195 15.701445
8.545684 15.701321
8.537896 15.701222
8.529706 15.701127
8.520921 15.700975
8.512518 15.700876
8.504920 15.700758
8.496484 15.700628
8.488542 15.700512
8.479883 15.700403
8.471682 15.700265
8.463522 15.700162
8.455368 15.700022
8.446720 15.699918
8.438980 15.699809
8.430409 15.699698
8.422512 15.699548
8.414310 15.699480
8.405817 15.699330
8.397984 15.699241
8.389277 15.699096
8.381454 15.698996
8.372908 15.698877
8.364535 15.698749
8.356500 15.698627
8.348626 15.698539
8.339864 15.698418
8.332335 15.698306
8.323829 15.698213
8.315250 15.698109
8.307239 15.698009
8.299456 15.697898
8.290822 15.697808
8.282618 15.697722
8.274762 15.697644
8.267057 15.697557
8.258309 15.697488
8.250733 15.697398
8.242220 15.697330
8.234432 15.697248
8.226070 15.697193
8.218363 15.697085
8.209690 15.697023
8.202239 15.696944
8.193974 15.696885
8.185230 15.696780
8.177614 15.696754
8.169164 15.696665
8.161017 15.696626
8.153494 15.696574
8.145455 15.696531
8.136696 15.696464
8.128650 15.696445
8.120938 15.696407
8.112155 15.696376
8.104673 15.696317
8.096605 15.696306
8.087966 15.696286
8.079809 15.696271
8.072049 15.696231
8.063519 15.696219
8.055831 15.696213
8.047401 15.696180
8.039217 15.696167
8.030428 15.696151
8.022471 15.696150
8.014342 15.696112
8.006041 15.696106
7.997823 15.696130
7.989922 15.696097
7.981636 15.696100
7.973230 15.696074
7.965076 15.696115
7.956832 15.696088
7.948762 15.696087
7.940766 15.696104
7.931872 15.696101
7.924057 15.696095
7.915299 15.696116
7.906991 15.696151
7.898901 15.696132
7.891383 15.696122
7.882518 15.696148
7.874688 15.696146
7.866626 15.696136
7.857683 15.696134
7.849647 15.696160
7.841865 15.696163
7.833608 15.696140
7.825739 15.696128
7.816815 15.696153
7.808895 15.696155
7.800888 15.696144
7.792546 15.696124
7.784220 15.696149
7.776416 15.696138
7.768607 15.696127
7.760074 15.696120
7.751788 15.696131
7.744151 15.696115
7.735785 15.696107
7.727759 15.696117
7.719823 15.696125
7.711747 15.696094
7.703554 15.696088
7.695054 15.696107
7.687111 15.696101
7.679015 15.696074
7.671146 15.696074
7.662548 15.696101
7.654521 15.696083
7.646322 15.696056
7.638371 15.696062
7.630007 15.696085
7.621806 15.696074
7.614165 15.696053
7.606090 15.696079
7.597851 15.696082
7.589958 15.696069
7.581391 15.696074
7.573309 15.696091
7.565144 15.696093
7.557528 15.696092
7.548356 15.696116
7.540324 15.696125
7.532475 15.696123
7.524511 15.696119
7.515488 15.696152
7.507440 15.696148
7.499539 15.696154
7.490956 15.696152
7.482905 15.696187
7.474589 15.696193
7.466526 15.696193
7.458287 15.696186
7.450474 15.696225
7.441978 15.696239
7.433223 15.696247
7.424994 15.696241
7.417496 15.696290
7.408835 15.696297
7.400276 15.696324
7.392210 15.696313
7.384122 15.696360
7.376210 15.696345
7.367352 15.696357
7.359215 15.696383
7.351101 15.696390
7.342826 15.696377
7.334636 15.696380
7.327075 15.696405
7.318784 15.696403
7.310262 15.696392
7.302101 15.696415
7.293612 15.696430
7.285714 15.696426
7.277329 15.696413
7.269176 15.696441
7.261124 15.696445
7.253326 15.696435
7.244880 15.696444
7.237075 15.696449
7.229126 15.696440
7.221258 15.696431
7.212667 15.696453
7.204565 15.696448
7.196141 15.696450
7.188197 15.696436
7.180018 15.696465
7.172482 15.696464
7.164228 15.696444
7.155632 15.696434
7.148011 15.696461
7.139819 15.696465
7.131622 15.696461
7.123742 15.696451
7.115530 15.696495
7.106882 15.696507
7.099065 15.696507
7.091091 15.696499
7.082615 15.696532
7.074536 15.696525
7.066457 15.696529
7.057961 15.696524
7.050096 15.696530
7.042011 15.696333
7.033823 15.696173
7.025706 15.695729
7.018988 15.695403
7.009357 15.694558
7.000789 15.693436
6.992583 15.692718
6.984100 15.692147
6.975917 15.691126
6.967655 15.690100
6.959919 15.688780
6.951427 15.687085
6.942866 15.685573
6.934202 15.684491
6.925879 15.683830
6.918065 15.683127
6.909865 15.682460
6.901939 15.681639
6.893404 15.680821
6.885693 15.680065
6.877028 15.679376
6.868838 15.678617
6.860443 15.677393
6.852538 15.676682
6.844316 15.675753
6.835843 15.674683
6.827815 15.673565
6.819801 15.672427
6.811208 15.671247
6.803576 15.670152
6.795137 15.668970
6.787108 15.667739
6.778987 15.666560
6.770978 15.665373
6.763230 15.664274
6.754756 15.662994
6.747147 15.661974
6.738531 15.660686
6.730824 15.659561
6.722813 15.658419
6.714658 15.657080
6.707370 15.655869
6.698364 15.654340
6.690013 15.652941
6.681935 15.651509
6.673710 15.650159
6.666018 15.648666
6.657830 15.646997
6.649818 15.645569
6.641206 15.643785
6.633378 15.641934
6.625021 15.640203
6.616735 15.638483
6.608601 15.636799
6.600953 15.635001
6.592506 15.632915
6.584533 15.631022
6.576814 15.629195
6.568848 15.626828
6.560850 15.624838
6.552898 15.622854
6.544485 15.620759
6.535978 15.618643
6.528395 15.616499
6.519508 15.614126
6.511985 15.612036
6.503727 15.609862
6.495486 15.607681
6.487937 15.605641
6.480048 15.603488
6.471452 15.601196
6.463498 15.599079
6.455946 15.597063
6.447550 15.594805
6.439651 15.592784
6.431624 15.590817
6.424404 15.588961
6.416246 15.587073
6.408062 15.585309
6.400222 15.583583
6.391808 15.581779
6.383645 15.580012
6.376264 15.578463
6.368222 15.576807
6.360335 15.574970
6.351858 15.572962
6.344307 15.571249
6.335695 15.569190
6.327732 15.567351
6.319520 15.565386
6.312376 15.563828
6.303658 15.561830
6.296048 15.560105
6.287777 15.558177
6.280205 15.556520
6.272072 15.554658
6.263687 15.552742
6.257727 15.551310
6.248086 15.549003
6.239781 15.546941
6.231806 15.545012
6.224514 15.543263
6.215778 15.541142
6.208054 15.539228
6.199805 15.537240
6.191929 15.535242
6.184461 15.533361
6.176461 15.531450
6.167797 15.529449
6.159851 15.527632
6.151825 15.525651
6.143814 15.524025
6.135792 15.522268
6.128879 15.520798
6.122315 15.519574
6.111740 15.517636
6.103367 15.516059
6.095272 15.514603
6.087862 15.512923
6.078707 15.511982
6.070972 15.511055
6.062424 15.509714
6.054175 15.508431
6.046085 15.507190
6.038069 15.505937
6.029812 15.504655
6.024022 15.503758
6.013871 15.502148
6.006430 15.501151
5.997998 15.500501
5.989655 15.499818
5.981074 15.499249
5.973354 15.498930
5.965303 15.498775
5.957206 15.498751
5.948358 15.498827
5.940958 15.498745
5.932515 15.499067
5.924486 15.499274
5.916538 15.499027
5.907754 15.498711
5.899628 15.498408
5.891496 15.498022
5.883794 15.497516
5.874721 15.497018
5.867045 15.496711
5.858728 15.496349
5.850061 15.496015
5.841871 15.495660
5.834512 15.495351
5.825934 15.495003
5.817350 15.494654
5.809191 15.494188
5.801117 15.493960
5.792981 15.493692
5.785721 15.493578
5.777181 15.493420
5.769121 15.493235
5.760745 15.493073
5.752523 15.492887
5.744150 15.492785
5.736693 15.492661
5.728035 15.492536
5.720600 15.492427
5.711779 15.492262
5.704482 15.492177
5.696144 15.492100
5.687903 15.492004
5.681239 15.491933
5.671172 15.491921
5.663516 15.491918
5.655317 15.491869
5.646885 15.491856
5.639097 15.491831
5.630886 15.491817
5.622520 15.491797
5.615118 15.491825
5.606557 15.491803
5.600091 15.491813
5.590661 15.491832
5.582564 15.491858
5.573657 15.491863
5.566142 15.491885
5.557534 15.491938
5.549267 15.491990
5.540713 15.492029
5.533237 15.492070
5.526027 15.492149
5.516087 15.492210
5.507959 15.492263
5.499740 15.492317
5.491345 15.492415
5.483604 15.492458
5.475139 15.492528
5.466982 15.492605
5.458885 15.492676
5.450353 15.492731
5.442380 15.492797
5.434310 15.492867
5.426401 15.492942
5.417513 15.493025
5.409935 15.493096
5.400883 15.493177
5.393071 15.493254
5.384420 15.493355
5.377015 15.493437
5.369521 15.493529
5.360632 15.493656
5.352014 15.493771
5.343509 15.493914
5.335397 15.493979
5.327252 15.494277
5.319348 15.494278
5.311261 15.493814
5.303005 15.493933
5.294823 15.494362
5.286230 15.494536
5.278462 15.495229
5.269953 15.495951
5.261898 15.496414
5.254572 15.497022
5.245605 15.497761
5.238019 15.497914
5.230092 15.498652
5.221534 15.499840
5.213999 15.500860
5.205202 15.502080
5.197299 15.503175
5.189511 15.504259
5.181078 15.505684
5.172848 15.507156
5.164711 15.508718
5.156547 15.510106
5.148443 15.511471
5.140763 15.512768
5.132782 15.514232
5.124271 15.516070
5.116315 15.517553
5.108139 15.518952
5.100102 15.520562
5.092672 15.522215
5.085851 15.523957
5.075715 15.526402
5.068360 15.527776
5.060231 15.529354
5.051549 15.531081
5.043416 15.532762
5.035820 15.534360
5.027480 15.536166
5.019177 15.538253
5.012553 15.539632
5.002860 15.541709
4.994761 15.543405
4.986703 15.545102
4.979001 15.546458
4.970202 15.547594
4.961956 15.548695
4.954224 15.549895
4.946524 15.550709
4.938409 15.551530
4.929463 15.551913
4.923071 15.552521
4.913476 15.553563
4.905206 15.554749
4.896923 15.555701
4.889041 15.556539
4.880148 15.557098
4.871951 15.557715
4.864076 15.557428
4.855794 15.557323
4.847570 15.557604
4.839831 15.557305
4.831523 15.556539
4.823551 15.555911
4.815208 15.555266
4.807712 15.554388
4.799582 15.553667
4.792628 15.553189
4.782437 15.552680
4.774764 15.552374
4.766582 15.551556
4.758637 15.550351
4.750286 15.549262
4.743423 15.548319
4.733972 15.546907
4.726183 15.545797
4.718213 15.544407
4.709490 15.542915
4.702814 15.541785
4.695059 15.540510
4.685940 15.538882
4.677340 15.537358
4.669954 15.536106
4.661893 15.534692
4.653437 15.532994
4.645445 15.531543
4.637586 15.529970
4.629470 15.528282
4.620810 15.526690
4.614920 15.525578
4.604970 15.523353
4.596723 15.521507
4.589048 15.520009
4.580897 15.518434
4.573172 15.516891
4.564595 15.515033
4.556885 15.513442
4.548911 15.511914
4.540485 15.510241
4.532476 15.508730
4.524538 15.506963
4.518272 15.505750
4.508130 15.503722
4.499872 15.502105
4.492245 15.500617
4.484298 15.498895
4.476848 15.497240
4.467746 15.495452
4.459692 15.493866
4.450972 15.492202
4.442778 15.490735
4.435394 15.489350
4.427102 15.487720
4.418902 15.486162
4.410668 15.484532
4.402381 15.483146
4.394665 15.481659
4.386095 15.480054
4.377905 15.478492
4.369726 15.476938
4.361640 15.475434
4.354109 15.474030
4.346110 15.472531
4.337935 15.470988
4.329713 15.469444
4.323416 15.468299
4.313396 15.466423
4.305659 15.464985
4.297055 15.463422
4.289681 15.462017
4.280926 15.460529
4.273605 15.459183
4.265685 15.457716
4.257014 15.456161
4.249172 15.454827
4.240640 15.453307
4.233271 15.452036
4.225062 15.450631
4.217041 15.449233
4.209194 15.447898
4.201093 15.446590
4.192441 15.445159
4.184425 15.443839
4.176913 15.442581
4.168502 15.441106
4.160810 15.439987
4.152567 15.438802
4.144274 15.437555
4.138038 15.436639
4.128801 15.435497
4.120734 15.434404
4.113793 15.433480
4.104569 15.432152
4.095904 15.430647
4.088390 15.428845
4.080055 15.425982
4.071576 15.422277
4.062678 15.418366
4.055608 15.415121
4.047805 15.411960
4.039909 15.408288
4.031549 15.403927
4.023454 15.399310
4.015667 15.394927
4.007881 15.390306
4.000320 15.386601
3.994675 15.383691
3.985919 15.378695
3.978889 15.374588
3.972898 15.370408
3.965559 15.364681
3.958943 15.359859
3.952199 15.354369
3.945385 15.348450
3.938501 15.342304
3.931796 15.336047
3.925577 15.330006
3.919475 15.323663
3.913226 15.316718
3.907664 15.310579
3.901598 15.303628
3.895268 15.296292
3.889197 15.289469
3.883242 15.282204
3.877667 15.274894
3.873238 15.269653
3.866343 15.260760
3.860906 15.253257
3.855161 15.245203
3.850063 15.238307
3.845019 15.231042
3.839989 15.223478
3.834871 15.215848
3.829651 15.207654
3.824921 15.200297
3.819771 15.192262
3.814892 15.183931
3.810074 15.175963
3.805532 15.167996
3.800812 15.159417
3.796183 15.150893
3.791518 15.141994
3.786919 15.132797
3.782679 15.123981
3.778634 15.115796
3.774838 15.107388
3.770732 15.098167
3.766849 15.088399
3.764055 15.082007
3.759116 15.070789
3.755207 15.061802
3.751599 15.052461
3.747801 15.042829
3.744353 15.034101
3.741140 15.024565
3.737868 15.015162
3.734935 15.005159
3.732086 14.995376
3.729240 14.987108
3.725907 14.976034
3.722830 14.964965
3.719887 14.955256
3.716697 14.944746
3.713614 14.934421
3.711041 14.924938
3.708456 14.914898
3.706205 14.905795
3.703324 14.894216
3.701024 14.883931
3.698648 14.873155
3.695685 14.861884
3.693377 14.851601
3.691200 14.844146
3.688423 14.831213
3.686847 14.820581
3.685126 14.809547
3.683157 14.798079
3.681398 14.789492
3.679189 14.777390
3.677812 14.765775
3.676964 14.754424
3.676435 14.742200
3.676385 14.730364
3.676250 14.719080
3.676824 14.707343
3.677766 14.694459
3.679353 14.682234
3.680688 14.669245
3.681967 14.656306
3.683407 14.643219
3.684601 14.630875
3.685747 14.618340
3.687070 14.605184
3.687901 14.592308
3.688679 14.579583
3.689276 14.569828
3.689901 14.554629
3.690192 14.542017
3.690527 14.528970
3.690643 14.520435
3.690804 14.504060
3.690847 14.491996
3.690806 14.479969
3.690444 14.468444
3.690379 14.455920
3.690294 14.444108
3.690007 14.432304
3.689544 14.419671
3.689175 14.407993
3.688731 14.396568
3.688215 14.385176
3.687855 14.372567
3.687285 14.360539
3.686926 14.349258
3.686532 14.336605
3.686232 14.325529
3.685904 14.313079
3.685575 14.301317
3.685176 14.289213
3.684848 14.277934
3.684503 14.265362
3.684185 14.254136
3.683848 14.241031
3.683568 14.229536
3.683247 14.217687
3.682922 14.205365
3.682668 14.194381
3.682338 14.181890
3.682013 14.169153
3.681724 14.158107
3.681385 14.144902
3.681051 14.133187
3.680729 14.121710
3.680405 14.109486
3.680133 14.100390
3.679677 14.085480
3.679343 14.073858
3.678960 14.062046
3.678571 14.049903
3.678159 14.038076
3.677791 14.025395
3.677374 14.013640
3.677029 14.004649
3.676568 13.990072
3.676142 13.977634
3.675825 13.969214
3.675314 13.954520
3.675019 13.945077
3.674642 13.933745
3.674102 13.918401
3.673815 13.908442
3.673392 13.894279
3.673096 13.883362
3.672801 13.871696
3.672426 13.858612
3.672161 13.847095
3.671911 13.835464
3.671649 13.822570
3.671393 13.810424
3.671227 13.798665
3.671067 13.786834
3.670904 13.774291
3.670782 13.762663
3.670730 13.752607
3.670629 13.738829
3.670554 13.726137
3.670566 13.714846
3.670576 13.702539
3.670562 13.690272
3.670573 13.677738
3.670574 13.665345
3.670595 13.653302
3.670624 13.641481
3.670665 13.629156
3.670769 13.617338
3.670925 13.605385
3.671071 13.593266
3.671154 13.579926
3.671212 13.567966
3.671292 13.555515
3.671356 13.543839
3.671400 13.531001
3.671446 13.521054
3.671506 13.506997
3.671545 13.494864
3.671581 13.482602
3.671644 13.470663
3.671701 13.458250
3.671766 13.445964
3.671815 13.437099
3.672219 13.424716
3.672545 13.409976
3.672851 13.397270
3.673389 13.384833
3.673850 13.374210
3.674399 13.360829
3.674978 13.347993
3.675527 13.336168
3.676174 13.322589
3.676810 13.310601
3.677589 13.297980
3.678251 13.285413
3.679061 13.273678
3.680044 13.261197
3.680849 13.248096
3.681724 13.235596
3.682617 13.223003
3.683617 13.210014
3.684317 13.200635
3.685586 13.184521
3.686598 13.172050
3.687597 13.159366
3.688517 13.147820
3.689678 13.133540
3.690511 13.124564
3.691943 13.108070
3.692866 13.096719
3.693972 13.083508
3.695168 13.070376
3.696311 13.058672
3.697501 13.045804
3.698619 13.032890
3.699734 13.020623
3.700837 13.008091
3.701967 12.995438
3.703116 12.982501
3.704427 12.969925
3.705493 12.959609
3.707083 12.944400
3.708415 12.931696
3.709590 12.920365
3.710959 12.907117
3.712331 12.893967
3.713628 12.881883
3.714986 12.868920
3.716589 12.855853
3.718753 12.843299
3.721775 12.829018
3.725665 12.815398
3.729559 12.801362
3.733327 12.787449
3.737100 12.773015
3.740458 12.759156
3.743619 12.745899
3.746884 12.732069
3.749958 12.718409
3.753159 12.704731
3.756340 12.691724
3.759597 12.678567
3.763101 12.664595
3.766714 12.650151
3.770108 12.637143
3.773179 12.625137
3.777380 12.609580
3.781490 12.596082
3.785376 12.583068
3.789400 12.569998
3.793895 12.554807
3.796799 12.545145
3.802021 12.527928
3.805811 12.515608
3.809238 12.504605
3.814167 12.489066
3.818712 12.474906
3.823012 12.461982
3.826828 12.450280
3.832085 12.434487
3.836732 12.421032
3.841501 12.407233
3.845752 12.394903
3.851039 12.380095
3.855791 12.366567
3.859568 12.355879
3.865216 12.340093
3.870372 12.325814
3.875356 12.312085
3.880481 12.298292
3.885884 12.283678
3.890612 12.270931
3.895727 12.257105
3.900916 12.243292
3.906096 12.229501
3.911744 12.214619
3.916440 12.202095
3.922354 12.187003
3.927502 12.173649
3.932767 12.160164
3.938499 12.145567
3.943783 12.132189
3.949621 12.117626
3.954556 12.105342
3.960483 12.090663
3.966398 12.076138
3.971561 12.063462
3.977202 12.049940
3.983303 12.035253
3.988465 12.023072
3.994873 12.008065
4.000592 11.994687
4.006077 11.981891
4.012447 11.967146
4.018137 11.954073
4.024519 11.939489
4.030303 11.926394
4.035888 11.913763
4.040949 11.902369
4.047547 11.887518
4.055086 11.870586
4.060947 11.857419
4.067244 11.843258
4.073580 11.828931
4.079763 11.815097
4.085643 11.801904
4.091689 11.788291
4.097798 11.774568
4.104272 11.760139
4.110093 11.747142
4.116899 11.731949
4.123298 11.717716
4.129519 11.703875
4.136143 11.689306
4.141984 11.676442
4.148305 11.662525
4.154712 11.648648
4.160922 11.635255
4.167708 11.620633
4.173854 11.607436
4.180892 11.592463
4.187034 11.579443
4.193252 11.566325
4.199739 11.552774
4.206443 11.538716
4.213214 11.524620
4.218156 11.514341
4.226305 11.497481
4.233272 11.483197
4.240140 11.469082
4.246032 11.456962
4.253330 11.441953
4.259686 11.428944
4.266981 11.413927
4.273704 11.400166
4.280535 11.386190
4.287036 11.372921
4.294270 11.358169
4.300664 11.345104
4.307386 11.331379
4.314739 11.316293
4.321317 11.302866
4.327921 11.289475
4.334731 11.275593
4.341666 11.261595
4.348954 11.246895
4.355904 11.233008
4.362451 11.219955
4.369678 11.205605
4.376711 11.191747
4.383821 11.177830
4.390747 11.164346
4.397666 11.150921
4.404685 11.137409
4.412077 11.123243
4.419952 11.108177
4.427171 11.094467
4.434042 11.081460
4.441106 11.068111
4.446973 11.057035
4.456162 11.039763
4.463655 11.025661
4.470911 11.012072
4.478571 10.997661
4.483953 10.987579
4.493499 10.969608
4.500020 10.957394
4.508128 10.942099
4.514960 10.929191
4.523049 10.913868
4.529835 10.901030
4.537148 10.887195
4.545085 10.872192
4.550634 10.861696
4.560015 10.844051
4.567404 10.830264
4.574782 10.816455
4.582291 10.802552
4.589142 10.789900
4.597141 10.775147
4.605023 10.760723
4.612374 10.747340
4.620245 10.733042
4.627478 10.719990
4.635587 10.705419
4.643527 10.691229
4.650721 10.678468
4.657001 10.667346
4.664934 10.653426
4.674951 10.635869
4.682829 10.622103
4.690444 10.608887
4.698458 10.594927
4.706765 10.580428
4.715137 10.565898
4.723095 10.552046
4.731155 10.538082
4.739248 10.523937
4.746741 10.510978
4.754732 10.497120
4.763287 10.482347
4.771291 10.468439
4.779174 10.454801
4.787194 10.440866
4.795260 10.426972
4.803104 10.413385
4.811140 10.399496
4.818903 10.386078
4.827921 10.370701
4.836028 10.357260
4.844993 10.343095
4.853538 10.329623
4.863350 10.314837
4.872246 10.301623
4.882652 10.287023
4.892170 10.273651
4.901093 10.261386
4.908971 10.250685
4.922648 10.233382
4.933702 10.219592
4.942004 10.209520
4.955456 10.193577
4.966825 10.180398
4.979667 10.165795
4.991132 10.152681
5.003733 10.138401
5.015200 10.125569
5.027539 10.112101
5.038922 10.099569
5.051379 10.085996
5.062926 10.073512
5.076203 10.059533
5.086648 10.048703
5.101515 10.033405
5.114028 10.020872
5.127248 10.007657
5.139601 9.995318
5.152905 9.982129
5.165659 9.969426
5.178108 9.957029
5.191759 9.943497
5.204334 9.931005
5.217143 9.918218
5.230988 9.904464
5.241784 9.893645
5.257275 9.878176
5.271070 9.864335
5.281888 9.853456
5.293035 9.842237
5.302931 9.832180
5.313544 9.821439
5.326173 9.808622
5.338806 9.795826
5.351457 9.783044
5.364585 9.769732
5.376534 9.757603
5.389480 9.744196
5.402613 9.730622
5.415393 9.717384
5.427592 9.704710
5.440665 9.691131
5.453029 9.678177
5.464710 9.665873
5.477123 9.652596
5.489794 9.639085
5.502197 9.625797
5.514704 9.612328
5.527177 9.598726
5.538963 9.585852
5.551673 9.571743
5.564244 9.557692
5.576155 9.544376
5.588210 9.530710
5.600169 9.516767
5.611434 9.503819
5.623770 9.489436
5.634907 9.476228
5.645851 9.463252
5.657862 9.448802
5.668650 9.435593
5.680414 9.420910
5.691483 9.407010
5.701235 9.394513
5.712839 9.379767
5.722740 9.366891
5.733236 9.352596
5.743032 9.338824
5.752711 9.325215
5.762291 9.311050
5.771714 9.297192
5.781030 9.283314
5.790368 9.269092
5.798690 9.255932
5.807131 9.242337
5.816073 9.227867
5.824443 9.213882
5.832818 9.199693
5.841108 9.185647
5.848504 9.172781
5.856674 9.158204
5.864230 9.144418
5.871516 9.131481
5.878522 9.118496
5.886436 9.103816
5.893143 9.091075
5.900090 9.077436
5.905414 9.066855
5.913388 9.050543
5.919930 9.036642
5.925890 9.023148
5.931720 9.009535
5.937332 8.996256
5.943190 8.982362
5.948198 8.969545
5.953678 8.955134
5.958916 8.941052
5.963470 8.927737
5.968022 8.915000
5.972497 8.901922
5.976784 8.888645
5.981826 8.873801
5.985755 8.861312
5.989883 8.847037
5.993814 8.833508
5.997334 8.821945
6.001857 8.806017
6.005339 8.793106
6.008828 8.779459
6.012859 8.765302
6.016177 8.751596
6.019286 8.738063
6.022042 8.724699
6.024923 8.710733
6.027559 8.698135
6.030479 8.684857
6.032660 8.671718
6.035321 8.658114
6.037519 8.644862
6.039620 8.632251
6.041656 8.619255
6.043478 8.606432
6.045584 8.593424
6.047249 8.580301
6.048754 8.567281
6.050313 8.554873
6.051326 8.542978
6.052018 8.529773
6.052555 8.520229
6.053363 8.504681
6.053986 8.492688
6.054359 8.479646
6.054634 8.468133
6.054992 8.455723
6.055517 8.442571
6.055781 8.430281
6.056274 8.418803
6.056856 8.405403
6.057414 8.393220
6.057846 8.380743
6.058393 8.368172
6.058860 8.355771
6.059292 8.344045
6.059778 8.331573
6.060222 8.319811
6.060714 8.306755
6.061105 8.295240
6.061548 8.283028
6.061995 8.269884
6.062397 8.257314
6.062760 8.244751
6.063137 8.232299
6.063484 8.220366
6.063786 8.208690
6.064122 8.195668
6.064402 8.183893
6.064723 8.170908
6.064954 8.159258
6.065252 8.146838
6.065504 8.134074
6.065731 8.122131
6.065977 8.109290
6.066209 8.097102
6.066438 8.085820
6.066666 8.073395
6.066908 8.061463
6.067163 8.048761
6.067427 8.036609
6.067707 8.024020
6.067955 8.011743
6.068230 7.999813
6.068531 7.988111
6.068789 7.975973
6.069135 7.962628
6.069446 7.951458
6.069835 7.938195
6.070173 7.925904
6.070521 7.914179
6.070871 7.902326
6.071284 7.889606
6.071655 7.877000
6.072066 7.864271
6.072483 7.851698
6.072855 7.839959
6.073295 7.826845
6.073657 7.815291
6.074101 7.802079
6.074480 7.789880
6.074855 7.777420
6.075227 7.765003
6.075564 7.752910
6.075891 7.740823
6.076215 7.728125
6.076519 7.715408
6.076782 7.702965
6.077041 7.691637
6.077295 7.678553
6.077524 7.666276
6.077725 7.654146
6.077947 7.641825
6.078109 7.630283
6.078287 7.617419
6.078424 7.608376
6.078618 7.592945
6.078720 7.580989
6.078830 7.569610
6.078960 7.556265
6.079073 7.544887
6.079148 7.532623
6.079264 7.520652
6.079408 7.508212
6.079507 7.496149
6.079592 7.483253
6.079713 7.471636
6.079822 7.459926
6.079934 7.447720
6.080082 7.435296
6.080226 7.422073
6.080396 7.410225
6.080535 7.398013
6.080707 7.386450
6.080863 7.373527
6.081015 7.361169
6.081180 7.349645
6.081352 7.337407
6.081560 7.324189
6.081743 7.312004
6.081930 7.299650
6.082093 7.287609
6.082248 7.276354
6.082401 7.263444
6.082543 7.251255
6.082672 7.239036
6.082762 7.226516
6.082863 7.214455
6.082924 7.202819
6.082971 7.190001
6.082986 7.177791
6.082960 7.166305
6.082859 7.153368
6.082741 7.141403
6.082593 7.129551
6.082452 7.118398
6.082194 7.105151
6.082025 7.093253
6.081803 7.081487
6.081563 7.069159
6.081253 7.057619
6.080990 7.045575
6.080708 7.033514
6.080459 7.021037
6.080168 7.009011
6.079868 6.996731
6.079579 6.984972
6.079317 6.973102
6.079023 6.961646
6.078732 6.949282
6.078496 6.937690
6.078245 6.926001
6.077952 6.912988
6.077717 6.901139
6.077534 6.889592
6.077286 6.876748
6.077081 6.865595
6.076880 6.853813
6.076685 6.840622
6.076465 6.828845
6.076313 6.817486
6.076121 6.805531
6.075886 6.792775
6.075692 6.780793
6.075496 6.768151
6.075305 6.756481
6.075056 6.744506
6.074844 6.732487
6.074619 6.720678
6.074372 6.708038
6.074135 6.695978
6.073891 6.683825
6.073660 6.672580
6.073380 6.660623
6.073073 6.648103
6.072807 6.635768
6.072504 6.623944
6.072218 6.612832
6.071948 6.600749
6.071648 6.588379
6.071355 6.576248
6.071064 6.564023
6.070825 6.552366
6.070542 6.540052
6.070268 6.528144
6.070045 6.516073
6.069815 6.504261
6.069592 6.492325
6.069391 6.480492
6.069233 6.468747
6.069040 6.455922
6.068909 6.443955
6.068796 6.432146
6.068677 6.420245
6.068587 6.407941
6.068514 6.395249
6.068447 6.383349
6.068395 6.371928
6.068346 6.358809
6.068346 6.347177
6.068300 6.334921
6.068330 6.322482
6.068334 6.310313
6.068324 6.298325
6.068324 6.286496
6.068329 6.273811
6.068334 6.261488
6.068293 6.249611
6.068289 6.237870
6.068257 6.225135
6.068219 6.213902
6.068149 6.201229
6.068099 6.188728
6.068046 6.176847
6.067930 6.165489
6.067829 6.152889
6.067720 6.140528
6.067616 6.129288
6.067427 6.116349
6.067302 6.104062
6.067156 6.092278
6.067020 6.080865
6.066846 6.068188
6.066725 6.056687
6.066591 6.044260
6.066442 6.032292
6.066302 6.019933
6.066182 6.007652
6.066075 5.996502
6.065930 5.983640
6.065838 5.971519
6.065764 5.959794
6.065691 5.947330
6.065625 5.935891
6.065616 5.923636
6.065608 5.911064
6.065589 5.898975
6.065590 5.886767
6.065653 5.874712
6.065687 5.862063
6.065712 5.849979
6.065776 5.838636
6.065875 5.825553
6.065953 5.813967
6.066034 5.801051
6.066125 5.789018
6.066189 5.777158
6.066240 5.764775
6.066298 5.752240
6.066352 5.740020
6.066393 5.728729
6.066397 5.715625
6.066427 5.703681
6.066433 5.691353
6.066397 5.679103
6.066353 5.667703
6.066357 5.655344
6.066282 5.643530
6.066210 5.630627
6.066146 5.619219
6.066076 5.606468
6.066001 5.594661
6.065886 5.582111
6.065809 5.570195
6.065724 5.558009
6.065635 5.545972
6.065539 5.534573
6.065485 5.522058
6.065398 5.509489
6.065331 5.497545
6.065281 5.485935
6.065268 5.473690
6.065218 5.461200
6.065170 5.449021
6.065192 5.437338
6.065199 5.424929
6.065252 5.412663
6.065269 5.400833
6.065336 5.388298
6.065376 5.375966
6.065430 5.364469
6.065509 5.352466
6.065601 5.339508
6.065672 5.327306
6.065728 5.314934
6.065843 5.303663
6.065907 5.291276
6.066008 5.278749
6.066058 5.266770
6.066170 5.253967
6.066203 5.242047
6.066240 5.230187
6.066289 5.217128
6.066318 5.205242
6.066328 5.193626
6.066303 5.181626
6.066327 5.169134
6.066285 5.157565
6.066256 5.144903
6.066180 5.132302
6.066160 5.121210
6.066054 5.108234
6.065975 5.096199
6.065905 5.084145
6.065832 5.071734
6.065735 5.059919
6.065629 5.048483
6.065568 5.036191
6.065494 5.024350
6.065416 5.011886
6.065334 4.999928
6.065313 4.987511
6.065251 4.975483
6.065231 4.962979
6.065228 4.951734
6.065227 4.939622
6.065225 4.926815
6.065234 4.915854
6.065279 4.902452
6.065375 4.890413
6.065679 4.877974
6.065841 4.865901
6.066055 4.853845
6.066420 4.842317
6.066740 4.830033
6.067100 4.816783
6.067417 4.804609
6.067762 4.792882
6.068135 4.780411
6.068706 4.767378
6.069068 4.754917
6.069526 4.745243
6.070137 4.729794
6.070727 4.717596
6.071296 4.705347
6.071785 4.693235
6.072314 4.680013
6.072793 4.668992
6.073342 4.655573
6.073893 4.643747
6.074564 4.631078
6.075284 4.618822
6.076007 4.606045
6.076709 4.593343
6.077314 4.581492
6.077933 4.569273
6.078629 4.556078
6.079350 4.543967
6.080008 4.532237
6.080786 4.519305
6.081884 4.508118
6.083399 4.494874
6.084551 4.482343
6.085594 4.469840
6.086447 4.459495
6.087939 4.445205
6.089337 4.432038
6.091316 4.419744
6.093905 4.406582
6.097055 4.393304
6.101020 4.378433
6.104620 4.365396
6.108560 4.351544
6.112527 4.338211
6.117513 4.322980
6.121799 4.308282
6.125144 4.293999
6.127931 4.281049
6.130847 4.267553
6.134336 4.254358
6.137992 4.241351
6.141841 4.227855
6.145204 4.213843
6.149467 4.201115
6.154229 4.186391
6.159431 4.172063
6.163929 4.159057
6.169048 4.144692
6.174380 4.130788
6.179847 4.116334
6.185091 4.102839
6.190706 4.089103
6.196620 4.075604
6.202073 4.063258
6.208672 4.048071
6.214439 4.035322
6.220399 4.022378
6.227787 4.007119
6.234345 3.993592
6.241592 3.979197
6.248326 3.965918
6.256640 3.950845
6.263704 3.938275
6.272015 3.923465
6.280062 3.909224
6.287526 3.896782
6.296511 3.881762
6.303042 3.870745
6.313532 3.854230
6.322040 3.841295
6.331847 3.826344
6.340928 3.812860
6.350610 3.799053
6.359598 3.786547
6.370374 3.771736
6.379565 3.759400
6.390423 3.745010
6.400919 3.731220
6.411336 3.717729
6.422055 3.704324
6.433251 3.690688
6.444722 3.677065
6.456069 3.663632
6.467748 3.649850
6.479161 3.636541
6.491157 3.622854
6.503347 3.609088
6.515166 3.595970
6.528118 3.581572
6.539682 3.568884
6.551765 3.555634
6.564581 3.541967
6.577568 3.528335
6.589614 3.515745
6.599308 3.505729
6.615337 3.489151
6.625313 3.479140
6.640120 3.464332
6.653548 3.450917
6.666265 3.438300
6.678712 3.426075
6.691815 3.413395
6.705501 3.400128
6.718837 3.387310
6.732029 3.374701
6.745773 3.361657
6.760003 3.348247
6.770298 3.338558
6.786680 3.323297
6.800782 3.310214
6.815433 3.296635
6.829058 3.284161
6.843876 3.270644
6.857960 3.257784
6.871621 3.245319
6.886208 3.232091
6.898964 3.220646
6.913192 3.207836
6.928273 3.194324
6.942261 3.181868
6.956711 3.168991
6.969956 3.157297
6.984938 3.144050
6.999065 3.131658
7.012737 3.119802
7.026219 3.108138
7.040641 3.095748
7.056069 3.082575
7.069655 3.070968
7.083883 3.058906
7.098641 3.046417
7.113646 3.033787
7.128196 3.021572
7.139907 3.011785
7.158193 2.996424
7.173502 2.983734
7.187832 2.971958
7.204423 2.958602
7.218566 2.947052
7.233685 2.934831
7.250209 2.921610
7.265212 2.909781
7.277963 2.899787
7.295900 2.886086
7.313154 2.872868
7.328908 2.860970
7.343936 2.849868
7.359673 2.838138
7.376445 2.825971
7.392023 2.814757
7.407593 2.803449
7.424392 2.791635
7.440825 2.780164
7.456816 2.769092
7.472343 2.758305
7.488669 2.747285
7.505389 2.735855
7.521945 2.724731
7.539780 2.712883
7.556246 2.702078
7.572401 2.691423
7.590923 2.679306
7.608028 2.668277
7.625467 2.657249
7.643361 2.646181
7.660874 2.635319
7.678736 2.624271
7.696033 2.613977
7.714368 2.603136
7.732029 2.593174
7.749312 2.583501
7.768725 2.572963
7.787230 2.563451
7.805574 2.554199
7.823178 2.545490
7.842577 2.535815
7.863065 2.526170
7.883005 2.517123
7.902240 2.508305
7.922963 2.498864
7.943908 2.489786
7.963332 2.481377
7.984160 2.472391
8.003091 2.464270
8.023538 2.455841
8.042276 2.448210
8.061511 2.440528
8.080408 2.433173
8.100135 2.425662
8.120399 2.418140
8.139046 2.411604
8.159640 2.404439
8.179590 2.397880
8.201277 2.390732
8.222031 2.384234
8.243455 2.377669
8.264146 2.371419
8.285673 2.365272
8.308324 2.359103
8.330677 2.352911
8.352131 2.346971
8.374140 2.341338
8.396144 2.335564
8.417218 2.330208
8.438986 2.324861
8.459943 2.319930
8.481125 2.315111
8.502702 2.310434
8.524229 2.305819
8.545838 2.301400
8.567468 2.297122
8.588767 2.292870
8.610664 2.288884
8.634512 2.284562
8.656199 2.280504
8.678773 2.276518
8.702127 2.272468
8.723154 2.268909
8.746649 2.265002
8.769325 2.261259
8.793023 2.257430
8.816165 2.253661
8.839648 2.250027
8.862477 2.246579
8.884995 2.243319
8.908916 2.239938
8.931145 2.236992
8.954975 2.233816
8.976681 2.231071
8.998448 2.228347
9.022466 2.225442
9.045261 2.222786
9.067525 2.220212
9.089630 2.217739
9.113556 2.215223
9.135724 2.212921
9.160311 2.210338
9.183283 2.207954
9.206290 2.205586
9.230602 2.203244
9.254115 2.200880
9.276621 2.198623
9.301433 2.196179
9.323650 2.194105
9.347455 2.191955
9.371610 2.189856
9.375753 2.189516
9.375753 2.189514
9.375753 2.189514
9.375752 2.189515
9.375752 2.189513
9.375751 2.189512
9.375752 2.189512
9.375751 2.189512
9.375751 2.189511
9.375751 2.189511
9.375751 2.189510
9.375750 2.189510
9.375749 2.189509
9.375749 2.189508
9.375749 2.189508
9.375749 2.189508
9.375749 2.189509
9.385509 2.188280
9.398197 2.187413
9.410905 2.186937
9.424053 2.185626
9.435350 2.185070
9.448462 2.184238
9.459116 2.183973
9.469979 2.183847
9.481962 2.183676
9.492735 2.183545
9.503103 2.183212
9.513484 2.183128
9.524313 2.182482
9.533422 2.182168
9.543985 2.181805
9.553270 2.181818
9.562524 2.181884
9.569524 2.181648
9.569532 2.181651
9.569532 2.181651
9.569532 2.181651
9.569532 2.181651
9.569532 2.181652
9.569532 2.181652
9.569532 2.181652
9.569532 2.181652
9.569532 2.181652
9.569532 2.181652
9.569532 2.181653
9.569532 2.181653
9.569532 2.181653
9.569531 2.181653
9.569531 2.181653
9.569531 2.181653
9.569531 2.181654
9.569531 2.181654
9.569531 2.181654
9.569531 2.181655
9.569531 2.181655
9.569531 2.181655
9.569531 2.181655
9.569531 2.181655
9.569531 2.181655
9.569531 2.181655
9.569531 2.181655
9.569531 2.181655
9.569531 2.181656
9.569531 2.181656
9.569531 2.181657
9.569531 2.181656
9.569531 2.181656
9.569531 2.181657
9.569531 2.181657
9.569531 2.181657
9.569531 2.181657
9.569531 2.181657
9.569531 2.181657
9.569530 2.181658
9.569531 2.181658
9.569531 2.181656
9.569530 2.181658
9.569530 2.181658
9.569530 2.181659
9.569530 2.181659
9.569530 2.181659
9.569530 2.181659
9.569530 2.181659
9.569530 2.181659
9.569530 2.181659
9.569530 2.181659
9.569530 2.181659
9.569530 2.181660
9.569530 2.181660
9.569530 2.181660
9.569530 2.181660
9.569530 2.181660
9.569530 2.181661
9.569530 2.181661
9.569530 2.181661
9.569530 2.181661
9.569530 2.181661
9.569530 2.181661
9.569530 2.181662
9.569530 2.181662
9.569530 2.181662
9.569530 2.181662
9.569530 2.181662
9.569530 2.181663
9.569530 2.181662
9.569530 2.181662
9.569530 2.181663
9.569530 2.181663
9.569530 2.181663
9.569530 2.181663
9.569530 2.181663
9.569530 2.181663
9.569530 2.181664
9.569530 2.181664
9.569530 2.181664
9.569530 2.181664
9.569530 2.181664
9.569530 2.181664
9.569530 2.181664
9.569530 2.181664
9.569530 2.181665
9.569530 2.181665
9.569530 2.181665
9.569530 2.181665
9.569530 2.181665
9.569530 2.181665
9.569530 2.181665
9.569530 2.181665
9.569530 2.181665
9.569530 2.181666
9.569530 2.181666
9.569530 2.181666
9.569530 2.181666
9.569530 2.181666
9.569530 2.181666
9.569530 2.181666
9.569530 2.181666
9.569530 2.181666
9.569530 2.181667
9.569530 2.181666
9.569530 2.181666
9.569530 2.181666
9.569530 2.181667
9.569530 2.181667
9.569530 2.181667
9.569530 2.181666
9.569530 2.181665
9.569530 2.181665
9.569530 2.181666
9.569530 2.181666
9.569530 2.181666
9.569531 2.181665
9.569531 2.181665
9.569531 2.181665
9.569530 2.181665
9.569530 2.181665
9.569531 2.181665
9.569531 2.181664
9.569531 2.181664
9.569531 2.181664
9.569531 2.181664
9.569531 2.181664
9.569531 2.181664
9.569532 2.181664
9.569532 2.181664
9.569532 2.181663
9.569532 2.181663
9.569532 2.181663
9.569532 2.181663
9.569532 2.181663
9.569532 2.181663
9.569532 2.181663
9.569532 2.181663
9.569532 2.181663
9.569532 2.181663
9.569532 2.181662
9.569532 2.181662
9.569532 2.181662
9.569532 2.181662
9.569533 2.181662
9.569533 2.181662
9.569533 2.181662
9.569533 2.181662
9.569533 2.181662
9.569533 2.181662
9.569533 2.181662
9.569533 2.181661
9.569533 2.181662
9.569533 2.181661
9.569532 2.181663
9.569533 2.181661
9.569533 2.181661
9.569533 2.181661
9.569533 2.181661
9.569534 2.181661
9.569534 2.181661
9.569534 2.181661
9.569534 2.181661
9.569534 2.181661
9.569534 2.181660
9.569534 2.181660
9.569534 2.181660
9.569534 2.181660
9.569534 2.181660
9.569534 2.181660
9.569534 2.181660
9.569534 2.181660
9.569534 2.181660
9.569534 2.181660
9.569535 2.181660
9.569535 2.181659
9.569535 2.181659
9.569535 2.181659
9.569535 2.181659
9.569535 2.181659
9.569535 2.181659
9.569535 2.181659
9.569535 2.181659
9.569535 2.181659
9.569535 2.181659
9.569534 2.181660
9.569535 2.181659
9.569535 2.181659
9.569536 2.181658
9.569536 2.181658
9.569536 2.181658
9.569536 2.181658
9.569536 2.181659
9.569536 2.181659
9.569536 2.181659
9.569536 2.181659
9.569536 2.181659
9.569536 2.181659
9.569536 2.181659
9.569536 2.181659
9.569536 2.181659
9.569536 2.181659
9.569536 2.181659
9.569536 2.181659
9.569536 2.181659
9.569536 2.181658
9.569536 2.181659
9.569536 2.181659
9.569536 2.181659
9.569536 2.181659
9.569536 2.181659
9.569536 2.181658
9.569536 2.181659
9.569536 2.181659
9.569536 2.181659
9.569536 2.181659
9.569536 2.181659
9.569536 2.181659
9.569536 2.181659
9.569536 2.181659
9.569536 2.181659
9.569536 2.181659
9.569536 2.181659
9.569536 2.181659
9.569536 2.181659
9.569536 2.181659
9.569536 2.181659
9.569536 2.181659
9.569537 2.181659
9.569537 2.181658
9.569537 2.181658
9.569537 2.181658
9.569537 2.181658
9.569537 2.181658
9.569537 2.181658
9.569537 2.181658
9.569537 2.181658
9.569537 2.181658
9.569537 2.181658
9.569537 2.181658
9.569537 2.181658
9.569537 2.181658
9.569537 2.181658
9.569538 2.181657
9.569538 2.181657
9.569538 2.181657
9.569538 2.181656
9.569538 2.181656
9.569538 2.181656
9.569538 2.181656
9.569538 2.181656
9.569538 2.181656
9.569538 2.181655
9.569538 2.181655
9.569538 2.181655
9.569539 2.181655
9.569539 2.181655
9.569539 2.181655
9.569539 2.181655
9.569539 2.181655
9.569539 2.181655
9.569539 2.181654
9.569539 2.181654
9.569539 2.181653
9.569539 2.181653
9.569540 2.181653
9.569540 2.181653
9.569540 2.181653
9.569540 2.181653
9.569540 2.181653
9.569540 2.181653
9.569540 2.181653
9.569540 2.181653
9.569540 2.181653
9.569540 2.181653
9.569540 2.181653
9.569540 2.181653
9.569541 2.181653
9.569541 2.181653
9.569541 2.181653
9.569541 2.181653
9.569541 2.181653
9.569541 2.181653
9.569541 2.181652
9.569541 2.181652
9.569541 2.181652
9.569541 2.181652
9.569541 2.181652
9.569541 2.181652
9.569542 2.181652
9.569542 2.181652
9.569542 2.181652
9.569542 2.181652
9.569542 2.181652
9.569542 2.181652
9.569542 2.181652
9.569542 2.181652
9.569542 2.181652
9.569542 2.181652
9.569542 2.181651
9.569542 2.181651
9.569543 2.181651
9.569543 2.181651
9.569543 2.181651
9.569543 2.181651
9.569543 2.181651
9.569543 2.181651
9.569543 2.181651
9.569543 2.181651
9.569543 2.181651
9.569543 2.181651
9.569543 2.181651
9.569543 2.181651
9.569544 2.181651
9.569544 2.181651
9.569544 2.181650
9.569544 2.181650
9.569544 2.181650
9.569544 2.181650
9.569544 2.181650
9.569544 2.181650
9.569544 2.181650
9.569544 2.181650
9.569544 2.181650
9.569544 2.181650
9.569545 2.181650
9.569545 2.181650
9.569545 2.181650
9.569545 2.181650
9.569545 2.181650
9.569545 2.181650
9.569545 2.181649
9.569545 2.181649
9.569545 2.181649
9.569545 2.181649
9.569545 2.181649
9.569545 2.181649
9.569546 2.181649
9.569546 2.181649
9.569546 2.181649
9.569546 2.181649
9.569546 2.181649
9.569546 2.181649
9.569546 2.181649
9.569546 2.181649
9.569546 2.181649
9.569546 2.181649
9.569546 2.181648
9.569547 2.181648
9.569547 2.181648
9.569547 2.181648
9.569547 2.181648
9.569547 2.181648
9.569547 2.181648
9.569547 2.181648
9.569547 2.181648
9.569547 2.181648
9.569547 2.181648
9.569547 2.181648
9.569547 2.181648
9.569548 2.181648
9.569548 2.181648
9.569548 2.181648
9.569548 2.181648
9.569548 2.181648
9.569548 2.181648
9.569548 2.181648
9.569548 2.181648
9.569548 2.181647
9.569548 2.181647
9.569548 2.181647
9.569548 2.181647
9.569549 2.181647
9.569549 2.181647
9.569549 2.181647
9.569549 2.181647
9.569549 2.181647
9.569549 2.181647
9.569549 2.181647
9.569549 2.181647
9.569549 2.181647
9.569549 2.181647
9.569549 2.181647
9.569549 2.181647
9.569550 2.181646
9.569550 2.181646
9.569550 2.181646
9.569550 2.181646
9.569550 2.181646
9.569550 2.181646
9.569550 2.181646
9.569550 2.181646
9.569550 2.181646
9.569550 2.181646
9.569550 2.181646
9.569550 2.181646
9.569551 2.181646
9.569551 2.181646
9.569551 2.181646
9.569551 2.181646
9.569551 2.181646
9.569551 2.181645
9.569551 2.181645
9.569551 2.181645
9.569551 2.181645
9.569551 2.181645
9.569551 2.181645
9.569551 2.181645
9.569551 2.181645
9.569551 2.181645
9.569551 2.181645
9.569551 2.181645
9.569551 2.181645
9.569551 2.181645
9.569551 2.181645
9.569551 2.181645
9.569551 2.181645
9.569551 2.181644
9.569551 2.181644
9.569552 2.181644
9.569552 2.181644
9.569552 2.181644
9.569552 2.181644
9.569552 2.181644
9.569552 2.181644
9.569552 2.181644
9.569552 2.181644
9.569552 2.181644
9.569552 2.181644
9.569552 2.181644
9.569552 2.181644
9.569553 2.181644
9.569553 2.181644
9.569553 2.181643
9.569553 2.181643
9.569553 2.181643
9.569553 2.181643
9.569553 2.181643
9.569553 2.181643
9.569553 2.181643
9.569553 2.181643
9.569553 2.181643
9.569553 2.181643
9.569554 2.181643
9.569554 2.181643
9.569554 2.181643
9.569554 2.181643
9.569554 2.181643
9.569554 2.181643
9.569554 2.181643
9.569554 2.181643
9.569554 2.181643
9.569554 2.181643
9.569554 2.181643
9.569554 2.181642
9.569555 2.181642
9.569555 2.181642
9.569555 2.181642
9.569555 2.181642
9.569555 2.181642
9.569555 2.181642
9.569555 2.181642
9.569555 2.181642
9.569555 2.181642
9.569555 2.181642
9.569555 2.181642
9.569555 2.181642
9.569556 2.181642
9.569556 2.181642
9.569556 2.181642
9.569556 2.181641
9.569556 2.181641
9.569556 2.181641
9.569556 2.181641
9.569556 2.181641
9.569556 2.181641
9.569556 2.181641
9.569556 2.181641
9.569556 2.181641
9.569557 2.181641
9.569557 2.181641
9.569557 2.181641
9.569557 2.181641
9.569557 2.181641
9.569557 2.181641
9.569557 2.181641
9.569557 2.181641
9.569557 2.181640
9.569557 2.181640
9.569557 2.181640
9.569558 2.181640
9.569558 2.181640
9.569558 2.181640
9.569558 2.181640
9.569558 2.181640
9.569558 2.181640
9.569558 2.181640
9.569558 2.181640
9.569558 2.181640
9.569558 2.181640
9.569558 2.181640
9.569558 2.181640
9.569559 2.181640
9.569559 2.181639
9.569559 2.181639
9.569559 2.181639
9.569559 2.181639
9.569559 2.181639
9.569559 2.181639
9.569559 2.181639
9.569559 2.181639
9.569559 2.181639
9.569559 2.181639
9.569559 2.181639
9.569560 2.181639
9.569560 2.181639
9.569560 2.181639
9.569560 2.181639
9.569560 2.181639
9.569560 2.181639
9.569560 2.181638
9.569560 2.181638
9.569560 2.181638
9.569560 2.181638
9.569560 2.181638
9.569560 2.181638
9.569561 2.181638
9.569561 2.181638
9.569561 2.181638
9.569561 2.181638
9.569561 2.181638
9.569561 2.181638
9.569561 2.181638
9.569561 2.181638
9.569561 2.181638
9.569561 2.181638
9.569561 2.181638
9.569561 2.181638
9.569562 2.181638
9.569562 2.181638
9.569562 2.181638
9.569562 2.181637
9.569562 2.181637
9.569562 2.181637
9.569562 2.181637
9.569562 2.181637
9.569562 2.181637
9.569562 2.181637
9.569562 2.181637
9.569562 2.181637
9.569563 2.181637
9.569563 2.181637
9.569563 2.181637
9.569563 2.181637
9.569563 2.181637
9.569563 2.181637
9.569563 2.181637
9.569563 2.181636
9.569563 2.181636
9.569563 2.181636
9.569563 2.181636
9.569564 2.181636
9.569564 2.181636
9.569564 2.181636
9.569564 2.181636
9.569564 2.181636
9.569564 2.181636
9.569564 2.181636
9.569564 2.181636
9.569564 2.181636
9.569564 2.181636
9.569564 2.181636
9.569564 2.181636
9.569565 2.181636
9.569565 2.181635
9.569565 2.181635
9.569565 2.181635
9.569565 2.181635
9.569565 2.181635
9.569565 2.181635
9.569565 2.181635
9.569565 2.181635
9.569565 2.181635
9.569565 2.181635
9.569565 2.181635
9.569566 2.181635
9.569566 2.181635
9.569566 2.181635
9.569566 2.181635
9.569566 2.181635
9.569566 2.181634
9.569566 2.181634
9.569566 2.181634
9.569566 2.181634
9.569566 2.181634
9.569566 2.181634
9.569566 2.181634
9.569567 2.181634
9.569567 2.181634
9.569567 2.181634
9.569567 2.181634
9.569567 2.181634
9.569567 2.181634
9.569567 2.181634
9.569567 2.181634
9.569567 2.181634
9.569567 2.181634
9.569567 2.181633
9.569568 2.181633
9.569568 2.181633
9.569568 2.181633
9.569568 2.181633
9.569568 2.181633
9.569568 2.181633
9.569568 2.181633
9.569568 2.181633
9.569568 2.181633
9.569568 2.181633
9.569568 2.181633
9.569568 2.181633
9.569569 2.181633
9.569569 2.181633
9.569569 2.181633
9.569569 2.181633
9.569569 2.181633
9.569569 2.181633
9.569569 2.181633
9.569569 2.181633
9.569569 2.181632
9.569569 2.181632
9.569569 2.181632
9.569569 2.181632
9.569570 2.181632
9.569570 2.181632
9.569570 2.181632
9.569570 2.181632
9.569570 2.181632
9.569570 2.181632
9.569570 2.181632
9.569570 2.181632
9.569570 2.181632
9.569570 2.181632
9.569570 2.181632
9.569570 2.181632
9.569571 2.181631
9.569571 2.181631
9.569571 2.181631
9.569571 2.181631
9.569571 2.181631
9.569571 2.181631
9.569571 2.181631
9.569571 2.181631
9.569571 2.181631
9.569571 2.181631
9.569571 2.181631
9.569571 2.181631
9.569571 2.181631
9.569571 2.181631
9.569571 2.181631
9.569571 2.181631
9.569571 2.181631
9.569571 2.181630
9.569571 2.181630
9.569571 2.181630
9.569571 2.181630
9.569571 2.181630
9.579709 2.181085
9.596089 2.180217
9.617653 2.179132
9.637693 2.178096
9.659969 2.176911
9.684212 2.175571
9.706899 2.174290
9.731942 2.172883
9.754754 2.171585
9.778858 2.170210
9.802246 2.168924
9.822229 2.167767
9.851262 2.166222
9.874227 2.164982
9.896379 2.163855
9.920620 2.162632
9.944135 2.161536
9.968379 2.160457
9.991142 2.159524
10.009536 2.158763
10.039038 2.157621
10.061796 2.156699
10.084566 2.155797
10.106660 2.154931
10.130188 2.153957
10.155070 2.152905
10.177880 2.151904
10.201742 2.150805
10.225254 2.149740
10.247910 2.148656
10.273445 2.147460
10.296412 2.146365
10.320795 2.145257
10.345651 2.144157
10.369987 2.143098
10.393443 2.142171
10.415140 2.141320
10.438714 2.140517
10.461943 2.139781
10.486943 2.139025
10.509168 2.138415
10.533665 2.137745
10.556956 2.137117
10.576097 2.136596
10.603456 2.135877
10.621525 2.135420
10.645451 2.134809
10.673477 2.134057
10.696362 2.133390
10.720857 2.132673
10.744562 2.131896
10.769783 2.131156
10.793651 2.130422
10.817252 2.129756
10.840405 2.129111
10.864317 2.128477
10.888556 2.127900
10.912273 2.127338
10.934695 2.126905
10.960224 2.126451
10.983111 2.126141
11.007109 2.125838
11.028923 2.125591
11.053239 2.125311
11.076107 2.125073
11.098784 2.124844
11.123180 2.124562
11.147884 2.124258
11.170063 2.123953
11.194196 2.123607
11.216620 2.123213
11.240174 2.122756
11.263350 2.122389
11.287383 2.121932
11.311456 2.121560
11.335767 2.121157
11.358809 2.120833
11.384455 2.120528
11.406058 2.120309
11.429770 2.120167
11.449373 2.120044
11.477560 2.119960
11.502780 2.119903
11.525935 2.119871
11.547435 2.119887
11.570861 2.119853
11.596258 2.119858
11.619780 2.119807
11.641856 2.119754
11.665832 2.119682
11.689979 2.119527
11.713185 2.119353
11.737618 2.119096
11.759697 2.118883
11.783764 2.118629
11.809753 2.118313
11.826948 2.118141
11.855871 2.117832
11.880548 2.117672
11.904432 2.117507
11.928041 2.117418
11.950473 2.117397
11.975755 2.117352
11.998828 2.117402
12.020419 2.117448
12.045367 2.117518
12.067728 2.117577
12.091776 2.117613
12.116133 2.117647
12.138849 2.117630
12.164188 2.117571
12.187243 2.117502
12.211521 2.117367
12.233880 2.117234
12.257965 2.117025
12.281617 2.116853
12.305238 2.116656
12.328866 2.116448
12.354643 2.116260
12.377725 2.116127
12.401170 2.116050
12.425936 2.115994
12.444564 2.115996
12.471452 2.116075
12.496831 2.116161
12.518198 2.116250
12.542821 2.116335
12.565523 2.116457
12.589721 2.116548
12.613259 2.116613
12.637355 2.116677
12.661516 2.116643
12.684693 2.116616
12.706136 2.116548
12.727278 2.116395
12.753782 2.116273
12.779660 2.116067
12.801757 2.115881
12.826791 2.115711
12.850368 2.115565
12.872071 2.115481
12.895624 2.115380
12.919202 2.115366
12.944726 2.115342
12.967871 2.115419
12.991545 2.115511
13.015386 2.115642
13.037914 2.115789
13.062582 2.115947
13.083263 2.116089
13.108643 2.116248
13.133078 2.116358
13.155872 2.116390
13.180143 2.116389
13.203020 2.116348
13.226652 2.116278
13.248432 2.116187
13.273332 2.116061
13.297086 2.115886
13.321530 2.115754
13.345547 2.115595
13.370068 2.115501
13.391042 2.115452
13.415777 2.115412
13.440505 2.115446
13.464460 2.115520
13.488063 2.115628
13.511600 2.115742
13.535351 2.115886
13.558291 2.116001
13.581122 2.116092
13.605196 2.116194
13.627053 2.116292
13.652718 2.116340
13.675772 2.116363
13.698639 2.116313
13.723623 2.116250
13.745062 2.116139
13.769071 2.116001
13.794153 2.115831
13.817870 2.115643
13.840341 2.115496
13.864963 2.115384
13.886991 2.115311
13.913095 2.115286
13.936529 2.115295
13.959568 2.115348
13.983350 2.115413
14.007394 2.115538
14.030354 2.115687
14.053084 2.115831
14.075384 2.115975
14.101027 2.116127
14.123353 2.116241
14.146908 2.116325
14.171668 2.116383
14.195161 2.116374
14.218187 2.116286
14.242192 2.116197
14.264199 2.116090
14.289244 2.115929
14.313356 2.115800
14.337943 2.115644
14.360580 2.115556
14.383338 2.115456
14.408451 2.115407
14.432845 2.115396
14.454067 2.115460
14.478544 2.115554
14.502578 2.115656
14.525146 2.115793
14.550013 2.115947
14.571584 2.116054
14.595735 2.116193
14.614956 2.116287
14.644032 2.116328
14.667370 2.116360
14.690681 2.116375
14.709096 2.116363
14.738428 2.116256
14.760257 2.116169
14.779641 2.116051
14.809693 2.115877
14.832264 2.115752
14.857009 2.115610
14.878912 2.115513
14.903832 2.115464
14.926849 2.115445
14.947233 2.115461
14.974855 2.115558
14.997746 2.115666
15.020539 2.115769
15.044291 2.115929
15.064771 2.116078
15.093226 2.116246
15.114401 2.116394
15.138674 2.116503
15.162976 2.116596
15.185148 2.116614
15.209503 2.116599
15.233104 2.116524
15.258688 2.116407
15.282416 2.116289
15.304013 2.116135
15.327498 2.116001
15.352387 2.115909
15.375614 2.115769
15.399036 2.115735
15.423929 2.115671
15.446900 2.115701
15.469874 2.115770
15.495172 2.115884
15.519336 2.116050
15.542782 2.116180
15.566659 2.116347
15.589595 2.116479
15.613208 2.116610
15.637042 2.116696
15.659225 2.116725
15.682163 2.116716
15.706109 2.116657
15.731716 2.116563
15.754534 2.116438
15.778159 2.116266
15.801516 2.116095
15.824970 2.115891
15.844664 2.115761
15.872580 2.115586
15.892992 2.115481
15.919774 2.115451
15.943393 2.115416
15.961629 2.115432
15.990212 2.115531
16.013113 2.115631
16.038519 2.115757
16.061327 2.115857
16.084620 2.115983
16.104158 2.116098
16.130981 2.116162
16.154446 2.116226
16.179564 2.116214
16.203173 2.116180
16.227097 2.116081
16.250858 2.115961
16.273941 2.115838
16.297100 2.115672
16.322947 2.115521
16.340893 2.115413
16.365301 2.115252
16.393822 2.115126
16.417355 2.115097
16.440224 2.115081
16.463928 2.115104
16.489298 2.115207
16.511456 2.115293
16.535192 2.115443
16.558929 2.115609
16.584173 2.115764
16.606747 2.115879
16.628922 2.115983
16.647961 2.116056
16.676529 2.116135
16.699821 2.116130
16.721188 2.116085
16.749481 2.115997
16.772783 2.115881
16.797342 2.115702
16.820988 2.115547
16.844555 2.115434
16.866831 2.115301
16.885832 2.115255
16.908976 2.115177
16.939260 2.115161
16.962120 2.115190
16.985525 2.115292
17.009569 2.115413
17.034523 2.115546
17.057119 2.115693
17.080290 2.115851
17.102520 2.115993
17.128410 2.116159
17.149626 2.116198
17.173454 2.116257
17.197914 2.116239
17.220608 2.116203
17.245680 2.116079
17.267963 2.115942
17.288458 2.115826
17.315678 2.115609
17.340092 2.115468
17.363049 2.115348
17.387447 2.115211
17.407270 2.115128
17.435833 2.115050
17.458576 2.115060
17.482845 2.115119
17.504776 2.115204
17.530233 2.115359
17.553982 2.115491
17.575756 2.115640
17.600908 2.115770
17.622852 2.115911
17.646702 2.115998
17.669964 2.116026
17.693680 2.116038
17.717733 2.115973
17.740923 2.115911
17.764147 2.115798
17.786961 2.115640
17.811646 2.115484
17.831747 2.115345
17.859880 2.115141
17.884209 2.115020
17.908278 2.114949
17.931559 2.114933
17.951450 2.114903
17.978432 2.114983
18.000568 2.115056
18.025387 2.115184
18.050369 2.115317
18.073677 2.115475
18.096045 2.115631
18.120359 2.115773
18.143505 2.115904
18.168438 2.115997
18.191788 2.116035
18.215464 2.116025
18.236872 2.115945
18.260303 2.115851
18.285021 2.115711
18.308100 2.115580
18.332430 2.115462
18.356049 2.115302
18.381529 2.115215
18.405121 2.115100
18.422743 2.115083
18.453236 2.115084
18.470299 2.115136
18.499369 2.115272
18.523376 2.115385
18.547396 2.115573
18.570011 2.115725
18.592321 2.115874
18.617479 2.116023
18.640343 2.116096
18.663242 2.116164
18.686541 2.116199
18.707315 2.116177
18.733614 2.116151
18.759611 2.116035
18.781860 2.115916
18.807047 2.115723
18.828991 2.115605
18.855061 2.115433
18.877291 2.115296
18.902384 2.115223
18.925993 2.115149
18.949093 2.115164
18.974054 2.115164
18.997276 2.115269
19.021179 2.115382
19.043894 2.115510
19.067476 2.115666
19.092228 2.115824
19.114605 2.116000
19.139072 2.116168
19.160322 2.116246
19.186138 2.116313
19.210541 2.116288
19.232304 2.116235
19.255474 2.116166
19.281061 2.116039
19.303183 2.115922
19.327682 2.115751
19.350080 2.115637
19.374905 2.115491
19.399899 2.115399
19.423429 2.115321
19.442904 2.115302
19.471321 2.115367
19.495394 2.115424
19.518459 2.115566
19.541901 2.115689
19.563414 2.115843
19.582804 2.115963
19.610209 2.116122
19.634558 2.116246
19.658010 2.116345
19.682215 2.116380
19.704077 2.116399
19.727816 2.116333
19.752377 2.116271
19.776320 2.116117
19.800730 2.115985
19.823708 2.115830
19.841492 2.115716
19.871162 2.115494
19.895794 2.115383
19.917326 2.115304
19.941896 2.115289
19.966728 2.115306
19.988012 2.115361
20.013664 2.115445
20.037399 2.115569
20.059710 2.115712
20.082455 2.115849
20.107821 2.116040
20.130602 2.116151
20.152914 2.116277
20.177137 2.116355
20.199413 2.116359
20.219107 2.116345
20.248581 2.116255
20.271545 2.116167
20.294374 2.116041
20.320179 2.115886
20.343664 2.115750
20.367872 2.115587
20.385849 2.115482
20.410894 2.115412
20.438774 2.115322
20.458040 2.115353
20.486759 2.115379
20.509905 2.115489
20.533695 2.115586
20.556030 2.115748
20.581402 2.115891
20.604227 2.116063
20.627590 2.116197
20.651539 2.116285
20.675219 2.116358
20.697121 2.116366
20.722721 2.116374
20.745018 2.116323
20.769684 2.116224
20.788284 2.116102
20.817616 2.115906
20.841299 2.115745
20.865126 2.115622
20.886763 2.115494
20.911930 2.115441
20.930925 2.115396
20.954758 2.115448
20.983948 2.115594
21.007467 2.115776
21.029066 2.115978
21.051750 2.116225
21.076256 2.116510
21.099388 2.116790
21.118874 2.117021
21.146097 2.117334
21.171244 2.117600
21.194410 2.117790
21.216379 2.117919
21.240374 2.118044
21.264339 2.118134
21.288376 2.118231
21.312227 2.118247
21.335424 2.118279
21.360321 2.118288
21.383793 2.118343
21.403194 2.118413
21.432943 2.118555
21.451849 2.118676
21.480011 2.118904
21.503458 2.119184
21.522697 2.119447
21.551016 2.119846
21.572807 2.120192
21.596573 2.120563
21.621170 2.120975
21.644030 2.121318
21.662165 2.121550
21.691437 2.121908
21.716261 2.122109
21.735205 2.122279
21.763525 2.122424
21.786406 2.122537
21.809584 2.122603
21.833496 2.122671
21.857473 2.122761
21.883656 2.122802
21.906115 2.122943
21.931519 2.123073
21.953588 2.123254
21.977503 2.123478
22.002365 2.123792
22.024033 2.124088
22.049559 2.124430
22.070814 2.124781
22.094398 2.125141
22.117821 2.125474
22.141159 2.125843
22.164473 2.126136
22.189804 2.126429
22.210953 2.126604
22.234755 2.126776
22.260336 2.126945
22.284067 2.127015
22.303606 2.127121
22.331497 2.127421
22.353432 2.127574
22.379230 2.127866
22.401817 2.128182
22.424824 2.128831
22.450060 2.129936
22.474583 2.131463
22.498360 2.132764
22.521984 2.134377
22.546322 2.136361
22.569355 2.138942
22.592674 2.141728
22.616724 2.145023
22.643290 2.149115
22.667879 2.153294
22.692198 2.156811
22.715652 2.159866
22.739075 2.163140
22.762142 2.166081
22.785820 2.169449
22.807133 2.173851
22.829140 2.179236
22.850306 2.186192
22.872469 2.194409
22.892693 2.202018
22.910341 2.209233
22.935892 2.220370
22.955236 2.229708
22.974741 2.239370
22.996059 2.250325
23.014797 2.260392
23.033463 2.271141
23.052681 2.282194
23.071321 2.293475
23.089527 2.305568
23.107914 2.317272
23.125475 2.329318
23.142303 2.341321
23.158686 2.353527
23.175137 2.366318
23.189480 2.378167
23.205872 2.391974
23.220715 2.404946
23.234432 2.417482
23.249134 2.431263
23.263353 2.445040
23.276598 2.458441
23.289928 2.472384
23.302185 2.485570
23.314489 2.499183
23.326815 2.513183
23.338781 2.527029
23.350634 2.541410
23.361336 2.554590
23.372471 2.568711
23.382738 2.582327
23.392372 2.595207
23.402035 2.608767
23.411316 2.622418
23.420286 2.636036
23.429462 2.650362
23.437654 2.663648
23.445774 2.677816
23.453493 2.691192
23.461788 2.705937
23.469198 2.719595
23.476330 2.732923
23.483400 2.747054
23.490801 2.761503
23.497335 2.775175
23.503870 2.788867
23.510139 2.802247
23.515909 2.814727
23.522125 2.828490
23.527874 2.841453
23.533813 2.854430
23.539228 2.866956
23.544704 2.880492
23.550207 2.894182
23.555775 2.908597
23.560614 2.921293
23.565872 2.935506
23.570505 2.948621
23.574942 2.961049
23.579750 2.975827
23.583900 2.988542
23.588507 3.002704
23.592510 3.015788
23.596308 3.029307
23.600159 3.042800
23.603834 3.055819
23.607721 3.069992
23.611338 3.083462
23.614714 3.096038
23.618338 3.109464
23.621866 3.123627
23.625429 3.136980
23.628899 3.150453
23.632132 3.163368
23.635572 3.176685
23.638977 3.190219
23.641951 3.203103
23.645096 3.216687
23.648029 3.229149
23.650942 3.242802
23.653526 3.254844
23.656391 3.268374
23.659014 3.281064
23.661451 3.293043
23.663898 3.305547
23.666237 3.318586
23.668135 3.330585
23.670528 3.343145
23.672165 3.356301
23.674006 3.369485
23.676020 3.381196
23.677393 3.393702
23.679041 3.406963
23.679682 3.419656
23.680338 3.432312
23.680853 3.445176
23.681787 3.457685
23.682346 3.469235
23.683105 3.482140
23.683929 3.493703
23.684526 3.505948
23.685316 3.518378
23.686167 3.531574
23.686901 3.543977
23.687372 3.556511
23.687885 3.569613
23.688442 3.581835
23.688959 3.593923
23.689550 3.606102
23.690054 3.618634
23.690399 3.630760
23.690773 3.644100
23.691172 3.656282
23.691532 3.668370
23.691914 3.680945
23.692242 3.693156
23.692545 3.706440
23.692808 3.718189
23.693022 3.730268
23.693213 3.742569
23.693415 3.754294
23.693567 3.766710
23.693695 3.778790
23.693810 3.791113
23.693918 3.803154
23.694010 3.815338
23.694075 3.827183
23.694151 3.839432
23.694181 3.850873
23.694218 3.863451
23.694275 3.875345
23.694313 3.887582
23.694338 3.899418
23.694365 3.911722
23.694412 3.923022
23.694429 3.936200
23.694437 3.947297
23.694464 3.960015
23.694487 3.972513
23.694502 3.984309
23.694529 3.996874
23.694578 4.008256
23.694637 4.021012
23.694677 4.033115
23.694752 4.046025
23.694817 4.057878
23.694872 4.070328
23.694881 4.082050
23.694965 4.094953
23.695024 4.106854
23.695051 4.119162
23.695101 4.131468
23.695169 4.143558
23.695230 4.155817
23.695253 4.167979
23.695286 4.180352
23.695318 4.192391
23.695322 4.204084
23.695316 4.216264
23.695305 4.229543
23.695318 4.240760
23.695269 4.252565
23.695253 4.264901
23.695215 4.277386
23.695200 4.289662
23.695139 4.301760
23.695095 4.312978
23.695047 4.324877
23.694969 4.337168
23.694902 4.349156
23.694859 4.361172
23.694805 4.373333
23.694721 4.385492
23.694683 4.397848
23.694647 4.409122
23.694620 4.421762
23.694572 4.433692
23.694572 4.445777
23.694567 4.457644
23.694544 4.469580
23.694551 4.481775
23.694559 4.494596
23.694578 4.506436
23.694571 4.518454
23.694599 4.531588
23.694637 4.543032
23.694656 4.555035
23.694689 4.567326
23.694733 4.580075
23.694790 4.591728
23.694824 4.604723
23.694866 4.616592
23.694893 4.629068
23.694914 4.641934
23.694893 4.653237
23.694904 4.666182
23.694918 4.678070
23.694918 4.689567
23.694910 4.702615
23.694906 4.714481
23.694899 4.726322
23.694857 4.738564
23.694830 4.750685
23.694782 4.763190
23.694750 4.772639
23.694666 4.786728
23.694609 4.799343
23.694561 4.811398
23.694504 4.823113
23.694439 4.834277
23.694374 4.846947
23.694334 4.858266
23.694258 4.870097
23.694229 4.882613
23.694180 4.894313
23.694134 4.907279
23.694069 4.919399
23.694059 4.930984
23.694038 4.942578
23.693993 4.955775
23.693985 4.967548
23.693985 4.978908
23.694004 4.991267
23.694008 5.004295
23.694038 5.016040
23.694061 5.028260
23.694082 5.039928
23.694099 5.052615
23.694151 5.064955
23.694214 5.077726
23.694176 5.088359
23.694248 5.099802
23.694290 5.110778
23.693924 5.121036
23.693781 5.131595
23.693878 5.141583
23.693939 5.150991
23.694006 5.160575
23.693640 5.170390
23.693268 5.178524
23.693329 5.186937
23.693453 5.196368
23.693447 5.203906
23.693869 5.211068
23.693459 5.218442
23.692652 5.225720
23.691341 5.232775
23.688910 5.239658
23.687082 5.247212
23.685387 5.254521
23.682823 5.262230
23.683262 5.270845
23.684732 5.280319
23.685537 5.288713
23.684647 5.295138
23.686106 5.301744
23.687922 5.307499
23.689613 5.313255
23.691427 5.318576
23.693344 5.324613
23.695129 5.330516
23.696903 5.336193
23.698757 5.341768
23.700581 5.347166
23.702627 5.352901
23.704275 5.357862
23.705925 5.363107
23.707474 5.367786
23.709093 5.372121
23.710693 5.376138
23.712254 5.379933
23.713821 5.383513
23.715631 5.387278
23.717335 5.390686
23.718971 5.394180
23.720774 5.397781
23.721964 5.400331
23.723480 5.403475
23.723818 5.404770
23.723848 5.405532
23.723885 5.405528
23.724049 5.405716
23.724104 5.405678
23.724066 5.405660
23.724024 5.405268
23.723705 5.405140
23.723667 5.404971
23.723621 5.404437
23.723452 5.404506
23.723438 5.403895
23.722975 5.403767
23.723085 5.403511
23.723000 5.403286
23.722937 5.402995
23.722759 5.403120
23.722748 5.403114
23.722748 5.403114
23.722748 5.403114
23.722748 5.403114
23.722748 5.403114
23.722748 5.403114
23.722748 5.403114
23.722748 5.403114
23.722748 5.403114
23.722748 5.403113
23.722748 5.403113
23.722750 5.403113
23.722750 5.403113
23.722750 5.403113
23.722750 5.403113
23.724688 5.410861
23.727558 5.423518
23.730768 5.437459
23.733740 5.450285
23.736673 5.462676
23.740114 5.477325
23.743168 5.490420
23.746130 5.503141
23.749269 5.516987
23.752348 5.530431
23.755413 5.543969
23.758179 5.556598
23.761158 5.570238
23.763994 5.583375
23.766811 5.596384
23.769686 5.610203
23.772446 5.623494
23.775276 5.636650
23.778105 5.650271
23.781029 5.664535
23.783552 5.677114
23.786217 5.690742
23.788721 5.703171
23.791321 5.716427
23.793726 5.729247
23.796221 5.741889
23.798914 5.755933
23.800985 5.767834
23.803438 5.781656
23.805647 5.794142
23.807814 5.806093
23.809982 5.818911
23.812170 5.831700
23.814400 5.844840
23.816488 5.858384
23.818323 5.870560
23.819658 5.883379
23.820749 5.896264
23.821806 5.908994
23.822363 5.922064
23.823437 5.933183
23.823654 5.945245
23.823086 5.957538
23.822205 5.968876
23.822266 5.980411
23.821814 5.991519
23.820293 6.002475
23.819143 6.014920
23.819168 6.026580
23.820225 6.037910
23.821819 6.050903
23.823841 6.064089
23.825836 6.078300
23.826944 6.091589
23.827923 6.104248
23.828768 6.117318
23.829615 6.130684
23.830402 6.142674
23.831343 6.155509
23.832445 6.169184
23.833681 6.181687
23.834812 6.193269
23.836205 6.206076
23.837585 6.219736
23.838894 6.232435
23.840191 6.244077
23.841732 6.257464
23.843168 6.270355
23.844648 6.283046
23.846140 6.295465
23.847559 6.307514
23.849138 6.320673
23.850550 6.332301
23.852173 6.345526
23.853765 6.358408
23.855381 6.371243
23.856907 6.383276
23.858486 6.395796
23.860193 6.409172
23.861834 6.421883
23.863527 6.434967
23.865141 6.447433
23.866720 6.459831
23.868504 6.473635
23.870117 6.486136
23.871691 6.498274
23.873341 6.511218
23.875118 6.524979
23.876707 6.537515
23.878399 6.550850
23.880072 6.564274
23.881664 6.577165
23.883278 6.590153
23.884922 6.603449
23.886456 6.615780
23.888119 6.629037
23.889746 6.642430
23.891302 6.655141
23.892843 6.668176
23.894314 6.680291
23.895874 6.693552
23.897301 6.705958
23.898745 6.718642
23.900223 6.731768
23.901621 6.744071
23.902931 6.756414
23.904301 6.769322
23.905506 6.781116
23.906843 6.794680
23.908075 6.807283
23.909319 6.819561
23.910517 6.832070
23.911581 6.844689
23.912706 6.857092
23.913776 6.869853
23.914700 6.881925
23.915655 6.894126
23.916624 6.906792
23.917616 6.919335
23.918577 6.931604
23.919563 6.944290
23.920492 6.957566
23.921303 6.969953
23.922125 6.982060
23.922987 6.994815
23.923824 7.007408
23.924654 7.020588
23.925480 7.033140
23.926268 7.046226
23.926989 7.058819
23.927744 7.071251
23.928490 7.083804
23.929150 7.096279
23.929899 7.109386
23.930626 7.121531
23.931362 7.134015
23.932116 7.147077
23.932800 7.158850
23.933548 7.171333
23.934343 7.184774
23.935005 7.197290
23.935696 7.209544
23.936424 7.222192
23.937105 7.234203
23.937763 7.246480
23.938442 7.258965
23.939032 7.270864
23.939693 7.283803
23.940315 7.296293
23.940908 7.308504
23.941496 7.320838
23.942068 7.332591
23.942678 7.345569
23.943241 7.356979
23.943804 7.369148
23.944384 7.382167
23.944952 7.394114
23.945547 7.406762
23.946110 7.418715
23.946198 7.432111
23.946419 7.441043
23.946560 7.455801
23.945879 7.467520
23.944887 7.479348
23.943876 7.490960
23.942347 7.502736
23.940550 7.514286
23.939228 7.525139
23.938276 7.537007
23.937237 7.546600
23.935932 7.560385
23.934935 7.571744
23.933903 7.583629
23.932999 7.595538
23.932102 7.607494
23.931067 7.618888
23.930103 7.630409
23.929136 7.642123
23.928194 7.653454
23.927078 7.666128
23.926146 7.676968
23.925026 7.688956
23.923920 7.700818
23.922796 7.712389
23.921688 7.723897
23.920628 7.734577
23.919401 7.746745
23.918285 7.757919
23.917133 7.769515
23.915976 7.780920
23.914829 7.792433
23.913717 7.803635
23.912487 7.815636
23.911324 7.826970
23.910179 7.838405
23.908981 7.850218
23.907843 7.861562
23.906694 7.872891
23.905598 7.884228
23.904470 7.895624
23.903368 7.907241
23.902271 7.918982
23.901175 7.930622
23.900139 7.941912
23.899088 7.953783
23.898081 7.965131
23.897108 7.976255
23.896101 7.988341
23.895126 7.999977
23.894108 8.011924
23.893196 8.023112
23.892256 8.034366
23.891241 8.046327
23.890276 8.058338
23.889357 8.070059
23.888441 8.081730
23.887463 8.093524
23.886578 8.104980
23.885603 8.116932
23.884680 8.128482
23.883810 8.139666
23.882864 8.151186
23.881901 8.163003
23.880920 8.175151
23.879982 8.186801
23.879066 8.198375
23.878063 8.210495
23.877197 8.221294
23.876213 8.233536
23.875345 8.245044
23.874428 8.256334
23.873585 8.267424
23.872618 8.279807
23.871721 8.291159
23.870872 8.302169
23.869955 8.314286
23.869034 8.326474
23.868168 8.337900
23.867290 8.349569
23.866529 8.359945
23.865686 8.370670
23.864803 8.381522
23.863968 8.391812
23.863020 8.401772
23.861984 8.412091
23.861143 8.422692
23.860106 8.432109
23.858269 8.441075
23.856464 8.450445
23.855198 8.460192
23.854259 8.468918
23.852594 8.477344
23.850960 8.486124
23.849237 8.495642
23.848000 8.503432
23.846972 8.511766
23.845747 8.519681
23.845085 8.527233
23.842903 8.534851
23.841373 8.542418
23.839504 8.549819
23.837616 8.556802
23.835409 8.564281
23.834129 8.569378
23.831356 8.578072
23.829735 8.585061
23.827593 8.591815
23.824738 8.599416
23.822638 8.605559
23.819979 8.612573
23.818247 8.618316
23.816000 8.624419
23.813913 8.629901
23.811821 8.636016
23.809599 8.641220
23.806673 8.646588
23.803991 8.651831
23.801695 8.657057
23.799021 8.662621
23.796082 8.667748
23.793430 8.672614
23.790340 8.677729
23.788050 8.682120
23.788074 8.682107
23.788139 8.682189
23.788445 8.682134
23.788582 8.681649
23.788927 8.681472
23.787828 8.684477
23.787443 8.686145
23.786873 8.686238
23.787077 8.686733
23.787029 8.686803
23.787268 8.686951
23.787128 8.686885
23.787371 8.686937
23.787252 8.686972
23.786974 8.686662
23.787169 8.686749
23.786934 8.686689
23.786877 8.686487
23.786917 8.686567
23.786901 8.686575
23.786873 8.686587
23.786842 8.686601
23.786814 8.686613
23.786785 8.686625
23.786755 8.686640
23.786726 8.686653
23.786695 8.686666
23.786669 8.686678
23.786638 8.686692
23.786606 8.686706
23.786577 8.686719
23.786549 8.686731
23.786520 8.686744
23.786491 8.686757
23.786459 8.686771
23.786432 8.686783
23.786404 8.686795
23.786373 8.686810
23.786343 8.686823
23.786314 8.686835
23.786285 8.686849
23.786255 8.686861
23.786226 8.686874
23.786196 8.686888
23.786165 8.686901
23.786139 8.686913
23.786110 8.686926
23.786077 8.686940
23.786051 8.686953
23.786020 8.686966
23.785990 8.686979
23.785961 8.686993
23.785933 8.687005
23.785904 8.687018
23.785873 8.687031
23.785847 8.687043
23.785816 8.687057
23.785786 8.687070
23.785757 8.687083
23.785730 8.687095
23.785700 8.687109
23.785671 8.687121
23.785643 8.687135
23.785612 8.687148
23.785583 8.687160
23.785553 8.687174
23.785524 8.687186
23.785496 8.687200
23.785467 8.687212
23.785437 8.687226
23.785406 8.687239
23.785379 8.687251
23.785351 8.687263
23.785318 8.687278
23.785290 8.687291
23.785261 8.687304
23.785231 8.687317
23.785204 8.687329
23.785173 8.687344
23.785145 8.687355
23.785116 8.687368
23.785086 8.687382
23.785055 8.687396
23.785028 8.687407
23.785000 8.687420
23.784969 8.687434
23.784939 8.687447
23.784910 8.687460
23.784882 8.687472
23.784851 8.687487
23.784822 8.687499
23.784794 8.687511
23.784767 8.687524
23.784737 8.687537
23.784706 8.687551
23.784678 8.687564
23.784651 8.687575
23.784622 8.687589
23.784592 8.687602
23.784561 8.687615
23.784533 8.687628
23.784504 8.687641
23.784473 8.687654
23.784445 8.687667
23.784416 8.687680
23.784386 8.687694
23.784359 8.687706
23.784328 8.687719
23.784306 8.687730
23.784269 8.687746
23.784241 8.687758
23.784214 8.687770
23.784182 8.687784
23.784153 8.687798
23.784124 8.687810
23.782307 8.696780
23.780149 8.707588
23.777925 8.718624
23.775682 8.729625
23.773647 8.739847
23.771395 8.750993
23.769102 8.762172
23.767063 8.772458
23.764879 8.783497
23.762764 8.794199
23.760675 8.804724
23.758547 8.815709
23.756498 8.826332
23.754328 8.837584
23.752195 8.849026
23.750259 8.859198
23.748178 8.870423
23.746304 8.880851
23.744341 8.891886
23.742306 8.903462
23.740469 8.914526
23.738670 8.925299
23.736931 8.935919
23.735079 8.947200
23.733171 8.958968
23.731598 8.969112
23.729685 8.981328
23.728035 8.991982
23.726517 9.002877
23.724834 9.014734
23.723394 9.025515
23.721777 9.036630
23.720251 9.047963
23.718689 9.059740
23.717192 9.071269
23.715792 9.082511
23.714506 9.093570
23.713282 9.105754
23.712109 9.117567
23.710905 9.128672
23.709606 9.140366
23.708382 9.151713
23.707096 9.163011
23.705980 9.174257
23.704777 9.186082
23.703491 9.198175
23.702429 9.209071
23.701340 9.220603
23.700218 9.231550
23.699120 9.243068
23.698200 9.254395
23.697344 9.263661
23.696003 9.277932
23.695004 9.289633
23.694061 9.300992
23.693163 9.312026
23.692215 9.323599
23.691246 9.335696
23.690390 9.346835
23.689594 9.358484
23.688774 9.369764
23.688034 9.380713
23.687229 9.393084
23.686489 9.404615
23.685812 9.415670
23.685141 9.427364
23.684488 9.439369
23.683813 9.451797
23.683245 9.463170
23.682718 9.474942
23.682163 9.486645
23.681627 9.499170
23.681087 9.511355
23.680605 9.523151
23.680141 9.535143
23.679663 9.547176
23.679213 9.558857
23.678783 9.571120
23.678347 9.583052
23.677950 9.594729
23.677525 9.607557
23.677128 9.619674
23.676786 9.631192
23.676403 9.643481
23.676018 9.654976
23.675728 9.665318
23.675316 9.679482
23.674978 9.691639
23.674623 9.703638
23.674290 9.715590
23.673971 9.727772
23.673653 9.739238
23.673319 9.751149
23.673038 9.763058
23.672731 9.775001
23.672447 9.786657
23.672173 9.798624
23.671925 9.810125
23.671671 9.822361
23.671450 9.834387
23.671255 9.846383
23.671057 9.858064
23.670881 9.869819
23.670729 9.881177
23.670568 9.893612
23.670462 9.905544
23.670368 9.917530
23.670246 9.929302
23.670135 9.942079
23.670082 9.953571
23.669985 9.966450
23.669930 9.977892
23.669882 9.990195
23.669868 10.002808
23.669825 10.014654
23.669800 10.027157
23.669802 10.039475
23.669821 10.052229
23.669825 10.064524
23.669859 10.076058
23.669878 10.087813
23.669914 10.101335
23.669937 10.113530
23.669985 10.125313
23.670019 10.137685
23.670073 10.150175
23.670134 10.162559
23.670149 10.174727
23.670216 10.187030
23.670286 10.198708
23.670362 10.210996
23.670418 10.222772
23.670507 10.235123
23.670595 10.246552
23.670654 10.257405
23.670744 10.268130
23.670835 10.278564
23.670904 10.289184
23.671011 10.299920
23.671082 10.309223
23.671169 10.317114
23.671278 10.328298
23.671364 10.337914
23.671495 10.347658
23.671585 10.355776
23.671703 10.364217
23.671797 10.372837
23.671898 10.380366
23.672022 10.388918
23.672152 10.397372
23.672226 10.404664
23.672335 10.412166
23.672462 10.419114
23.672541 10.425967
23.672680 10.433577
23.672785 10.440492
23.672890 10.447660
23.673023 10.454517
23.673113 10.460626
23.673197 10.465077
23.673321 10.472488
23.673433 10.478136
23.673534 10.483850
23.673649 10.489644
23.673754 10.495461
23.673771 10.495416
23.673792 10.495399
23.673813 10.495384
23.673834 10.495369
23.673855 10.495352
23.673876 10.495337
23.673897 10.495321
23.673918 10.495305
23.673941 10.495288
23.673960 10.495274
23.673981 10.495257
23.674002 10.495242
23.674025 10.495224
23.674046 10.495209
23.674067 10.495193
23.674088 10.495177
23.674109 10.495161
23.674131 10.495145
23.674150 10.495130
23.674171 10.495113
23.674192 10.495099
23.674215 10.495081
23.674234 10.495067
23.674257 10.495049
23.674278 10.495034
23.674299 10.495018
23.674318 10.495004
23.674339 10.494987
23.674362 10.494971
23.674383 10.494954
23.674404 10.494939
23.674425 10.494924
23.674446 10.494908
23.674467 10.494891
23.674488 10.494876
23.674509 10.494859
23.674530 10.494843
23.674553 10.494827
23.674572 10.494813
23.674593 10.494796
23.674614 10.494781
23.674633 10.494766
23.674656 10.494748
23.674679 10.494732
23.674698 10.494718
23.674719 10.494701
23.674742 10.494685
23.674763 10.494669
23.674784 10.494654
23.674797 10.501125
23.674967 10.513553
23.675146 10.525230
23.675314 10.538472
23.675476 10.550881
23.675581 10.562067
23.675673 10.574503
23.675745 10.585987
23.675854 10.596560
23.675859 10.607565
23.675934 10.618191
23.675966 10.628984
23.675980 10.638351
23.675985 10.648361
23.676006 10.658182
23.676008 10.667226
23.675987 10.675774
23.675915 10.683692
23.675856 10.692348
23.675789 10.700319
23.675709 10.708975
23.675579 10.717280
23.675507 10.725116
23.675388 10.732664
23.675314 10.739473
23.675182 10.746589
23.675083 10.753693
23.674959 10.760350
23.674814 10.767068
23.674702 10.774191
23.674580 10.780475
23.674467 10.785925
23.674334 10.791949
23.674204 10.797293
23.674067 10.802699
23.673916 10.808446
23.673763 10.814322
23.673607 10.819725
23.673588 10.820518
23.673588 10.820518
23.673590 10.820518
23.673590 10.820518
23.673590 10.820518
23.673588 10.820518
23.673588 10.820518
23.673588 10.820518
