25.249405 16.950346
25.237772 16.950266
25.219637 16.950130
25.200815 16.949993
25.178297 16.949705
25.161291 16.949440
25.135170 16.948957
25.111719 16.948498
25.088076 16.948000
25.064859 16.947594
25.041256 16.947180
25.017782 16.946812
24.993788 16.946480
24.970245 16.946218
24.948332 16.946054
24.925241 16.945913
24.901180 16.945814
24.877094 16.945782
24.853025 16.945724
24.828934 16.945646
24.806396 16.945642
24.781935 16.945574
24.758856 16.945572
24.735863 16.945616
24.712452 16.946186
24.688828 16.946615
24.664648 16.947538
24.642624 16.947990
24.618788 16.948694
24.595192 16.949764
24.571608 16.950836
24.549078 16.951807
24.530336 16.952740
24.507023 16.954542
24.478249 16.957174
24.454660 16.959440
24.431458 16.961792
24.407877 16.964533
24.384325 16.967136
24.360086 16.970131
24.341064 16.972548
24.314184 16.975864
24.295073 16.978247
24.266073 16.982508
24.242830 16.985752
24.219749 16.989296
24.197441 16.992895
24.173296 16.996939
24.151499 17.000685
24.129629 17.004084
24.107298 17.007782
24.084375 17.012119
24.061985 17.016380
24.038265 17.020973
24.020430 17.024471
23.992792 17.029900
23.970509 17.034321
23.948551 17.039057
23.925655 17.043751
23.905428 17.047939
23.878725 17.053469
23.856533 17.058054
23.833431 17.062878
23.808945 17.067909
23.785545 17.072676
23.764177 17.076998
23.741957 17.081438
23.717806 17.086269
23.701014 17.089560
23.674097 17.094799
23.649050 17.099638
23.627842 17.103687
23.605783 17.107922
23.583563 17.112137
23.560095 17.116493
23.538395 17.120485
23.514593 17.124949
23.491919 17.129208
23.469189 17.133402
23.447508 17.137419
23.423038 17.141905
23.400856 17.145712
23.378920 17.149637
23.355331 17.153774
23.331524 17.157696
23.309174 17.161304
23.286453 17.165037
23.263222 17.168673
23.239382 17.171902
23.217035 17.174896
23.194748 17.178019
23.170742 17.180950
23.146692 17.183899
23.123463 17.186678
23.100214 17.189329
23.078180 17.191860
23.055611 17.193947
23.032066 17.196447
23.010237 17.198679
22.986477 17.201191
22.961645 17.203712
22.939516 17.206013
22.915817 17.208433
22.893059 17.210587
22.868790 17.212914
22.845562 17.215054
22.822138 17.217173
22.799490 17.219139
22.775921 17.221045
22.751465 17.223030
22.728441 17.224737
22.704317 17.226419
22.681480 17.227961
22.657621 17.229509
22.634499 17.230907
22.611809 17.232262
22.588764 17.233639
22.564920 17.234999
22.541229 17.236351
22.518074 17.237728
22.493969 17.239145
22.469849 17.240654
22.451191 17.241713
22.423229 17.243414
22.398970 17.244801
22.375620 17.246161
22.352354 17.247473
22.328232 17.248751
22.305958 17.249908
22.281345 17.251118
22.258934 17.252081
22.234411 17.253132
22.211065 17.254030
22.186796 17.254930
22.162786 17.255777
22.139475 17.256531
22.115917 17.257324
22.093052 17.258062
22.069935 17.258837
22.045769 17.259680
22.022360 17.260458
21.998537 17.261320
21.974741 17.262211
21.952122 17.263054
21.929228 17.263922
21.903454 17.264931
21.881321 17.265795
21.856667 17.266693
21.833382 17.267544
21.809122 17.268379
21.786970 17.269096
21.762682 17.269823
21.738342 17.270529
21.714981 17.271099
21.691181 17.271646
21.667841 17.272131
21.644487 17.272573
21.621315 17.273016
21.598585 17.273430
21.578495 17.273809
21.551350 17.274391
21.528223 17.274876
21.502750 17.275476
21.478951 17.275993
21.456156 17.276609
21.433769 17.277235
21.408525 17.277950
21.385902 17.278566
21.362108 17.279190
21.339743 17.279791
21.315685 17.280390
21.290899 17.280985
21.267992 17.281487
21.244139 17.281919
21.221466 17.282328
21.195728 17.282717
21.174223 17.282984
21.150164 17.283262
21.125597 17.283470
21.103626 17.283691
21.077816 17.283911
21.054146 17.284151
21.031954 17.284399
21.008358 17.284714
20.985464 17.285088
20.959621 17.285471
20.937365 17.285860
20.914724 17.286285
20.890877 17.286747
20.867044 17.287212
20.842516 17.287678
20.822466 17.288042
20.795832 17.288506
20.772957 17.288839
20.748852 17.289150
20.724752 17.289413
20.701363 17.289618
20.676289 17.289782
20.653324 17.289906
20.629902 17.290012
20.606932 17.290100
20.583229 17.290194
20.559549 17.290293
20.536118 17.290432
20.511271 17.290634
20.486937 17.290878
20.464279 17.291143
20.441387 17.291458
20.415920 17.291836
20.394711 17.292177
20.370230 17.292582
20.345972 17.292974
20.321932 17.293385
20.300531 17.293644
20.280268 17.293932
20.251940 17.294254
20.229488 17.294456
20.204432 17.294607
20.182205 17.294689
20.158318 17.294737
20.135057 17.294806
20.109715 17.294838
20.086519 17.294878
20.061670 17.294931
20.039408 17.295017
20.014311 17.295135
19.990871 17.295313
19.968187 17.295576
19.944582 17.295834
19.920506 17.296202
19.898102 17.296522
19.873348 17.296936
19.849545 17.297323
19.827204 17.297691
19.804604 17.298014
19.779902 17.298347
19.756590 17.298635
19.732704 17.298878
19.709841 17.299074
19.685528 17.299236
19.660723 17.299356
19.637671 17.299444
19.614771 17.299524
19.589928 17.299585
19.567692 17.299706
19.542376 17.299805
19.520370 17.299967
19.496510 17.300156
19.471474 17.300457
19.449041 17.300772
19.424498 17.301132
19.400877 17.301510
19.378925 17.301849
19.354794 17.302244
19.330446 17.302660
19.308516 17.303003
19.284237 17.303368
19.261143 17.303616
19.236160 17.303873
19.212112 17.304024
19.189926 17.304192
19.165104 17.304277
19.143063 17.304329
19.119564 17.304371
19.094391 17.304405
19.072121 17.304441
19.046801 17.304531
19.024330 17.304619
19.000681 17.304758
18.976841 17.304956
18.952059 17.305202
18.929207 17.305527
18.904667 17.305899
18.881062 17.306276
18.857445 17.306662
18.835505 17.307039
18.811491 17.307434
18.788160 17.307812
18.764832 17.308121
18.740808 17.308418
18.716488 17.308655
18.694736 17.308817
18.668716 17.309000
18.645996 17.309111
18.622585 17.309208
18.599360 17.309277
18.574463 17.309374
18.550993 17.309471
18.527798 17.309624
18.505112 17.309755
18.479597 17.309984
18.456915 17.310213
18.433784 17.310520
18.408482 17.310890
18.385332 17.311247
18.362684 17.311619
18.338890 17.311979
18.315792 17.312315
18.291018 17.312637
18.267870 17.312969
18.244528 17.313229
18.220222 17.313433
18.197338 17.313568
18.173473 17.313641
18.148603 17.313679
18.124924 17.313700
18.102205 17.313707
18.078293 17.313725
18.054544 17.313705
18.031301 17.313753
18.008110 17.313847
17.983566 17.313944
17.960907 17.314127
17.936857 17.314297
17.914003 17.314547
17.890511 17.314823
17.866713 17.315121
17.843201 17.315445
17.819653 17.315712
17.795422 17.315996
17.772095 17.316177
17.747562 17.316393
17.730083 17.316511
17.702202 17.316614
17.677841 17.316677
17.654844 17.316639
17.630152 17.316637
17.608063 17.316620
17.584127 17.316542
17.559504 17.316509
17.535217 17.316435
17.512587 17.316471
17.487595 17.316500
17.464479 17.316586
17.441650 17.316713
17.416948 17.316862
17.393164 17.317087
17.369888 17.317261
17.346807 17.317474
17.323959 17.317690
17.300159 17.317831
17.275131 17.318024
17.253891 17.318100
17.230524 17.318192
17.204546 17.318232
17.186586 17.318195
17.159866 17.318161
17.134304 17.318031
17.110857 17.317940
17.088329 17.317820
17.062462 17.317684
17.039452 17.317621
17.020477 17.317539
16.991068 17.317543
16.968307 17.317541
16.944199 17.317619
16.921080 17.317720
16.897989 17.317850
16.874245 17.318043
16.851229 17.318224
16.826059 17.318455
16.805098 17.318619
16.780392 17.318741
16.756077 17.318899
16.733412 17.318937
16.708820 17.318998
16.685186 17.318960
16.661287 17.318916
16.637421 17.318857
16.614464 17.318747
16.591967 17.318644
16.567806 17.318560
16.544853 17.318428
16.519699 17.318405
16.495741 17.318369
16.472288 17.318422
16.449583 17.318491
16.424311 17.318640
16.401205 17.318796
16.377876 17.318928
16.355251 17.319138
16.332165 17.319290
16.308355 17.319452
16.284302 17.319576
16.259787 17.319698
16.237143 17.319757
16.211918 17.319775
16.194225 17.319725
16.165611 17.319639
16.143360 17.319506
16.117811 17.319372
16.094597 17.319195
16.070429 17.319054
16.048149 17.318916
16.022572 17.318815
16.000338 17.318789
15.975518 17.318737
15.952147 17.318808
15.930136 17.318834
15.905977 17.318939
15.886670 17.319069
15.859820 17.319202
15.834115 17.319397
15.810529 17.319527
15.788070 17.319662
15.763550 17.319761
15.740611 17.319790
15.716272 17.319809
15.692121 17.319727
15.669999 17.319674
15.645136 17.319515
15.621054 17.319368
15.599717 17.319216
15.573734 17.318989
15.552490 17.318872
15.528168 17.318697
15.504794 17.318583
15.480722 17.318518
15.455772 17.318481
15.438845 17.318514
15.410081 17.318621
15.387683 17.318712
15.363627 17.318865
15.338630 17.318995
15.316449 17.319147
15.292164 17.319242
15.268373 17.319347
15.244096 17.319365
15.220263 17.319372
15.197837 17.319332
15.179394 17.319267
15.149543 17.319118
15.126126 17.318941
15.102403 17.318775
15.078947 17.318598
15.055504 17.318432
15.032979 17.318293
15.008588 17.318157
14.985403 17.318060
14.965996 17.318043
14.936674 17.318024
14.913294 17.318106
14.888746 17.318165
14.866813 17.318291
14.842788 17.318407
14.820437 17.318531
14.795489 17.318655
14.771276 17.318724
14.748896 17.318811
14.724380 17.318779
14.700341 17.318737
14.677838 17.318661
14.655807 17.318508
14.630225 17.318373
14.605618 17.318186
14.583137 17.317999
14.559460 17.317823
14.536481 17.317640
14.512347 17.317436
14.488937 17.317236
14.465292 17.316875
14.441074 17.316475
14.418650 17.315933
14.395186 17.315340
14.372464 17.314714
14.348050 17.313059
14.324086 17.311846
14.302152 17.309912
14.279058 17.308155
14.255415 17.305889
14.231175 17.303061
14.208081 17.299927
14.185080 17.296242
14.161797 17.291958
14.137466 17.287167
14.114630 17.282406
14.092034 17.277182
14.068968 17.272200
14.046434 17.267771
14.024232 17.263468
14.000947 17.259161
13.979863 17.254639
13.957512 17.249105
13.936045 17.242334
13.913887 17.235096
13.894177 17.228043
13.873004 17.219313
13.854266 17.210846
13.833096 17.200058
13.814132 17.190294
13.795015 17.179762
13.778000 17.170012
13.759096 17.158453
13.740903 17.146816
13.723367 17.134901
13.706669 17.123140
13.689336 17.110830
13.673456 17.098469
13.656321 17.084908
13.641021 17.072269
13.626906 17.060070
13.612553 17.047287
13.598349 17.034246
13.583862 17.020350
13.570966 17.007479
13.557685 16.993795
13.544835 16.980022
13.532879 16.966627
13.521244 16.953234
13.509362 16.938997
13.498569 16.925924
13.487549 16.912056
13.476672 16.897873
13.465997 16.883934
13.455448 16.869478
13.445868 16.856319
13.436266 16.841818
13.428024 16.828648
13.418597 16.814114
13.410438 16.801060
13.402459 16.788250
13.394424 16.774006
13.386461 16.759647
13.379038 16.747036
13.371950 16.732969
13.365224 16.719379
13.358047 16.704546
13.351328 16.690828
13.345334 16.677225
13.338926 16.663177
13.332865 16.648766
13.327174 16.635227
13.321244 16.621166
13.316079 16.607641
13.310592 16.593107
13.305259 16.579517
13.300553 16.565962
13.296052 16.552378
13.291751 16.539459
13.287401 16.525934
13.282792 16.512560
13.278821 16.498167
13.274727 16.483856
13.271278 16.471310
13.267539 16.457451
13.264144 16.444654
13.260392 16.430330
13.257075 16.417221
13.253940 16.404305
13.250151 16.389790
13.246405 16.376669
13.242644 16.363636
13.238624 16.349337
13.235023 16.336660
13.230964 16.322222
13.227433 16.309673
13.223437 16.295383
13.220111 16.282845
13.216791 16.269320
13.213219 16.255774
13.209842 16.242485
13.206427 16.228577
13.203112 16.215647
13.199446 16.201460
13.195926 16.187925
13.192579 16.175148
13.188778 16.160603
13.185452 16.147869
13.181713 16.134188
13.178085 16.120901
13.174479 16.107536
13.170559 16.093527
13.166738 16.080105
13.162167 16.064795
13.158234 16.051130
13.154591 16.038513
13.151135 16.027067
13.145755 16.010040
13.141469 15.997373
13.136868 15.983694
13.131861 15.969405
13.126831 15.955928
13.122002 15.942287
13.117150 15.928380
13.112256 15.914924
13.106699 15.900253
13.101089 15.886526
13.094678 15.872113
13.088582 15.858022
13.082353 15.843157
13.076873 15.830407
13.070176 15.815610
13.064116 15.802547
13.057195 15.788030
13.050661 15.774253
13.043360 15.760106
13.035819 15.745871
13.028626 15.732624
13.020716 15.719192
13.012827 15.706482
13.003881 15.692436
12.994169 15.677991
12.985042 15.665060
12.974982 15.651197
12.965045 15.638105
12.953650 15.623896
12.944419 15.612855
12.930686 15.596974
12.918923 15.583982
12.906348 15.570294
12.894014 15.557321
12.881528 15.544701
12.868156 15.531683
12.853556 15.517861
12.840146 15.505619
12.826382 15.493290
12.811090 15.480521
12.795867 15.468169
12.785449 15.460106
12.765425 15.445397
12.750346 15.435061
12.733479 15.424232
12.717881 15.414869
12.700932 15.404974
12.683949 15.395865
12.664229 15.385809
12.650574 15.378719
12.629009 15.368832
12.608782 15.360107
12.589388 15.352574
12.568163 15.345060
12.548350 15.338405
12.529304 15.331878
12.504097 15.322762
12.483033 15.315259
12.461905 15.307861
12.441029 15.300716
12.419477 15.293741
12.397194 15.287249
12.376020 15.282031
12.353277 15.277188
12.331156 15.273403
12.306790 15.269969
12.283791 15.266663
12.261800 15.263747
12.237837 15.260329
12.222045 15.258115
12.191909 15.253775
12.169772 15.250686
12.149737 15.247835
12.122691 15.244000
12.100063 15.240807
12.075413 15.237197
12.052088 15.234124
12.030832 15.231330
12.006793 15.228164
11.986049 15.225687
11.963288 15.222984
11.941132 15.220846
11.917843 15.219028
11.894284 15.217749
11.873806 15.216587
11.847625 15.215229
11.825056 15.214456
11.800858 15.213297
11.778022 15.212249
11.756080 15.211563
11.733689 15.210936
11.708128 15.210243
11.687201 15.209820
11.668177 15.209497
11.638664 15.208894
11.617035 15.208528
11.593606 15.208307
11.568676 15.208063
11.546046 15.207931
11.522672 15.207875
11.496913 15.207917
11.473994 15.208055
11.449911 15.208273
11.427059 15.208518
11.402672 15.208941
11.379677 15.209226
11.356304 15.209659
11.332946 15.210051
11.313126 15.210362
11.284210 15.210707
11.260275 15.210998
11.239503 15.211222
11.213185 15.211502
11.189987 15.211717
11.168257 15.211912
11.147969 15.212104
11.121496 15.212391
11.095691 15.212710
11.072079 15.213017
11.049671 15.213326
11.024164 15.213809
11.002876 15.214213
10.977021 15.214768
10.953314 15.215265
10.931711 15.215759
10.905804 15.216373
10.883980 15.216883
10.859044 15.217427
10.837210 15.217861
10.816805 15.218217
10.788854 15.218683
10.768748 15.218985
10.740629 15.219344
10.720762 15.219548
10.692637 15.219797
10.670941 15.219941
10.647616 15.220102
10.624079 15.220283
10.599119 15.220509
10.576525 15.220730
10.551290 15.221033
10.530277 15.221280
10.506192 15.221627
10.482777 15.221971
10.458138 15.222412
10.433024 15.222886
10.409554 15.223330
10.387486 15.223736
10.363766 15.224169
10.338864 15.224574
10.316126 15.224902
10.293190 15.225164
10.267278 15.225363
10.243677 15.225525
10.220569 15.225627
10.198635 15.225700
10.173163 15.225754
10.151243 15.225797
10.127447 15.225843
10.104546 15.225869
10.080888 15.225974
10.056374 15.226100
10.033766 15.226287
10.010162 15.226526
9.984153 15.226830
9.962111 15.227163
9.938166 15.227494
9.915164 15.227909
9.890284 15.228421
9.868177 15.228925
9.842240 15.229609
9.818321 15.230173
9.797009 15.230722
9.771256 15.231384
9.748241 15.231935
9.726761 15.232505
9.701574 15.233202
9.677420 15.233861
9.655894 15.234629
9.632525 15.235518
9.612884 15.236241
9.585181 15.237250
9.560522 15.238318
9.538977 15.239277
9.515035 15.240471
9.490243 15.241788
9.469006 15.242895
9.444126 15.244251
9.419253 15.245575
9.395247 15.246867
9.372161 15.248072
9.349586 15.249221
9.326381 15.250400
9.301299 15.251567
9.278592 15.252625
9.253113 15.253705
9.229599 15.254657
9.208744 15.255516
9.185584 15.256373
9.161247 15.257305
9.138370 15.258136
9.112591 15.259077
9.090101 15.259912
9.067081 15.260775
9.044991 15.261679
9.020185 15.262688
8.997518 15.263635
8.973421 15.264665
8.948310 15.265779
8.924638 15.266781
8.901185 15.267752
8.879386 15.268626
8.855918 15.269538
8.830768 15.270485
8.805923 15.271340
8.783974 15.272014
8.758815 15.272729
8.736346 15.273344
8.714529 15.273896
8.690125 15.274461
8.670190 15.274949
8.643236 15.275531
8.620140 15.276070
8.594478 15.276663
8.573272 15.277143
8.552846 15.277630
8.525052 15.278317
8.500160 15.278975
8.477178 15.279600
8.454384 15.280255
8.429680 15.281024
8.405617 15.281728
8.382576 15.282415
8.362653 15.282950
8.335845 15.283617
8.310719 15.284211
8.292008 15.284608
8.262654 15.285162
8.240234 15.285542
8.215955 15.285889
8.192642 15.286201
8.170514 15.286450
8.145113 15.286757
8.123681 15.287010
8.099366 15.287326
8.074688 15.287687
8.053978 15.287956
8.032070 15.288314
8.005844 15.288775
7.981983 15.289266
7.958552 15.289707
7.934607 15.290231
7.909250 15.290812
7.885275 15.291340
7.863259 15.291815
7.842630 15.292228
7.816345 15.292715
7.795780 15.293049
7.769291 15.293423
7.745913 15.293702
7.722049 15.293921
7.696337 15.294162
7.674890 15.294314
7.651608 15.294491
7.627347 15.294650
7.603586 15.294815
7.578765 15.295032
7.555031 15.295264
7.533624 15.295506
7.509932 15.295782
7.485079 15.296170
7.460771 15.296559
7.436829 15.296980
7.414550 15.297395
7.396519 15.297729
7.368178 15.298244
7.344759 15.298578
7.320402 15.298968
7.295345 15.299240
7.273568 15.299459
7.247587 15.299651
7.224442 15.299759
7.202202 15.299858
7.176769 15.299884
7.154854 15.299939
7.130638 15.299959
7.111548 15.299952
7.082557 15.299998
7.064607 15.300080
7.037487 15.300147
7.012283 15.300282
6.989150 15.300403
6.966890 15.300619
6.943125 15.300815
6.918672 15.301062
6.895391 15.301274
6.875657 15.301456
6.846650 15.301641
6.823835 15.301762
6.799862 15.301895
6.777111 15.301922
6.752725 15.301924
6.727886 15.301872
6.704024 15.301761
6.682791 15.301692
6.658680 15.301539
6.635322 15.301402
6.611247 15.301267
6.587881 15.301193
6.561980 15.301150
6.540780 15.301139
6.519783 15.301111
6.491214 15.301126
6.470178 15.301190
6.444550 15.301296
6.421123 15.301438
6.396916 15.301602
6.373933 15.301755
6.349266 15.301847
6.331076 15.301943
6.304302 15.301986
6.280881 15.301998
6.257081 15.301965
6.233988 15.301888
6.209958 15.301740
6.186384 15.301558
6.161387 15.301344
6.139218 15.301143
6.115390 15.300933
6.091774 15.300734
6.067183 15.300573
6.044045 15.300467
6.019426 15.300404
5.996192 15.300406
5.973939 15.300418
5.948091 15.300508
5.924366 15.300616
5.901557 15.300725
5.878998 15.300838
5.852886 15.300944
5.834652 15.301015
5.807014 15.301059
5.784613 15.301049
5.760756 15.300974
5.735004 15.300857
5.712833 15.300706
5.687653 15.300509
5.668838 15.300339
5.640792 15.300076
5.619348 15.299883
5.594576 15.299685
5.571670 15.299523
5.546435 15.299388
5.523015 15.299345
5.500578 15.299348
5.477808 15.299383
5.454177 15.299426
5.428000 15.299537
5.404175 15.299652
5.380787 15.299779
5.359025 15.299889
5.339144 15.299959
5.309825 15.300038
5.288518 15.300034
5.262658 15.299973
5.239926 15.299886
5.220235 15.299769
5.191395 15.299556
5.173417 15.299394
5.144388 15.299070
5.122120 15.298838
5.098496 15.298623
5.074195 15.298356
5.050606 15.298185
5.026460 15.298011
5.002728 15.297739
4.980461 15.297611
4.956054 15.297389
4.931930 15.297199
4.909770 15.297042
4.884508 15.296747
4.861135 15.296318
4.838926 15.295837
4.815469 15.295280
4.791937 15.294672
4.768330 15.293639
4.744624 15.292463
4.721039 15.291010
4.697095 15.289344
4.673868 15.287881
4.650979 15.286330
4.627683 15.284523
4.602177 15.282030
4.577741 15.279688
4.555666 15.277580
4.529801 15.274646
4.507584 15.272248
4.484073 15.269829
4.461367 15.267625
4.440585 15.265469
4.412641 15.261901
4.389514 15.258585
4.369056 15.255586
4.344600 15.251336
4.323302 15.247099
4.299113 15.241724
4.278047 15.236397
4.254160 15.229724
4.235614 15.224030
4.210080 15.215839
4.186690 15.208155
4.162610 15.200038
4.144673 15.193604
4.118430 15.184751
4.097910 15.177025
4.076401 15.169039
4.053975 15.160306
4.032752 15.151500
4.012197 15.142609
3.992404 15.133792
3.971864 15.123715
3.951438 15.113335
3.936363 15.105066
3.913558 15.092033
3.893573 15.079716
3.876196 15.068923
3.858771 15.057612
3.841114 15.045465
3.823545 15.033183
3.806086 15.020931
3.788566 15.008607
3.771524 14.996310
3.755805 14.984426
3.739537 14.972013
3.724363 14.960315
3.709418 14.948587
3.696923 14.938699
3.677701 14.923231
3.662788 14.911001
3.652391 14.902331
3.633337 14.886222
3.619243 14.874143
3.604532 14.861320
3.589183 14.847621
3.575719 14.835428
3.562030 14.822930
3.546882 14.808703
3.533680 14.796177
3.520322 14.783337
3.505214 14.768497
3.492408 14.755632
3.479547 14.742393
3.466008 14.728388
3.453014 14.714606
3.440759 14.701424
3.431242 14.690861
3.417521 14.675643
3.405564 14.662073
3.393304 14.647793
3.381573 14.634053
3.370486 14.620914
3.359807 14.607682
3.349465 14.594987
3.338155 14.580637
3.327770 14.567058
3.317670 14.553524
3.308014 14.540183
3.298278 14.526634
3.289135 14.513647
3.279402 14.499718
3.272308 14.488713
3.263022 14.474872
3.252482 14.458405
3.244421 14.445910
3.234851 14.430860
3.226551 14.417994
3.218023 14.404056
3.209839 14.390710
3.201044 14.376460
3.192507 14.362158
3.185196 14.349787
3.177067 14.335344
3.169509 14.322201
3.161818 14.308573
3.153508 14.293345
3.146191 14.279687
3.138936 14.265818
3.131797 14.251808
3.125016 14.238420
3.117442 14.223476
3.111194 14.210850
3.104945 14.198447
3.097576 14.182981
3.090925 14.168273
3.085278 14.155659
3.078738 14.141239
3.073722 14.129888
3.066303 14.113385
3.060815 14.100787
3.054910 14.086759
3.048946 14.072832
3.043014 14.058930
3.037818 14.046136
3.032232 14.032719
3.026028 14.017716
3.021583 14.006998
3.016285 13.994150
3.009284 13.977270
3.003280 13.962758
2.998193 13.950476
2.992164 13.935637
2.987932 13.925351
2.981700 13.909765
2.976222 13.896130
2.971184 13.883098
2.965885 13.869390
2.960557 13.855411
2.955018 13.840903
2.949877 13.827240
2.945198 13.814580
2.940208 13.801155
2.935338 13.787851
2.930267 13.774090
2.925166 13.760116
2.920615 13.747509
2.915225 13.732312
2.909958 13.717523
2.905021 13.703597
2.900175 13.690099
2.895792 13.677588
2.891104 13.664213
2.886428 13.650362
2.882320 13.638506
2.877030 13.623152
2.872345 13.609852
2.867422 13.595895
2.862865 13.582598
2.858027 13.567952
2.853552 13.555022
2.849648 13.543640
2.844932 13.529342
2.839952 13.514914
2.835675 13.501790
2.831875 13.490069
2.827637 13.476605
2.824323 13.465913
2.819415 13.450092
2.815969 13.438747
2.811445 13.423632
2.807330 13.409573
2.803964 13.397341
2.800173 13.383698
2.796941 13.370974
2.793389 13.357837
2.789743 13.343505
2.786510 13.330345
2.783527 13.318276
2.780480 13.304482
2.778108 13.292163
2.775631 13.278361
2.773082 13.264118
2.770876 13.252023
2.768180 13.237998
2.765806 13.225069
2.763532 13.213346
2.760873 13.199178
2.758858 13.187179
2.756422 13.174530
2.753552 13.160075
2.751254 13.150571
2.747548 13.133572
2.744542 13.121826
2.741158 13.107780
2.737524 13.094038
2.733601 13.079645
2.730202 13.066197
2.727422 13.053386
2.724654 13.039722
2.722927 13.026475
2.720395 13.013431
2.718265 13.000372
2.716340 12.987288
2.714715 12.975937
2.713132 12.960302
2.711386 12.948098
2.712093 12.935367
2.712802 12.922820
2.714813 12.911185
2.717121 12.900602
2.719537 12.889251
2.721964 12.878398
2.724427 12.868027
2.726969 12.856300
2.729097 12.846051
2.731629 12.834661
2.734179 12.824709
2.737108 12.813646
2.739672 12.802979
2.742375 12.792238
2.744791 12.782543
2.748080 12.771052
2.750599 12.761329
2.753641 12.750207
2.756579 12.740227
2.759466 12.729368
2.762475 12.719628
2.765356 12.709434
2.768594 12.698584
2.771726 12.687573
2.774696 12.677555
2.777986 12.667403
2.781002 12.657428
2.783687 12.648807
2.787518 12.636462
2.790730 12.627212
2.794108 12.616765
2.797657 12.606530
2.800963 12.596562
2.804414 12.586328
2.807566 12.577044
2.811035 12.566865
2.814457 12.557250
2.817990 12.547256
2.821966 12.536245
2.825594 12.526226
2.829081 12.516577
2.832250 12.507640
2.836067 12.497039
2.839506 12.487658
2.843470 12.476766
2.847024 12.466726
2.850589 12.457123
2.854115 12.447333
2.857758 12.437207
2.861073 12.427791
2.864525 12.418097
2.868012 12.408021
2.871573 12.397715
2.874650 12.388747
2.878195 12.378425
2.881308 12.368952
2.884357 12.359171
2.887564 12.348701
2.890554 12.338898
2.893809 12.328387
2.896875 12.318295
2.899942 12.308234
2.903130 12.297782
2.906216 12.287304
2.908775 12.278228
2.911880 12.267966
2.914701 12.257924
2.917835 12.246739
2.920448 12.237441
2.923403 12.226888
2.926533 12.215951
2.929278 12.205478
2.931859 12.195105
2.934041 12.185304
2.936751 12.174023
2.939182 12.164237
2.941684 12.153698
2.944066 12.143321
2.946612 12.132386
2.949208 12.121889
2.951926 12.110532
2.954414 12.100966
2.956791 12.090770
2.959298 12.080255
2.961673 12.069906
2.964327 12.058346
2.966598 12.048102
2.968960 12.037675
2.971178 12.027741
2.973695 12.016729
2.976269 12.005174
2.978131 11.994420
2.980360 11.982672
2.982305 11.970029
2.984083 11.958005
2.986667 11.946592
2.988798 11.935800
2.991156 11.924357
2.992509 11.914253
2.994090 11.902340
2.995219 11.890821
2.995716 11.879879
2.996572 11.867898
2.997663 11.855867
2.998369 11.844966
2.999340 11.832538
3.000195 11.821458
3.000935 11.809185
3.001714 11.797279
3.002309 11.785147
3.002743 11.773512
3.003420 11.760855
3.003836 11.749973
3.004310 11.737549
3.004847 11.725696
3.005298 11.713251
3.005689 11.701490
3.006107 11.689494
3.006545 11.676848
3.006928 11.665804
3.007438 11.653850
3.007846 11.641693
3.008178 11.630053
3.008501 11.618498
3.009037 11.606282
3.009358 11.593613
3.009509 11.582137
3.009730 11.570598
3.009974 11.557920
3.010189 11.546526
3.010388 11.534360
3.010612 11.522860
3.010855 11.510916
3.010967 11.499287
3.010991 11.487082
3.011132 11.475620
3.011309 11.463855
3.011476 11.451351
3.011622 11.439691
3.011717 11.427000
3.011740 11.415751
3.011808 11.402796
3.011789 11.390797
3.011829 11.379033
3.011894 11.366711
3.011727 11.354394
3.011559 11.342430
3.011513 11.329633
3.011448 11.317928
3.011265 11.305302
3.011130 11.293024
3.011029 11.280971
3.010886 11.268369
3.010748 11.255399
3.010631 11.243727
3.010520 11.230948
3.010426 11.219047
3.010312 11.206029
3.010219 11.193866
3.010108 11.182306
3.010002 11.170040
3.009911 11.158297
3.009863 11.145443
3.009803 11.133614
3.009737 11.120420
3.009689 11.109378
3.009645 11.096322
3.009634 11.084729
3.009541 11.072330
3.009511 11.060833
3.009508 11.049014
3.009485 11.036604
3.009568 11.024604
3.009651 11.012261
3.009712 11.000347
3.009698 10.988729
3.009727 10.976851
3.009782 10.964763
3.009805 10.952357
3.009830 10.940835
3.009869 10.927827
3.010057 10.915648
3.010072 10.903721
3.010111 10.891896
3.010169 10.880030
3.010247 10.867999
3.010278 10.855486
3.010312 10.843664
3.010385 10.831763
3.010449 10.818500
3.010492 10.806952
3.010501 10.794641
3.010506 10.781727
3.010439 10.769647
3.010398 10.757676
3.010405 10.745092
3.010401 10.735806
3.010374 10.720987
3.010349 10.708291
3.010394 10.696462
3.010396 10.684502
3.010424 10.671785
3.010422 10.659433
3.010423 10.647882
3.010429 10.635759
3.010435 10.623023
3.010484 10.611210
3.010500 10.598901
3.010516 10.587111
3.010561 10.575018
3.010624 10.563594
3.010679 10.550882
3.010754 10.538465
3.010827 10.527121
3.010891 10.515571
3.010988 10.503082
3.011035 10.491159
3.011134 10.479556
3.011171 10.467832
3.011337 10.455773
3.011461 10.443528
3.011256 10.432054
3.011323 10.419239
3.011394 10.407384
3.011368 10.395479
3.011373 10.383499
3.011416 10.370984
3.011431 10.359010
3.011482 10.346888
3.011482 10.334017
3.011528 10.322202
3.011594 10.310640
3.011636 10.298156
3.011692 10.285666
3.011674 10.273355
3.011495 10.260664
3.011124 10.248347
3.010695 10.236378
3.010515 10.224030
3.010303 10.211063
3.010104 10.198750
3.009895 10.186302
3.009691 10.173986
3.009517 10.162225
3.009042 10.149939
3.008756 10.137364
3.008591 10.124547
3.008436 10.113256
3.008246 10.100333
3.008185 10.088182
3.008113 10.076714
3.008001 10.064555
3.007863 10.052950
3.007773 10.039887
3.007713 10.027836
3.007611 10.016270
3.007553 10.003928
3.007534 9.991897
3.007647 9.980248
3.007660 9.968293
3.007682 9.955572
3.007689 9.944143
3.007541 9.931364
3.007554 9.920238
3.007551 9.908054
3.007459 9.895318
3.007354 9.882777
3.007278 9.870896
3.007228 9.858838
3.007222 9.846430
3.007251 9.834825
3.007281 9.822011
3.007047 9.810035
3.006990 9.797159
3.006989 9.784978
3.006971 9.772821
3.006946 9.760577
3.006946 9.748419
3.006970 9.735247
3.006969 9.723889
3.006989 9.711248
3.007030 9.698518
3.007052 9.687460
3.007209 9.674164
3.007272 9.662271
3.007384 9.650495
3.007466 9.637762
3.007514 9.626220
3.007610 9.616699
3.007759 9.602196
3.007967 9.590313
3.008201 9.578073
3.008418 9.565530
3.008611 9.553750
3.008841 9.542287
3.009242 9.530511
3.009540 9.519023
3.009877 9.506088
3.010178 9.495221
3.010530 9.483134
3.010928 9.471579
3.011509 9.458917
3.011924 9.447775
3.012393 9.435358
3.012894 9.423721
3.013510 9.411722
3.014021 9.400058
3.014673 9.388322
3.015324 9.376217
3.015924 9.364202
3.016483 9.352261
3.017006 9.340878
3.017608 9.328199
3.018239 9.316127
3.018782 9.304466
3.019325 9.292683
3.019952 9.279939
3.020497 9.268646
3.021096 9.255970
3.021580 9.244404
3.022183 9.232641
3.022771 9.220078
3.023137 9.208930
3.023722 9.196345
3.024253 9.184294
3.024853 9.172489
3.025489 9.160019
3.026055 9.148554
3.026629 9.136492
3.027197 9.125175
3.027791 9.113688
3.028441 9.101542
3.029045 9.090405
3.029772 9.077529
3.030462 9.065828
3.031131 9.054370
3.031853 9.043597
3.032730 9.031561
3.033507 9.020205
3.034274 9.008797
3.035100 8.996485
3.035893 8.985127
3.036747 8.973431
3.037700 8.961851
3.038584 8.950529
3.039565 8.939145
3.040474 8.927390
3.041494 8.916149
3.042497 8.904722
3.043467 8.893127
3.044527 8.881082
3.045515 8.869560
3.046533 8.857705
3.047575 8.845628
3.048476 8.834897
3.049925 8.822268
3.050937 8.811073
3.052340 8.799575
3.053594 8.788390
3.055179 8.776559
3.056756 8.764507
3.058175 8.753192
3.059606 8.741436
3.060794 8.730438
3.062175 8.718163
3.063468 8.706858
3.064951 8.695258
3.066355 8.683741
3.067801 8.672637
3.069244 8.661232
3.070674 8.650627
3.072298 8.639196
3.074065 8.628204
3.075598 8.618648
3.078015 8.604833
3.079795 8.593807
3.081775 8.582185
3.083730 8.571318
3.085681 8.560491
3.087889 8.549099
3.089786 8.539048
3.091749 8.528264
3.093915 8.517133
3.096007 8.506044
3.098195 8.495324
3.100369 8.484677
3.102812 8.473796
3.104915 8.463375
3.107552 8.451955
3.109853 8.441064
3.112204 8.430309
3.114762 8.420137
3.116910 8.409767
3.119527 8.398452
3.121924 8.387523
3.124854 8.376656
3.127490 8.366067
3.130204 8.355065
3.132921 8.344488
3.135257 8.334986
3.138162 8.324255
3.141001 8.312815
3.144086 8.302217
3.146924 8.291703
3.149986 8.281461
3.153286 8.270593
3.156449 8.260616
3.159840 8.249716
3.163743 8.239452
3.166776 8.229754
3.170270 8.220134
3.173600 8.210331
3.177129 8.200085
3.180584 8.190901
3.184494 8.180724
3.188461 8.170672
3.192000 8.161541
3.195547 8.152139
3.199686 8.141828
3.203281 8.132576
3.207042 8.122788
3.210788 8.113194
3.214575 8.103870
3.218498 8.093930
3.222397 8.084468
3.226440 8.074584
3.230292 8.065062
3.234399 8.055457
3.238664 8.045557
3.243070 8.035466
3.247086 8.026448
3.250587 8.018541
3.255436 8.007796
3.259635 7.998436
3.264255 7.988337
3.268226 7.979653
3.272504 7.970490
3.276835 7.960976
3.281291 7.951345
3.285553 7.942504
3.289719 7.933670
3.294518 7.923963
3.298624 7.915191
3.303057 7.906063
3.307389 7.897105
3.311709 7.888184
3.316305 7.878829
3.320580 7.870124
3.325224 7.860570
3.329589 7.851681
3.333790 7.842981
3.337817 7.834527
3.342360 7.825107
3.346629 7.816309
3.350735 7.807249
3.354668 7.798462
3.358896 7.789245
3.363091 7.780307
3.367433 7.770977
3.371866 7.761474
3.375869 7.753011
3.379601 7.744499
3.383881 7.734324
3.387260 7.725602
3.390990 7.715960
3.393448 7.709170
3.397063 7.699763
3.401666 7.687114
3.405149 7.677782
3.408258 7.669120
3.411579 7.659201
3.414694 7.649481
3.418216 7.639402
3.421274 7.629721
3.424735 7.619438
3.427901 7.609731
3.430904 7.599884
3.433776 7.591630
3.437050 7.580887
3.439949 7.571783
3.442720 7.561986
3.445860 7.551099
3.448457 7.541266
3.451031 7.530761
3.453799 7.519839
3.456259 7.508980
3.458790 7.497395
3.461410 7.487103
3.463677 7.476348
3.465859 7.465750
3.467695 7.454764
3.468839 7.444553
3.469503 7.433092
3.469779 7.420694
3.469516 7.408931
3.468395 7.396587
3.467148 7.384224
3.466126 7.371564
3.464744 7.359055
3.464270 7.346555
3.464683 7.334240
3.465648 7.322608
3.466547 7.310760
3.467447 7.298647
3.467849 7.287094
3.468081 7.274651
3.468115 7.262755
3.467839 7.250719
3.467841 7.238610
3.467564 7.226240
3.467315 7.214384
3.466698 7.202209
3.466227 7.189584
3.466175 7.177305
3.465524 7.165192
3.464649 7.152040
3.463756 7.140163
3.462837 7.127848
3.461876 7.114929
3.460948 7.102376
3.460039 7.090139
3.459108 7.078131
3.457794 7.065370
3.456752 7.052930
3.455700 7.040745
3.454607 7.027855
3.453607 7.016206
3.452463 7.002812
3.451444 6.990918
3.450297 6.977499
3.449248 6.965097
3.447984 6.952458
3.446895 6.939946
3.445848 6.927834
3.444725 6.914224
3.443645 6.901834
3.442519 6.888613
3.441476 6.876179
3.440604 6.863228
3.439574 6.850894
3.438654 6.838778
3.437683 6.825973
3.436676 6.813060
3.435624 6.799632
3.434639 6.787271
3.433693 6.774746
3.432831 6.762422
3.431921 6.749456
3.430944 6.736365
3.429994 6.723742
3.429096 6.711516
3.428251 6.699107
3.427404 6.687202
3.426446 6.673687
3.425621 6.661648
3.424789 6.648729
3.423958 6.636182
3.423162 6.623918
3.422417 6.612205
3.421640 6.599558
3.420903 6.586783
3.420161 6.574796
3.419489 6.561905
3.418866 6.550445
3.418378 6.537678
3.417745 6.525216
3.417256 6.513622
3.416625 6.500906
3.416050 6.489159
3.415462 6.476062
3.415008 6.464511
3.414448 6.451838
3.413980 6.439041
3.413517 6.427279
3.413036 6.414597
3.412589 6.402657
3.412067 6.389472
3.411650 6.377279
3.411141 6.364615
3.410658 6.351900
3.410210 6.340019
3.409741 6.327321
3.409276 6.314760
3.408854 6.302420
3.408437 6.289842
3.408070 6.277914
3.407691 6.265030
3.407332 6.252448
3.406985 6.240129
3.406659 6.227108
3.406356 6.214814
3.406093 6.202795
3.405811 6.190902
3.405602 6.180581
3.405318 6.166162
3.405055 6.153967
3.404859 6.141822
3.404688 6.130233
3.404503 6.117265
3.404405 6.105669
3.404396 6.093238
3.404283 6.081670
3.404197 6.069582
3.404149 6.057723
3.404104 6.045638
3.404089 6.033010
3.404152 6.020733
3.404164 6.009315
3.404127 5.996902
3.404119 5.984920
3.404117 5.972548
3.404167 5.960169
3.404134 5.948442
3.404141 5.935933
3.404146 5.923612
3.404037 5.911522
3.404004 5.899320
3.403979 5.887167
3.403983 5.875286
3.403962 5.862967
3.403930 5.850564
3.403928 5.838705
3.403920 5.825984
3.403877 5.813755
3.403851 5.801447
3.403842 5.788567
3.403836 5.776644
3.403809 5.764388
3.403791 5.752478
3.403802 5.740041
3.403795 5.728170
3.403779 5.715495
3.404080 5.703278
3.404044 5.692150
3.403985 5.679260
3.403958 5.667491
3.403958 5.655384
3.403928 5.643301
3.403924 5.631273
3.403927 5.619378
3.403910 5.606965
3.403906 5.595038
3.403928 5.583261
3.403972 5.571418
3.404019 5.559204
3.404057 5.547238
3.404144 5.535466
3.404201 5.523093
3.404249 5.511394
3.404302 5.499478
3.404351 5.487171
3.404407 5.475580
3.404422 5.463547
3.404459 5.451268
3.404496 5.439469
3.404437 5.426900
3.404447 5.414331
3.404475 5.402149
3.404502 5.390236
3.404537 5.378281
3.404513 5.365558
3.404528 5.353393
3.404466 5.341330
3.404454 5.329047
3.404392 5.316565
3.404375 5.304187
3.404309 5.291909
3.404231 5.279674
3.404118 5.267415
3.404068 5.254521
3.403981 5.242660
3.403916 5.230127
3.403883 5.217731
3.403851 5.206328
3.403816 5.193855
3.403748 5.181405
3.403737 5.169501
3.403672 5.156944
3.403644 5.144971
3.403600 5.132989
3.403635 5.120906
3.403631 5.108887
3.403642 5.096415
3.403666 5.085178
3.403694 5.072973
3.403759 5.061290
3.403820 5.049273
3.403957 5.036979
3.404073 5.025033
3.404215 5.012946
3.404299 5.001460
3.404410 4.989163
3.404521 4.977048
3.404645 4.965311
3.404713 4.953246
3.404845 4.941050
3.404921 4.928607
3.405020 4.916615
3.405059 4.904676
3.405134 4.892715
3.405194 4.880090
3.405222 4.867577
3.405267 4.855438
3.405315 4.843346
3.405382 4.830767
3.405388 4.819107
3.405035 4.806627
3.405012 4.793695
3.404947 4.781734
3.404860 4.769027
3.404784 4.757314
3.404684 4.745214
3.404635 4.732522
3.404441 4.720621
3.404324 4.707807
3.404203 4.695529
3.404124 4.683666
3.404009 4.671638
3.403862 4.659617
3.403803 4.646776
3.403733 4.634647
3.403683 4.623021
3.403619 4.610831
3.403622 4.598675
3.403683 4.586596
3.403713 4.575121
3.403719 4.562943
3.403749 4.551462
3.403891 4.538678
3.404006 4.526643
3.404113 4.514700
3.404161 4.502730
3.404282 4.491137
3.404355 4.478790
3.404404 4.466875
3.404457 4.454792
3.404463 4.442733
3.404495 4.430393
3.404490 4.418367
3.404491 4.406281
3.404496 4.393681
3.404469 4.381582
3.404462 4.369831
3.404421 4.356925
3.404393 4.345380
3.404403 4.332459
3.404360 4.320051
3.404320 4.308240
3.404294 4.296109
3.404279 4.283608
3.404262 4.271256
3.404248 4.259212
3.404224 4.246659
3.404185 4.234400
3.404179 4.222450
3.404189 4.209761
3.404191 4.198153
3.404232 4.185691
3.404263 4.174046
3.404320 4.161473
3.404253 4.149353
3.404304 4.137383
3.404335 4.125384
3.404364 4.113455
3.404430 4.101685
3.404495 4.089537
3.404577 4.077529
3.404633 4.065378
3.404563 4.053248
3.404598 4.041016
3.404638 4.029267
3.404651 4.017045
3.404461 4.005290
3.404420 3.993531
3.404405 3.981240
3.404347 3.968548
3.404207 3.956860
3.404073 3.944445
3.404002 3.932224
3.403922 3.922524
3.403805 3.907845
3.403686 3.895541
3.403232 3.883229
3.403050 3.870942
3.402896 3.860807
3.402662 3.846254
3.402486 3.834451
3.402236 3.821595
3.402036 3.809629
3.401791 3.796755
3.401567 3.784720
3.401276 3.772291
3.401067 3.759660
3.400870 3.747468
3.400713 3.735227
3.400527 3.722724
3.400456 3.710320
3.400466 3.698144
3.400544 3.686155
3.400536 3.674365
3.400614 3.662466
3.401008 3.649543
3.401050 3.637779
3.401426 3.625708
3.401646 3.613728
3.402192 3.601713
3.402511 3.589678
3.403223 3.578166
3.403923 3.566387
3.404868 3.555052
3.405646 3.544068
3.406912 3.532207
3.407897 3.520997
3.409167 3.509141
3.411039 3.497942
3.412861 3.486472
3.414684 3.475757
3.417039 3.463937
3.419089 3.452627
3.420789 3.441821
3.423193 3.430532
3.425505 3.419321
3.427386 3.408814
3.429555 3.398101
3.431894 3.386809
3.434135 3.376362
3.436761 3.365217
3.438669 3.355419
3.441519 3.343682
3.444092 3.332868
3.446892 3.322078
3.449416 3.311624
3.451833 3.301471
3.455120 3.290358
3.457747 3.279500
3.460877 3.269813
3.464432 3.259621
3.468093 3.250302
3.472105 3.240421
3.475763 3.230606
3.479131 3.222548
3.484408 3.210745
3.488121 3.202100
3.493331 3.192458
3.498890 3.183322
3.503279 3.174594
3.508341 3.165295
3.513024 3.156172
3.517200 3.148342
3.523173 3.139207
3.527857 3.130931
3.532497 3.123411
3.538471 3.113878
3.543840 3.105664
3.549484 3.097362
3.555458 3.089260
3.560597 3.082443
3.567191 3.074496
3.573480 3.067305
3.579651 3.060046
3.585759 3.053231
3.591810 3.046854
3.598257 3.040211
3.605085 3.033629
3.611458 3.027719
3.617688 3.022076
3.623549 3.016681
3.631024 3.010522
3.637428 3.005500
3.644422 3.000227
3.651519 2.995129
3.658621 2.990293
3.664990 2.985925
3.672296 2.981016
3.679403 2.977081
3.686762 2.972493
3.694813 2.967661
3.702015 2.962892
3.709839 2.958076
3.717332 2.953333
3.725551 2.949336
3.733304 2.945859
3.740800 2.942577
3.748426 2.939440
3.756282 2.936454
3.764580 2.932470
3.770668 2.929488
3.780789 2.925879
3.788628 2.923239
3.795869 2.920679
3.803299 2.918358
3.811566 2.915658
3.819323 2.913349
3.827415 2.910848
3.834830 2.908570
3.840980 2.907060
3.851136 2.903968
3.858621 2.902110
3.866549 2.900259
3.874063 2.898414
3.882154 2.896300
3.889995 2.894439
3.897076 2.892841
3.906087 2.890493
3.914857 2.888349
3.922433 2.886618
3.931085 2.884948
3.939167 2.883667
3.947220 2.882272
3.955759 2.880908
3.963530 2.879596
3.971650 2.878484
3.979877 2.877424
3.987707 2.876626
3.996413 2.875592
4.004654 2.874769
4.011031 2.874311
4.019700 2.873826
4.028747 2.874344
4.036753 2.874084
4.043540 2.874035
4.053592 2.873823
4.061052 2.873755
4.067599 2.873585
4.077535 2.873375
4.086251 2.873041
4.094758 2.872719
4.102218 2.872562
4.111114 2.872379
4.119299 2.872462
4.126842 2.872501
4.135661 2.872565
4.143210 2.872511
4.151579 2.872531
4.160114 2.872463
4.168101 2.872521
4.176732 2.872797
4.184800 2.873174
4.192364 2.873507
4.200827 2.873824
4.209186 2.874076
4.217237 2.874395
4.225251 2.874625
4.231646 2.874861
4.241325 2.875139
4.249912 2.875491
4.257990 2.875954
4.266162 2.876316
4.273876 2.876705
4.281520 2.877059
4.290559 2.877619
4.298096 2.877977
4.306283 2.878418
4.314643 2.878867
4.323131 2.879355
4.331367 2.879772
4.339521 2.880217
4.345789 2.880539
4.355636 2.881041
4.362989 2.881559
4.369757 2.882010
4.380271 2.882597
4.387626 2.883135
4.395837 2.883653
4.404064 2.884130
4.410702 2.884574
4.420764 2.885159
4.429116 2.885653
4.436655 2.886144
4.445266 2.886679
4.453202 2.887165
4.461766 2.887698
4.469481 2.888200
4.478263 2.888729
4.486492 2.889205
4.494772 2.889725
4.502659 2.890201
4.510748 2.890691
4.518777 2.891115
4.527576 2.891648
4.535479 2.892065
4.543687 2.892531
4.552339 2.892987
4.559746 2.893404
4.568153 2.893815
4.576318 2.894263
4.584690 2.894813
4.593094 2.895248
4.601449 2.895618
4.609449 2.895988
4.617868 2.896363
4.625401 2.896647
4.634135 2.897035
4.641781 2.897358
4.650615 2.897711
4.658852 2.898035
4.665391 2.898283
4.674896 2.898539
4.682533 2.898748
4.691605 2.899009
4.698983 2.899198
4.705567 2.899387
4.715652 2.899645
4.723422 2.899847
4.732234 2.900029
4.739901 2.900177
4.748733 2.900329
4.756436 2.900463
4.763989 2.900597
4.770938 2.900694
4.781260 2.900854
4.789344 2.900983
4.797450 2.901099
4.804908 2.901192
4.812951 2.901292
4.821827 2.901406
4.829976 2.901526
4.838301 2.901619
4.845822 2.901722
4.853971 2.901814
4.862050 2.901914
4.870378 2.902021
4.878448 2.902131
4.884908 2.902202
4.895297 2.902340
4.902779 2.902394
4.910995 2.902479
4.919671 2.902584
4.928004 2.902705
4.934325 2.902782
4.943902 2.902877
4.952063 2.902977
4.960587 2.903089
4.968376 2.903190
4.977153 2.903270
4.984954 2.903377
4.993812 2.903492
5.001808 2.903596
5.009428 2.903665
5.017392 2.903785
5.026084 2.903888
5.034318 2.903980
5.042504 2.904076
5.049633 2.904160
5.058849 2.904262
5.066957 2.904345
5.075695 2.904433
5.083779 2.904510
5.091733 2.904576
5.100323 2.904636
5.108169 2.904690
5.116587 2.904723
5.124029 2.904766
5.132772 2.904790
5.141176 2.904814
5.149208 2.904799
5.157428 2.904841
5.165218 2.904823
5.172070 2.904831
5.181434 2.904778
5.189826 2.904785
5.198020 2.904722
5.205945 2.904694
5.213890 2.904609
5.222214 2.904577
5.230750 2.904489
5.238551 2.904440
5.246751 2.904375
5.255257 2.904341
5.262710 2.904223
5.271105 2.904168
5.279562 2.904098
5.287785 2.904057
5.295445 2.903953
5.303248 2.903912
5.311471 2.903832
5.319607 2.903773
5.328327 2.903674
5.335732 2.903638
5.344480 2.903572
5.352860 2.903519
5.361085 2.903448
5.368686 2.903461
5.376796 2.903399
5.383892 2.903377
5.393864 2.903318
5.401867 2.903337
5.409976 2.903309
5.418235 2.903297
5.426664 2.903278
5.434646 2.903308
5.441110 2.903279
5.450861 2.903303
5.459382 2.903320
5.467255 2.903347
5.475537 2.903364
5.483202 2.903371
5.491786 2.903426
5.499990 2.903440
5.508187 2.903462
5.516562 2.903470
5.525089 2.903534
5.532991 2.903539
5.541459 2.903553
5.549683 2.903582
5.557369 2.903637
5.565737 2.903623
5.574218 2.903632
5.582143 2.903644
5.590579 2.903672
5.598686 2.903631
5.606289 2.903654
5.614822 2.903624
5.623529 2.903621
5.631517 2.903577
5.639028 2.903577
5.647589 2.903513
5.655358 2.903472
5.662217 2.903428
5.672239 2.903390
5.680634 2.903314
5.688589 2.903253
5.696093 2.903194
5.704846 2.903158
5.713136 2.903087
5.721257 2.902993
5.728792 2.902921
5.737560 2.902870
5.745076 2.902786
5.753873 2.902696
5.762169 2.902617
5.769895 2.902574
5.778272 2.902495
5.785994 2.902422
5.794533 2.902348
5.800880 2.902301
5.810729 2.902222
5.818787 2.902150
5.826689 2.902108
5.835322 2.902045
5.842977 2.901984
5.850938 2.901924
5.859895 2.901916
5.867270 2.901886
5.875968 2.901847
5.883638 2.901805
5.892384 2.901817
5.898756 2.901785
5.908961 2.901782
5.917056 2.901744
5.925393 2.901780
5.933175 2.901765
5.941039 2.901776
5.949389 2.901789
5.957260 2.901847
5.965998 2.901829
5.974521 2.901874
5.982251 2.901942
5.990867 2.901996
5.999042 2.901986
6.006570 2.902066
6.015138 2.902100
6.023075 2.902142
6.031903 2.902160
6.039862 2.902240
6.048249 2.902257
6.056257 2.902287
6.064413 2.902320
6.072358 2.902372
6.080712 2.902365
6.089067 2.902377
6.097851 2.902403
6.105299 2.902412
6.114055 2.902408
6.122061 2.902411
6.130386 2.902435
6.138465 2.902433
6.146783 2.902433
6.154323 2.902405
6.162390 2.902411
6.171337 2.902380
6.179540 2.902353
6.186882 2.902298
6.195592 2.902290
6.203341 2.902238
6.211426 2.902196
6.219803 2.902120
6.228186 2.902108
6.236565 2.902025
6.243882 2.901972
6.252738 2.901871
6.260823 2.901856
6.266996 2.901769
6.275206 2.901745
6.284835 2.901657
6.293358 2.901642
6.301095 2.901553
6.309391 2.901513
6.317610 2.901481
6.325871 2.901465
6.333995 2.901386
6.342155 2.901369
6.350564 2.901350
6.358308 2.901325
6.366530 2.901259
6.372859 2.901289
6.383056 2.901256
6.391016 2.901287
6.398848 2.901250
6.407807 2.901293
6.415737 2.901271
6.423864 2.901304
6.431763 2.901311
6.440601 2.901364
6.448854 2.901366
6.456532 2.901401
6.464570 2.901440
6.472934 2.901491
6.481221 2.901515
6.489731 2.901552
6.498104 2.901611
6.506140 2.901664
6.514262 2.901706
6.522469 2.901746
6.530589 2.901820
6.539062 2.901873
6.547266 2.901912
6.555401 2.901917
6.563810 2.901990
6.571941 2.902025
6.579796 2.902083
6.588200 2.902091
6.596091 2.902162
6.602788 2.902146
6.612449 2.902202
6.620594 2.902194
6.628365 2.902232
6.637504 2.902217
6.644806 2.902272
6.653286 2.902249
6.661527 2.902275
6.669348 2.902250
6.678094 2.902268
6.685780 2.902248
6.694156 2.902241
6.702725 2.902185
6.710620 2.902192
6.718535 2.902144
6.727120 2.902115
6.735420 2.902045
6.743115 2.902044
6.751179 2.901984
6.759276 2.901954
6.767474 2.901900
6.775669 2.901875
6.784231 2.901805
6.792027 2.901763
6.800085 2.901721
6.808556 2.901694
6.816535 2.901634
6.824457 2.901592
6.833000 2.901563
6.840981 2.901549
6.849309 2.901493
6.857135 2.901476
6.865534 2.901490
6.873531 2.901497
6.882099 2.901493
6.890100 2.901498
6.897941 2.901531
6.906202 2.901545
6.914300 2.901583
6.922806 2.901596
6.930903 2.901652
6.938931 2.901674
6.947154 2.901736
6.955781 2.901768
6.963437 2.901843
6.971377 2.901868
6.978107 2.901931
6.988594 2.902003
6.996161 2.902064
7.004336 2.902096
7.012858 2.902194
7.020838 2.902235
7.029521 2.902341
7.037367 2.902383
7.045531 2.902462
7.053908 2.902517
7.061930 2.902585
7.070563 2.902615
7.078645 2.902689
7.086943 2.902735
7.094653 2.902795
7.103571 2.902817
7.111353 2.902869
7.119935 2.902899
7.127594 2.902932
7.135828 2.902955
7.142282 2.902970
7.152410 2.902964
7.160642 2.902980
7.169034 2.902983
7.176827 2.902986
7.185110 2.902964
7.193236 2.902928
7.201388 2.902927
7.208921 2.902893
7.217865 2.902843
7.226094 2.902771
7.233947 2.902737
7.241755 2.902681
7.248942 2.902641
7.258531 2.902554
7.266103 2.902535
7.274680 2.902460
7.282698 2.902401
7.291222 2.902316
7.299280 2.902309
7.307331 2.902243
7.315062 2.902197
7.323447 2.902143
7.331749 2.902136
7.339571 2.902067
7.348122 2.902040
7.355855 2.902019
7.364271 2.902024
7.372635 2.901956
7.380697 2.901984
7.388546 2.901934
7.396635 2.901973
7.404780 2.901908
7.413136 2.901951
7.421146 2.901943
7.429784 2.901976
7.437778 2.901967
7.445613 2.902032
7.453745 2.902035
7.462171 2.902071
7.470594 2.902107
7.479133 2.902180
7.486645 2.902202
7.494861 2.902251
7.503226 2.902317
7.511510 2.902378
7.519962 2.902419
7.528313 2.902470
7.535834 2.902535
7.544319 2.902593
7.552265 2.902636
7.561048 2.902667
7.569187 2.902741
7.577610 2.902783
7.585244 2.902819
7.593922 2.902831
7.601374 2.902902
7.609970 2.902900
7.618636 2.902955
7.626485 2.902933
7.634579 2.902994
7.642250 2.902950
7.651238 2.903007
7.659313 2.902977
7.667390 2.903020
7.675139 2.902962
7.683467 2.902962
7.691605 2.902944
7.699872 2.902916
7.707603 2.902841
7.716465 2.902830
7.722814 2.902792
7.732578 2.902754
7.740470 2.902680
7.749130 2.902675
7.756437 2.902613
7.765173 2.902572
7.773279 2.902503
7.781514 2.902497
7.789235 2.902429
7.797198 2.902400
7.805612 2.902348
7.813332 2.902338
7.822180 2.902282
7.830511 2.902273
7.838240 2.902251
7.846550 2.902255
7.854601 2.902222
7.862515 2.902213
7.870664 2.902215
7.879351 2.902229
7.887526 2.902216
7.895201 2.902214
7.903722 2.902235
7.911763 2.902256
7.919688 2.902278
7.927791 2.902275
7.935730 2.902325
7.944496 2.902344
7.952691 2.902391
7.960803 2.902410
7.967450 2.902479
7.977368 2.902509
7.986010 2.902583
7.993822 2.902610
8.002449 2.902698
8.010441 2.902725
8.018323 2.902803
8.026934 2.902896
8.034571 2.902980
8.042518 2.903026
8.051416 2.903127
8.059690 2.903176
8.067398 2.903251
8.076156 2.903284
8.084194 2.903357
8.092330 2.903412
8.100586 2.903490
8.108957 2.903524
8.117249 2.903568
8.125012 2.903616
8.133295 2.903681
8.141938 2.903693
8.149833 2.903726
8.157905 2.903722
8.166195 2.903750
8.174589 2.903745
8.182549 2.903743
8.190520 2.903718
8.198797 2.903693
8.207200 2.903696
8.214910 2.903669
8.222933 2.903630
8.231325 2.903575
8.239401 2.903563
8.247523 2.903517
8.256187 2.903466
8.263650 2.903395
8.272117 2.903371
8.279673 2.903318
8.288731 2.903263
8.296847 2.903185
8.304994 2.903158
8.312553 2.903096
8.320921 2.903049
8.328639 2.902988
8.337113 2.902983
8.345010 2.902915
8.353725 2.902890
8.361818 2.902847
8.369802 2.902870
8.377961 2.902802
8.386040 2.902828
8.394155 2.902796
8.402877 2.902839
8.410213 2.902802
8.418732 2.902830
8.427311 2.902843
8.435250 2.902869
8.443027 2.902854
8.451522 2.902921
8.459535 2.902929
8.468476 2.902970
8.476174 2.902978
8.482610 2.903033
8.492996 2.903077
8.501110 2.903138
8.509001 2.903182
8.517449 2.903255
8.525409 2.903285
8.534071 2.903331
8.541681 2.903389
8.550204 2.903435
8.558518 2.903474
8.566443 2.903508
8.575038 2.903584
8.583282 2.903631
8.591171 2.903678
8.599351 2.903706
8.607129 2.903783
8.615642 2.903807
8.623900 2.903856
8.631671 2.903846
8.640389 2.903921
8.648690 2.903924
8.655148 2.903965
8.664525 2.903943
8.671137 2.903966
8.680911 2.903924
8.689048 2.903917
8.697274 2.903884
8.705959 2.903877
8.713835 2.903784
8.721580 2.903768
8.728194 2.903733
8.738214 2.903705
8.746107 2.903633
8.754781 2.903631
8.762903 2.903591
8.771031 2.903586
8.779123 2.903538
8.786776 2.903507
8.795071 2.903473
8.803422 2.903483
8.811058 2.903441
8.819115 2.903444
8.828146 2.903432
8.835517 2.903422
8.843953 2.903386
8.852094 2.903407
8.859878 2.903426
8.868456 2.903421
8.876737 2.903390
8.885032 2.903361
8.892604 2.903351
8.901309 2.903364
8.909567 2.903398
8.917252 2.903405
8.925784 2.903414
8.932156 2.903408
8.941609 2.903450
8.949869 2.903468
8.958816 2.903498
8.967050 2.903508
8.974979 2.903562
8.983223 2.903593
8.991755 2.903612
8.999412 2.903642
9.007451 2.903703
9.016056 2.903698
9.024331 2.903713
9.032621 2.903728
9.038844 2.903743
9.049135 2.903732
9.057306 2.903755
9.065573 2.903755
9.073572 2.903751
9.079918 2.903738
9.089322 2.903712
9.097603 2.903684
9.106517 2.903632
9.114470 2.903585
9.122472 2.903512
9.130485 2.903455
9.139238 2.903363
9.147228 2.903286
9.154677 2.903163
9.163563 2.903085
9.171702 2.902955
9.179707 2.902863
9.186475 2.902750
9.196172 2.902588
9.203987 2.902496
9.212370 2.902360
9.220841 2.902191
9.226940 2.902114
9.236950 2.901926
9.245086 2.901760
9.252898 2.901609
9.261128 2.901432
9.269196 2.901288
9.277600 2.901099
9.285312 2.900960
9.293447 2.900799
9.301435 2.900664
9.309864 2.900467
9.318426 2.900326
9.326523 2.900182
9.334785 2.900034
9.342519 2.899886
9.350893 2.899791
9.359261 2.899675
9.366766 2.899564
9.375241 2.899431
9.383567 2.899353
9.391808 2.899251
9.399732 2.899180
9.408143 2.899083
9.414738 2.899030
9.424125 2.898925
9.431085 2.898872
9.440162 2.898800
9.449009 2.898750
9.457025 2.898681
9.464966 2.898642
9.473153 2.898590
9.481846 2.898574
9.489989 2.898524
9.498330 2.898509
9.505620 2.898496
9.514486 2.898510
9.522882 2.898537
9.531214 2.898546
9.538925 2.898526
9.546821 2.898533
9.555158 2.898554
9.563704 2.898518
9.571521 2.898561
9.579983 2.898625
9.588022 2.898710
9.596367 2.898917
9.604971 2.899133
9.612604 2.899284
9.620839 2.899376
9.627077 2.899231
9.637294 2.899431
9.645254 2.899658
9.653870 2.899879
9.661911 2.899915
9.670396 2.899575
9.678737 2.899223
9.686622 2.899217
9.694864 2.899420
9.702663 2.899635
9.711150 2.900241
9.719136 2.900817
9.727025 2.901244
9.735178 2.902047
9.743350 2.902851
9.750986 2.903563
9.759027 2.904309
9.767512 2.904893
9.775421 2.905543
9.783823 2.906197
9.791659 2.906666
9.800326 2.907078
9.808269 2.907217
9.816052 2.907485
9.824723 2.907904
9.832460 2.908240
9.840500 2.908744
9.848805 2.909033
9.857262 2.909159
9.865338 2.909412
9.872925 2.909813
9.881778 2.910033
9.889544 2.910341
9.895741 2.910358
9.905852 2.910699
9.913838 2.910841
9.922454 2.910798
9.930186 2.911022
9.938792 2.911333
9.946895 2.911628
9.954822 2.911976
9.963522 2.912349
9.971484 2.912506
9.979893 2.912780
9.988028 2.912946
9.995649 2.913239
10.003941 2.913495
10.012300 2.913779
10.020739 2.914081
10.028946 2.914441
10.036486 2.914633
10.045130 2.914932
10.053446 2.915152
10.061884 2.915412
10.070205 2.915604
10.076031 2.915773
10.085755 2.915976
10.094513 2.916246
10.102839 2.916460
10.111028 2.916714
10.119203 2.916920
10.127116 2.917209
10.135182 2.917412
10.143880 2.917693
10.151774 2.917865
10.160069 2.918112
10.168623 2.918381
10.175974 2.918602
10.184479 2.918812
10.193062 2.919031
10.200933 2.919228
10.209128 2.919454
10.216645 2.919637
10.225568 2.919976
10.233230 2.920167
10.241227 2.920383
10.249661 2.920559
10.257644 2.920709
10.265739 2.920907
10.274114 2.921124
10.282510 2.921319
10.290374 2.921494
10.298037 2.921677
10.306437 2.921857
10.314729 2.922043
10.322633 2.922101
10.331174 2.922157
10.339484 2.922000
10.347370 2.921590
10.355560 2.921361
10.363860 2.921351
10.372235 2.921440
10.379712 2.921509
10.387848 2.921486
10.396882 2.921533
10.404382 2.921609
10.412839 2.921748
10.421243 2.921880
10.429199 2.922008
10.437692 2.922122
10.445467 2.922248
10.453565 2.922326
10.462280 2.922466
10.468841 2.922580
10.478666 2.922778
10.486590 2.922916
10.494932 2.923068
10.503282 2.923171
10.510972 2.923302
10.519671 2.923445
10.527781 2.923571
10.535912 2.923685
10.544268 2.923788
10.550832 2.923886
10.560250 2.923998
10.566729 2.924093
10.577018 2.924207
10.584590 2.924301
10.593477 2.924351
10.601316 2.924426
10.609594 2.924485
10.617525 2.924522
10.626240 2.924510
10.634316 2.924511
10.642078 2.924527
10.648451 2.924491
10.658037 2.924365
10.666301 2.924211
10.674850 2.924148
10.682751 2.924040
10.690817 2.923983
10.699722 2.923864
10.707449 2.923803
10.715216 2.923704
10.721804 2.923605
10.731541 2.923423
10.740167 2.923334
10.748488 2.923238
10.756059 2.923116
10.762770 2.922941
10.773103 2.922805
10.780659 2.922720
10.787335 2.922599
10.796947 2.922454
10.805305 2.922328
10.813799 2.922200
10.821976 2.921993
10.830188 2.921844
10.837801 2.921719
10.846251 2.921579
10.854576 2.921405
10.862889 2.921231
10.871119 2.921080
10.878488 2.920958
10.887330 2.920801
10.895162 2.920696
10.903646 2.920550
10.911105 2.920455
10.919989 2.920317
10.928071 2.920221
10.935930 2.920108
10.944192 2.920016
10.952290 2.919891
10.960960 2.919789
10.968655 2.919703
10.977005 2.919627
10.984744 2.919541
10.993655 2.919427
11.001520 2.919375
11.009560 2.919303
11.018409 2.919236
11.025727 2.919177
11.034409 2.919123
11.042360 2.919044
11.050959 2.918997
11.059286 2.918946
11.067447 2.918899
11.075289 2.918859
11.083908 2.918834
11.092152 2.918778
11.099990 2.918753
11.108588 2.918716
11.116692 2.918666
11.124303 2.918616
11.133060 2.918583
11.140990 2.918567
11.148946 2.918514
11.156936 2.918460
11.165023 2.918418
11.173533 2.918430
11.182176 2.918371
11.190046 2.918388
11.198427 2.918312
11.206283 2.918297
11.214420 2.918277
11.222162 2.918303
11.230536 2.918284
11.238989 2.918295
11.246515 2.918282
11.253363 2.918249
11.261254 2.918236
11.271488 2.918207
11.279475 2.918174
11.287825 2.918107
11.295850 2.918160
11.303905 2.918243
11.312186 2.918253
11.320111 2.918255
11.326406 2.918276
11.336593 2.918251
11.344601 2.918261
11.352903 2.918250
11.360379 2.918250
11.368781 2.918256
11.375384 2.918281
11.385172 2.918273
11.393336 2.918311
11.402133 2.918301
11.410058 2.918340
11.418222 2.918343
11.426653 2.918389
11.434638 2.918431
11.442551 2.918479
11.450606 2.918485
11.458980 2.918563
11.467304 2.918597
11.475065 2.918674
11.483941 2.918683
11.491584 2.918737
11.500051 2.918775
11.508675 2.918853
11.516819 2.918872
11.524695 2.918910
11.532936 2.918939
11.540986 2.918990
11.549672 2.919002
11.557695 2.918997
11.565134 2.919065
11.573481 2.919151
11.581738 2.919149
11.590052 2.919152
11.596677 2.919073
11.606889 2.918924
11.613062 2.918858
11.622722 2.918692
11.629297 2.918564
11.639848 2.918407
11.647282 2.918271
11.656107 2.918063
11.664424 2.917775
11.671876 2.917957
11.678689 2.917924
11.688284 2.917684
11.696738 2.917067
11.704913 2.916256
11.713551 2.915686
11.721121 2.915178
11.729525 2.914410
11.737814 2.913424
11.746455 2.912867
11.754172 2.911845
11.760936 2.911136
11.770552 2.910074
11.779038 2.909068
11.786261 2.908137
11.795089 2.906961
11.803402 2.905765
11.811372 2.904719
11.818516 2.903656
11.827799 2.902399
11.836280 2.900988
11.843470 2.899867
11.850314 2.898706
11.860174 2.897221
11.868621 2.895954
11.877066 2.894490
11.885099 2.892963
11.893030 2.891391
11.901204 2.889901
11.909201 2.888267
11.917994 2.886909
11.925797 2.885466
11.933877 2.883901
11.940541 2.882539
11.950655 2.880536
11.958674 2.879212
11.966848 2.877557
11.973975 2.875971
11.982267 2.874202
11.990698 2.872392
11.998653 2.870699
12.005382 2.869208
12.014348 2.867085
12.023098 2.865155
12.030314 2.863311
12.038237 2.861302
12.046352 2.859218
12.054975 2.856941
12.062766 2.854729
12.070320 2.852696
12.078928 2.850072
12.086185 2.848083
12.094740 2.845636
12.102949 2.842808
12.110570 2.840486
12.118291 2.837980
12.126270 2.834997
12.134404 2.832333
12.141972 2.829854
12.149825 2.827286
12.158115 2.824456
12.166320 2.821625
12.173751 2.819081
12.181801 2.816350
12.189187 2.813810
12.197022 2.811177
12.205515 2.808262
12.213499 2.805594
12.221369 2.802911
12.228980 2.800392
12.235178 2.798297
12.244321 2.795426
12.250761 2.793853
12.260483 2.790885
12.268687 2.788411
12.276546 2.785753
12.284979 2.782960
12.292542 2.780469
12.300332 2.777902
12.308358 2.775239
12.316218 2.772591
12.324079 2.769991
12.332091 2.767308
12.340264 2.764609
12.348319 2.761893
12.356030 2.759373
12.363528 2.756949
12.371145 2.754413
12.378907 2.751824
12.387028 2.749217
12.394534 2.746884
12.402284 2.744665
12.408452 2.743006
12.418338 2.740176
12.426444 2.737923
12.434476 2.735673
12.440908 2.733902
12.448363 2.731808
12.456511 2.729676
12.465405 2.727314
12.474134 2.725082
12.481730 2.723227
12.489845 2.721079
12.497876 2.718896
12.505096 2.717206
12.513883 2.714995
12.521729 2.713167
12.529345 2.711412
12.537131 2.709812
12.545912 2.707806
12.553917 2.706443
12.562136 2.705183
12.570036 2.704153
12.576068 2.703213
12.585756 2.701958
12.594295 2.701164
12.602583 2.700571
12.610373 2.699907
12.619416 2.698960
12.627707 2.698504
12.635510 2.698166
12.644117 2.697461
12.652459 2.696908
12.658898 2.696470
12.668651 2.695900
12.676156 2.695711
12.685091 2.694968
12.692819 2.694269
12.701258 2.693870
12.709480 2.693428
12.717433 2.692925
12.725380 2.692560
12.733344 2.692188
12.742052 2.692127
12.750008 2.692295
12.757753 2.692489
12.765203 2.693197
12.773259 2.694120
12.781807 2.695798
12.790495 2.697778
12.798592 2.699392
12.806138 2.701879
12.814975 2.705306
12.822407 2.707359
12.829531 2.710185
12.837889 2.713197
12.845495 2.715953
12.853138 2.719212
12.861615 2.722496
12.868604 2.725265
12.877207 2.728845
12.884558 2.732103
12.890815 2.734686
12.899911 2.738809
12.908189 2.742507
12.914071 2.744946
12.923388 2.749465
12.931314 2.753056
12.939752 2.757039
12.947286 2.760524
12.955126 2.764185
12.962383 2.767550
12.970379 2.771293
12.978295 2.774927
12.985344 2.778329
12.992053 2.781656
13.001249 2.786071
13.008361 2.789566
13.016031 2.794873
13.023700 2.800104
13.031219 2.804081
13.038865 2.808514
13.045277 2.812435
13.053831 2.817561
13.061684 2.822392
13.069272 2.826997
13.076013 2.831374
13.083533 2.836679
13.089616 2.841121
13.096503 2.846602
13.102033 2.851221
13.110155 2.858249
13.116392 2.863952
13.122976 2.870262
13.129466 2.876809
13.134664 2.882334
13.140433 2.888625
13.146082 2.894878
13.151136 2.900626
13.156398 2.906687
13.161705 2.912805
13.165764 2.918261
13.169720 2.923415
13.174588 2.930321
13.179158 2.936632
13.183891 2.943058
13.188882 2.949723
13.193153 2.955706
13.197104 2.961059
13.200615 2.966605
13.203927 2.972357
13.206954 2.977103
13.211239 2.983777
13.214218 2.989263
13.216395 2.993938
13.218748 2.998532
13.221539 3.003127
13.224017 3.007755
13.226680 3.013158
13.229783 3.017380
13.232600 3.022095
13.234918 3.027326
13.237336 3.031494
13.239950 3.037648
13.243066 3.046068
13.245896 3.053646
13.248249 3.061105
13.250107 3.066919
13.252187 3.074549
13.252661 3.084751
13.255130 3.092589
13.257788 3.101264
13.259586 3.109396
13.261247 3.118156
13.264546 3.124640
13.265371 3.133219
13.265482 3.143337
13.265386 3.154686
13.265130 3.167022
13.265664 3.179008
13.266942 3.191470
13.268527 3.203302
13.269842 3.214477
13.271291 3.225840
13.272551 3.236842
13.273643 3.249430
13.274568 3.259593
13.275432 3.272453
13.276470 3.283114
13.277503 3.292520
13.278711 3.306191
13.279132 3.319005
13.279574 3.330755
13.279895 3.341444
13.280189 3.353864
13.280489 3.365896
13.280849 3.377469
13.281015 3.390023
13.281160 3.401909
13.281359 3.413594
13.281354 3.425130
13.281446 3.437064
13.281507 3.449281
13.281570 3.460978
13.281619 3.473953
13.281672 3.485173
13.281713 3.497011
13.281660 3.509064
13.281633 3.521417
13.281633 3.533754
13.281640 3.545431
13.281656 3.555352
13.281653 3.569928
13.281680 3.582316
13.281606 3.593868
13.281463 3.606474
13.281398 3.619981
13.281341 3.631358
13.281274 3.643782
13.281242 3.656473
13.281184 3.669272
13.281123 3.677851
13.281045 3.693267
13.281012 3.704865
13.280954 3.715416
13.280860 3.729926
13.280786 3.742549
13.280739 3.753875
13.280652 3.766108
13.280571 3.778214
13.280506 3.790355
13.280413 3.803577
13.280337 3.815263
13.280203 3.827496
13.280125 3.839105
13.279967 3.851814
13.279889 3.861645
13.279728 3.876153
13.279616 3.888380
13.279478 3.899462
13.279331 3.911867
13.279215 3.924449
13.279063 3.936911
13.278938 3.948918
13.278799 3.960474
13.278689 3.972321
13.278552 3.984908
13.278421 3.997521
13.278324 4.008882
13.278230 4.021862
13.278137 4.033626
13.278057 4.045298
13.278007 4.057685
13.277958 4.069464
13.277904 4.081924
13.277875 4.093980
13.277840 4.106452
13.277768 4.118716
13.277731 4.131152
13.277716 4.143462
13.277695 4.155604
13.277662 4.168580
13.277625 4.180595
13.277585 4.193060
13.277563 4.204875
13.277513 4.216977
13.277436 4.228950
13.277373 4.241260
13.277266 4.253494
13.277162 4.265926
13.277048 4.278304
13.276968 4.291000
13.276817 4.303026
13.276675 4.315384
13.276520 4.327642
13.276359 4.339481
13.276142 4.351437
13.275932 4.364305
13.275748 4.376070
13.275554 4.388142
13.275328 4.399848
13.275127 4.411966
13.274935 4.424686
13.274718 4.436609
13.274546 4.448054
13.274357 4.460923
13.274192 4.472793
13.273985 4.484277
13.273808 4.496592
13.273643 4.509279
13.273479 4.520849
13.273323 4.533789
13.273193 4.545038
13.273108 4.557216
13.273004 4.570374
13.272914 4.581565
13.272871 4.594769
13.272802 4.606238
13.272776 4.618405
13.272737 4.631608
13.272727 4.643433
13.272717 4.656166
13.272713 4.668382
13.272731 4.680502
13.272735 4.692675
13.272743 4.704267
13.272744 4.716894
13.272750 4.729160
13.272782 4.741893
13.272782 4.753501
13.272828 4.765887
13.272834 4.777891
13.272890 4.790260
13.272910 4.802397
13.272926 4.814266
13.272899 4.826888
13.272896 4.838892
13.272893 4.851230
13.272844 4.862907
13.272807 4.874650
13.272743 4.886627
13.272710 4.899288
13.272617 4.911430
13.272606 4.923066
13.272533 4.935319
13.272458 4.947247
13.272386 4.959384
13.272325 4.971248
13.272244 4.983380
13.272169 4.996005
13.272095 5.007869
13.272025 5.019754
13.271950 5.031599
13.271895 5.044338
13.271867 5.056469
13.271852 5.068519
13.271843 5.080504
13.271843 5.092693
13.271873 5.104488
13.271905 5.116924
13.271891 5.129661
13.271929 5.141860
13.271945 5.153739
13.271998 5.166124
13.272012 5.178195
13.272078 5.190945
13.272133 5.202713
13.272188 5.215196
13.272230 5.227345
13.272307 5.239530
13.272374 5.252214
13.272411 5.264398
13.272465 5.276143
13.272515 5.288520
13.272558 5.300468
13.272591 5.312824
13.272637 5.324507
13.272707 5.337174
13.272715 5.348646
13.272750 5.361447
13.272756 5.373405
13.272767 5.382874
13.272733 5.397020
13.272721 5.409268
13.272707 5.421379
13.272691 5.433287
13.272643 5.445373
13.272610 5.457530
13.272545 5.469459
13.272475 5.481395
13.272413 5.493504
13.272336 5.505858
13.272251 5.517971
13.272190 5.530227
13.272152 5.542351
13.272109 5.554199
13.272065 5.566208
13.272029 5.578717
13.272011 5.590774
13.271999 5.603118
13.271986 5.614677
13.272004 5.627269
13.272038 5.639171
13.272055 5.651845
13.272079 5.663590
13.272103 5.675963
13.272154 5.688284
13.272222 5.700850
13.272244 5.713101
13.272331 5.722619
13.272440 5.737460
13.272515 5.750066
13.272598 5.762193
13.272698 5.774715
13.272785 5.786472
13.272819 5.798316
13.272868 5.810456
13.272910 5.822595
13.272902 5.834633
13.272904 5.847041
13.272880 5.859119
13.272882 5.870843
13.272812 5.883154
13.272780 5.895265
13.272737 5.907082
13.272668 5.919497
13.272594 5.931901
13.272531 5.943505
13.272447 5.955952
13.272368 5.967916
13.272265 5.979858
13.272182 5.991972
13.272050 6.004159
13.271988 6.016000
13.271902 6.028074
13.271866 6.040578
13.271839 6.052702
13.271814 6.064952
13.271797 6.077147
13.271778 6.088590
13.271763 6.101543
13.271776 6.113544
13.271775 6.125504
13.271833 6.137372
13.271832 6.149669
13.271876 6.161812
13.271913 6.174623
13.271937 6.186364
13.271963 6.199175
13.272035 6.211346
13.272095 6.223214
13.272129 6.235792
13.272199 6.247831
13.272282 6.259467
13.272365 6.271672
13.272426 6.283696
13.272493 6.296456
13.272549 6.308716
13.272566 6.320914
13.272564 6.332952
13.272589 6.342443
13.272588 6.357234
13.272550 6.369164
13.272531 6.380882
13.272491 6.393474
13.272457 6.404875
13.272403 6.417125
13.272375 6.429317
13.272320 6.441340
13.272267 6.452872
13.272219 6.465081
13.272159 6.477378
13.272089 6.489758
13.272016 6.501832
13.271949 6.513334
13.271913 6.523226
13.271860 6.537519
13.271849 6.549632
13.271819 6.561868
13.271799 6.574283
13.271790 6.586173
13.271811 6.598589
13.271822 6.611339
13.271857 6.622925
13.271875 6.635488
13.271904 6.647326
13.271941 6.659934
13.271959 6.672418
13.271986 6.684781
13.272009 6.696795
13.272044 6.709196
13.272094 6.721230
13.272137 6.733616
13.272197 6.745498
13.272250 6.757864
13.272277 6.770436
13.272340 6.782121
13.272413 6.794356
13.272431 6.805931
13.272467 6.818678
13.272513 6.830805
13.272556 6.842897
13.272552 6.854954
13.272574 6.867203
13.272556 6.878696
13.272534 6.891009
13.272473 6.903676
13.272448 6.915286
13.272430 6.927273
13.272378 6.939450
13.272343 6.951427
13.272277 6.963456
13.272249 6.975490
13.272159 6.987577
13.272119 6.999675
13.272078 7.011838
13.272043 7.023814
13.271987 7.035934
13.271955 7.048202
13.271926 7.060517
13.271869 7.072300
13.271840 7.084363
13.271821 7.096191
13.271831 7.108566
13.271817 7.120499
13.271858 7.132980
13.271860 7.145586
13.271880 7.157901
13.271908 7.169697
13.271976 7.182505
13.272065 7.194587
13.272088 7.206335
13.272177 7.218956
13.272237 7.231269
13.272308 7.242952
13.272355 7.255473
13.272440 7.267930
13.272512 7.279765
13.272550 7.292112
13.272588 7.303708
13.272622 7.316652
13.272637 7.328618
13.272619 7.340900
13.272610 7.352513
13.272607 7.364616
13.272600 7.377235
13.272563 7.389429
13.272553 7.400761
13.272514 7.412802
13.272470 7.424542
13.272426 7.437036
13.272377 7.448977
13.272304 7.461308
13.272243 7.470592
13.272150 7.485379
13.272070 7.497806
13.271976 7.509635
13.271895 7.521398
13.271841 7.533419
13.271813 7.545451
13.271789 7.557898
13.271764 7.570320
13.271742 7.581916
13.271748 7.594757
13.271739 7.606310
13.271767 7.619085
13.271798 7.630778
13.271812 7.643540
13.271857 7.655240
13.271929 7.668046
13.272022 7.680397
13.272020 7.692273
13.272118 7.704977
13.272195 7.716636
13.272273 7.729098
13.272302 7.741155
13.272389 7.753322
13.272470 7.765245
13.272527 7.777438
13.272573 7.789595
13.272624 7.801790
13.272669 7.814126
13.272654 7.826054
13.272681 7.838957
13.272686 7.850970
13.272684 7.862522
13.272673 7.872307
13.272614 7.887120
13.272612 7.899163
13.272554 7.911042
13.272504 7.923055
13.272434 7.935477
13.272381 7.947497
13.272296 7.959609
13.272243 7.971877
13.272199 7.983264
13.272128 7.995439
13.272052 8.007387
13.271982 8.020226
13.271911 8.032145
13.271852 8.043668
13.271811 8.056100
13.271773 8.068256
13.271776 8.080033
13.271590 8.069239
13.271599 8.056983
13.271591 8.044688
13.271620 8.032683
13.271593 8.020895
13.271585 8.008402
13.271590 7.996527
13.271600 7.984520
13.271562 7.972761
13.271550 7.960947
13.271544 7.948058
13.271538 7.936840
13.271493 7.923977
13.271476 7.912276
13.271452 7.900489
13.271417 7.887906
13.271366 7.876386
13.271334 7.864135
13.271283 7.852147
13.271172 7.840106
13.271091 7.827935
13.271009 7.815732
13.270917 7.803938
13.270781 7.791288
13.270722 7.781675
13.270568 7.766800
13.270433 7.755086
13.270302 7.742562
13.270167 7.730232
13.270024 7.718323
13.269828 7.706461
13.269723 7.694081
13.269588 7.681782
13.269446 7.669736
13.269293 7.657177
13.269179 7.645732
13.269053 7.633433
13.268897 7.620697
13.268782 7.609118
13.268672 7.596787
13.268580 7.584741
13.268463 7.572598
13.268382 7.560405
13.268304 7.548038
13.268208 7.535876
13.268126 7.523756
13.268064 7.511913
13.268036 7.500140
13.267965 7.487883
13.267936 7.476471
13.267909 7.463665
13.267895 7.451766
13.267878 7.440027
13.267870 7.428405
13.267863 7.416114
13.267816 7.404140
13.267786 7.392376
13.267755 7.379783
13.267716 7.367686
13.267651 7.355824
13.267620 7.343735
13.267577 7.331087
13.267517 7.319319
13.267435 7.307309
13.267392 7.295072
13.267302 7.282872
13.267192 7.270391
13.267109 7.258689
13.267017 7.245964
13.266910 7.234430
13.266765 7.221625
13.266685 7.209617
13.266603 7.197595
13.266473 7.185016
13.266331 7.173115
13.266274 7.160970
13.266158 7.148131
13.266054 7.136003
13.265955 7.123727
13.265919 7.112254
13.265822 7.099413
13.265751 7.087833
13.265717 7.075634
13.265664 7.063199
13.265644 7.050876
13.265616 7.039158
13.265646 7.027308
13.265635 7.014965
13.265612 7.003294
13.265648 6.991292
13.265682 6.979370
13.265718 6.967483
13.265717 6.955497
13.265777 6.943228
13.265791 6.930663
13.265827 6.919077
13.265863 6.906928
13.265910 6.895205
13.265934 6.882935
13.265940 6.870320
13.265973 6.858718
13.265974 6.846837
13.265982 6.834101
13.265946 6.822072
13.265955 6.809911
13.265906 6.797680
13.265886 6.787947
13.265844 6.773565
13.265820 6.761493
13.265763 6.748927
13.265697 6.737031
13.265671 6.723983
13.265609 6.711894
13.265548 6.699657
13.265458 6.687515
13.265443 6.675853
13.265344 6.662809
13.265300 6.650608
13.265239 6.638645
13.265221 6.626727
13.265175 6.614206
13.265136 6.602015
13.265128 6.589497
13.265115 6.577495
13.265106 6.565139
13.265061 6.553067
13.265099 6.541108
13.265085 6.528969
13.265121 6.517084
13.265128 6.505016
13.265148 6.495174
13.265203 6.480800
13.265236 6.468576
13.265283 6.456641
13.265346 6.444812
13.265391 6.433059
13.265417 6.420208
13.265480 6.408957
13.265502 6.396758
13.265541 6.384737
13.265573 6.372179
13.265620 6.360182
13.265625 6.350518
13.265635 6.335497
13.265656 6.323574
13.265655 6.311682
13.265645 6.299334
13.265613 6.287728
13.265594 6.274852
13.265534 6.262639
13.265507 6.250648
13.265460 6.238804
13.265427 6.226021
13.265368 6.214198
13.265298 6.201261
13.265292 6.189277
13.265222 6.176830
13.265164 6.165032
13.265121 6.153104
13.265079 6.141074
13.265040 6.128545
13.264995 6.116142
13.264978 6.104286
13.264965 6.091336
13.264944 6.079388
13.264942 6.066992
13.264967 6.055501
13.264972 6.043274
13.264984 6.030824
13.265010 6.019130
13.265048 6.006763
13.265088 5.994764
13.265115 5.983016
13.265175 5.971064
13.265203 5.959004
13.265266 5.946973
13.265318 5.934997
13.265374 5.922753
13.265415 5.910515
13.265447 5.898432
13.265500 5.886772
13.265526 5.874747
13.265573 5.862659
13.265560 5.850565
13.265607 5.838701
13.265582 5.826667
13.265590 5.813945
13.265591 5.801774
13.265595 5.789674
13.265565 5.777538
13.265523 5.765238
13.265512 5.753199
13.265476 5.741224
13.265440 5.728750
13.265361 5.716626
13.265340 5.707011
13.265254 5.692157
13.265207 5.682226
13.265153 5.667235
13.265117 5.655430
13.265064 5.642408
13.265012 5.630541
13.264995 5.618308
13.264969 5.606485
13.264947 5.594244
13.264901 5.581554
13.264929 5.569702
13.264903 5.557362
13.264930 5.545713
13.264943 5.533038
13.264982 5.521510
13.265037 5.509405
13.265171 5.496996
13.265271 5.485112
13.265429 5.472868
13.265618 5.460943
13.265810 5.448707
13.266012 5.436054
13.266228 5.424209
13.266487 5.412117
13.266734 5.399833
13.266966 5.387950
13.267234 5.375919
13.267512 5.363256
13.267776 5.351136
13.268024 5.339241
13.268300 5.326956
13.268539 5.314467
13.268816 5.302223
13.269059 5.290428
13.269307 5.278125
13.269583 5.265151
13.269813 5.252622
13.270058 5.240194
13.270269 5.227953
13.270506 5.215741
13.270719 5.203557
13.270928 5.190970
13.271127 5.178910
13.271348 5.166567
13.271576 5.154343
13.271811 5.141834
13.272056 5.129284
13.272286 5.116875
13.272531 5.105281
13.272783 5.092546
13.273062 5.080083
13.273327 5.068384
13.273598 5.055564
13.273854 5.043738
13.274135 5.031024
13.274433 5.018737
13.274734 5.006432
13.275039 4.994144
13.275324 4.982306
13.275590 4.970345
13.275896 4.958191
13.276173 4.946071
13.276466 4.933555
13.276731 4.921390
13.277008 4.909622
13.277271 4.896883
13.277502 4.885190
13.277746 4.873593
13.277982 4.861112
13.278174 4.848837
13.278372 4.836272
13.278572 4.824265
13.278763 4.811540
13.278913 4.799290
13.279043 4.787052
13.279196 4.774935
13.279313 4.762710
13.279394 4.749971
13.279502 4.738371
13.279594 4.725383
13.279674 4.713152
13.279711 4.701218
13.279811 4.688925
13.279893 4.676077
13.279927 4.664406
13.279984 4.652433
13.280041 4.639704
13.280101 4.627405
13.280127 4.615027
13.280195 4.602893
13.280278 4.590639
13.280375 4.578076
13.280434 4.566346
13.280526 4.554815
13.280658 4.542502
13.280762 4.529742
13.280874 4.518365
13.280981 4.505776
13.281107 4.493677
13.281209 4.481437
13.281333 4.469699
13.281476 4.457276
13.281612 4.444816
13.281735 4.433260
13.281863 4.421521
13.282020 4.409248
13.282140 4.396699
13.282263 4.384779
13.282380 4.372170
13.282468 4.361256
13.282554 4.348181
13.282635 4.336320
13.282714 4.324041
13.282774 4.311960
13.282838 4.299820
13.282868 4.288015
13.282907 4.274996
13.282932 4.263464
13.282959 4.250952
13.282976 4.238832
13.282949 4.226182
13.282938 4.214085
13.282917 4.201676
13.282895 4.189979
13.282877 4.177366
13.282863 4.164727
13.282843 4.152490
13.282825 4.140069
13.282810 4.127940
13.282798 4.115947
13.282782 4.103970
13.282786 4.091699
13.282804 4.079603
13.282806 4.067688
13.282822 4.055473
13.282862 4.042625
13.282896 4.030919
13.282940 4.019387
13.282971 4.006917
13.283040 3.994867
13.283087 3.982882
13.283155 3.969858
13.283227 3.958063
13.283305 3.946489
13.283370 3.934419
13.283435 3.922445
13.283514 3.909542
13.283556 3.897563
13.283620 3.885607
13.283666 3.873203
13.283729 3.862036
13.283804 3.849703
13.283877 3.837340
13.283943 3.825198
13.284003 3.812393
13.284061 3.801340
13.284136 3.788212
13.284221 3.776818
13.284729 3.764016
13.285407 3.752087
13.286142 3.739119
13.287469 3.725673
13.288829 3.714082
13.290922 3.700183
13.292775 3.687285
13.294570 3.674233
13.296145 3.662002
13.298093 3.648213
13.299874 3.636051
13.302009 3.622921
13.304900 3.609248
13.308253 3.595299
13.311968 3.581501
13.315266 3.568491
13.319166 3.555467
13.324331 3.541642
13.330138 3.527806
13.335484 3.514667
13.342029 3.500499
13.348551 3.487236
13.354976 3.473602
13.362399 3.459570
13.370777 3.444996
13.379341 3.430662
13.388088 3.415732
13.396315 3.403047
13.406158 3.389609
13.417206 3.374794
13.427906 3.361230
13.438650 3.348245
13.447225 3.338525
13.462399 3.322154
13.474310 3.310080
13.487929 3.296846
13.501507 3.284311
13.515357 3.271970
13.530073 3.259823
13.541005 3.251035
13.559291 3.237133
13.574545 3.225929
13.591393 3.214000
13.606485 3.203820
13.624103 3.192527
13.641590 3.181932
13.657738 3.172161
13.675458 3.162077
13.694252 3.151848
13.713159 3.142014
13.733177 3.132043
13.749737 3.124247
13.770216 3.114672
13.788533 3.107232
13.807032 3.099675
13.828210 3.091772
13.848029 3.084615
13.865724 3.077987
13.887300 3.070517
13.908738 3.063041
13.927695 3.056390
13.949298 3.049212
13.968877 3.042801
13.990921 3.035557
14.011970 3.028752
14.029104 3.023372
14.054036 3.015693
14.073329 3.009870
14.095524 3.003689
14.115778 2.998310
14.137178 2.993082
14.161036 2.987422
14.184231 2.982027
14.206030 2.976973
14.226322 2.972626
14.249003 2.967960
14.272336 2.963619
14.295289 2.959648
14.317641 2.955701
14.338845 2.952104
14.360546 2.948531
14.383697 2.944593
14.404406 2.941334
14.427906 2.937805
14.448487 2.934666
14.473346 2.931029
14.493998 2.928315
14.517701 2.925277
14.540360 2.922421
14.560801 2.920058
14.585526 2.917523
14.608315 2.915189
14.624759 2.913597
14.652836 2.911331
14.676435 2.909516
14.700482 2.907864
14.724346 2.906397
14.748620 2.904955
14.770945 2.903809
14.794971 2.902432
14.818321 2.901196
14.841805 2.899988
14.866139 2.898945
14.889144 2.897941
14.906766 2.897304
14.933989 2.896209
14.958294 2.895396
14.983251 2.894606
15.001225 2.894101
15.028435 2.893254
15.052294 2.892610
15.075601 2.892061
15.100043 2.891633
15.122751 2.891207
15.144617 2.890831
15.170633 2.890461
15.194139 2.890166
15.218370 2.889900
15.241679 2.889654
15.266783 2.889432
15.285759 2.889278
15.309700 2.889095
15.333334 2.888943
15.362936 2.888778
15.386108 2.888662
15.408665 2.888570
15.432363 2.888468
15.456569 2.888401
15.478640 2.888343
15.502446 2.888295
15.526283 2.888325
15.548349 2.888303
15.572372 2.888339
15.595284 2.888373
15.617120 2.888402
15.641773 2.888511
15.664350 2.888609
15.690840 2.888721
15.714378 2.888875
15.738469 2.889014
15.761191 2.889182
15.786157 2.889313
15.809456 2.889511
15.832148 2.889681
15.857847 2.889863
15.882047 2.890032
15.904249 2.890162
15.927487 2.890324
15.951526 2.890481
15.975928 2.890637
15.997519 2.890800
16.015837 2.890926
16.044315 2.891137
16.067057 2.891297
16.091415 2.891496
16.115158 2.891687
16.139282 2.891865
16.162857 2.892046
16.186251 2.892216
16.209723 2.892414
16.234026 2.892621
16.257215 2.892790
16.280897 2.893003
16.305740 2.893177
16.330755 2.893352
16.355101 2.893506
16.377401 2.893659
16.400454 2.893790
16.425453 2.893946
16.449226 2.894100
16.471321 2.894190
16.490145 2.894275
16.518469 2.894437
16.542202 2.894561
16.563185 2.894685
16.586847 2.894816
16.611551 2.894986
16.634989 2.895168
16.659084 2.895337
16.683571 2.895557
16.706738 2.895704
16.725128 2.895841
16.755981 2.896123
16.779795 2.896336
16.803616 2.896552
16.827358 2.896756
16.845982 2.896922
16.874979 2.897161
16.898148 2.897359
16.922859 2.897540
16.946043 2.897718
16.969587 2.897897
16.988184 2.898021
17.016312 2.898227
17.033192 2.898333
17.061613 2.898556
17.080612 2.898674
17.107132 2.898885
17.131948 2.899078
17.150288 2.899231
17.178383 2.899446
17.203495 2.899654
17.228004 2.899845
17.250698 2.900035
17.275818 2.900192
17.300604 2.900416
17.322559 2.900606
17.346399 2.900745
17.369478 2.900901
17.393744 2.901030
17.418947 2.901180
17.437071 2.901291
17.463249 2.901422
17.487045 2.901570
17.510176 2.901658
17.529133 2.901757
17.556433 2.901893
17.574739 2.901981
17.602982 2.902155
17.626116 2.902255
17.650827 2.902422
17.675375 2.902557
17.698914 2.902719
17.722860 2.902890
17.747747 2.903012
17.771160 2.903183
17.794739 2.903279
17.819056 2.903452
17.842026 2.903579
17.861683 2.903663
17.886482 2.903801
17.912560 2.903898
17.937553 2.904029
17.959606 2.904120
17.982574 2.904198
18.007908 2.904307
18.030449 2.904357
18.052324 2.904466
18.077667 2.904530
18.099348 2.904620
18.123108 2.904724
18.143158 2.904804
18.170584 2.904952
18.195406 2.905085
18.217239 2.905213
18.242485 2.905381
18.265594 2.905492
18.290922 2.905689
18.313826 2.905801
18.339300 2.905982
18.363194 2.906132
18.386255 2.906281
18.410673 2.906423
18.434755 2.906562
18.458431 2.906709
18.479439 2.906805
18.504795 2.906936
18.526646 2.907080
18.548969 2.907196
18.572424 2.907356
18.593328 2.907523
18.620649 2.907693
18.643303 2.907870
18.667057 2.908030
18.690994 2.908246
18.715439 2.908449
18.739735 2.908659
18.757812 2.908806
18.781811 2.908995
18.810167 2.909229
18.834398 2.909392
18.859209 2.909578
18.878857 2.909714
18.907539 2.909908
18.929468 2.910064
18.952044 2.910179
18.976713 2.910324
19.000175 2.910444
19.023663 2.910596
19.045502 2.910728
19.070238 2.910877
19.093695 2.911025
19.116493 2.911145
19.140772 2.911318
19.162382 2.911503
19.187237 2.911645
19.211550 2.911831
19.235418 2.911981
19.259989 2.912177
19.284044 2.912352
19.307121 2.912519
19.331007 2.912683
19.356903 2.912817
19.379036 2.912960
19.403852 2.913070
19.426662 2.913205
19.450502 2.913314
19.472176 2.913374
19.496571 2.913508
19.519720 2.913580
19.541489 2.913672
19.567059 2.913769
19.589886 2.913855
19.613562 2.913984
19.637285 2.914063
19.659203 2.914209
19.683327 2.914355
19.708342 2.914489
19.731281 2.914608
19.757084 2.914724
19.780521 2.914855
19.805910 2.914922
19.829254 2.915082
19.853319 2.915167
19.877708 2.915251
19.899132 2.915338
19.923721 2.915382
19.947935 2.915471
19.969761 2.915521
19.993946 2.915575
20.015671 2.915634
20.038214 2.915653
20.062527 2.915736
20.084650 2.915785
20.109468 2.915833
20.132263 2.915895
20.156345 2.915932
20.178650 2.916007
20.203707 2.916105
20.228483 2.916184
20.251835 2.916272
20.276417 2.916313
20.299526 2.916401
20.322071 2.916434
20.347565 2.916477
20.370935 2.916528
20.396536 2.916548
20.417965 2.916554
20.442329 2.916549
20.461281 2.916537
20.488243 2.916528
20.512085 2.916498
20.535910 2.916505
20.557596 2.916498
20.581165 2.916502
20.603657 2.916505
20.627745 2.916509
20.646357 2.916505
20.675507 2.916553
20.698915 2.916602
20.722193 2.916619
20.741465 2.916638
20.772203 2.916680
20.795723 2.916677
20.819870 2.916750
20.842968 2.916755
20.868382 2.916780
20.892429 2.916749
20.914217 2.916725
20.939245 2.916713
20.961555 2.916672
20.981098 2.916655
21.007809 2.916644
21.030338 2.916613
21.054256 2.916623
21.079258 2.916571
21.102270 2.916584
21.125477 2.916549
21.148121 2.916538
21.174047 2.916574
21.195621 2.916570
21.221092 2.916632
21.243900 2.916643
21.263908 2.916642
21.293634 2.916681
21.313168 2.916691
21.339922 2.916701
21.364410 2.916669
21.389137 2.916686
21.412313 2.916659
21.430937 2.916617
21.459303 2.916596
21.479137 2.916548
21.507206 2.916482
21.528076 2.916448
21.551729 2.916404
21.575462 2.916360
21.599770 2.916333
21.618982 2.916293
21.646812 2.916278
21.670071 2.916260
21.692486 2.916238
21.716892 2.916193
21.742147 2.916204
21.765753 2.916207
21.790363 2.916240
21.813025 2.916224
21.837362 2.916228
21.862209 2.916205
21.884600 2.916157
21.909582 2.916122
21.932016 2.916057
21.952150 2.916003
21.981045 2.915945
22.003883 2.915881
22.026104 2.915837
22.048481 2.915776
22.072010 2.915725
22.094748 2.915660
22.120401 2.915585
22.142193 2.915593
22.166229 2.915572
22.190678 2.915640
22.212706 2.915631
22.239170 2.915663
22.261806 2.915688
22.284975 2.915692
22.306469 2.915699
22.333267 2.915710
22.358755 2.915717
22.381472 2.915695
22.405193 2.915683
22.428438 2.915669
22.453186 2.915633
22.477345 2.915608
22.499645 2.915537
22.523491 2.915480
22.546324 2.915446
22.569529 2.915398
22.592123 2.915388
22.615078 2.915354
22.640062 2.915350
22.663288 2.915363
22.685844 2.915339
22.709572 2.915384
22.734116 2.915368
22.758188 2.915390
22.782177 2.915433
22.807087 2.915433
22.830765 2.915504
22.854404 2.915493
22.876842 2.915501
22.900803 2.915487
22.925886 2.915442
22.948116 2.915446
22.972025 2.915395
22.995598 2.915398
23.016394 2.915360
23.041840 2.915342
23.063789 2.915331
23.087900 2.915294
23.111515 2.915301
23.133255 2.915276
23.158432 2.915253
23.181057 2.915310
23.205019 2.915282
23.229334 2.915332
23.251936 2.915354
23.271870 2.915369
23.302032 2.915420
23.324402 2.915416
23.348022 2.915468
23.371605 2.915447
23.395800 2.915432
23.420773 2.915433
23.442482 2.915398
23.465530 2.915406
23.489960 2.915374
23.509109 2.915322
23.536297 2.915303
23.558706 2.915260
23.581732 2.915264
23.606737 2.915200
23.628708 2.915200
23.653488 2.915208
23.676504 2.915211
23.701370 2.915254
23.724760 2.915259
23.747997 2.915293
23.771540 2.915301
23.797686 2.915305
23.820353 2.915336
23.845833 2.915331
23.869326 2.915333
23.894094 2.915239
23.915897 2.915098
23.940248 2.914829
23.959396 2.914442
23.987703 2.913916
24.010420 2.913349
24.033293 2.912454
24.056482 2.911412
24.080296 2.910280
24.102545 2.909055
24.121391 2.908024
24.148958 2.906258
24.173836 2.904218
24.195786 2.902059
24.221300 2.899327
24.243198 2.897090
24.267471 2.894703
24.287615 2.892677
24.314711 2.889610
24.339186 2.886604
24.362877 2.883649
24.384920 2.880407
24.408293 2.876727
24.432346 2.872974
24.449659 2.870085
24.476097 2.865477
24.499638 2.861238
24.523598 2.856532
24.545229 2.852230
24.569073 2.847478
24.589968 2.843205
24.611898 2.838567
24.635000 2.833623
24.656935 2.828769
24.678921 2.823714
24.703785 2.818020
24.726864 2.812723
24.748579 2.807552
24.771788 2.801944
24.794401 2.796416
24.815290 2.790970
24.838463 2.785045
24.860031 2.779393
24.883503 2.773129
24.904779 2.767327
24.922890 2.762166
24.950039 2.754467
24.972471 2.747896
24.993576 2.741553
25.017324 2.734340
25.037514 2.728091
25.061176 2.720704
25.081751 2.714294
25.103231 2.707285
25.121855 2.701284
25.148724 2.692169
25.170988 2.684820
25.191427 2.678105
25.214462 2.670132
25.234407 2.663338
25.257736 2.655056
25.278009 2.647514
25.298811 2.639968
25.321712 2.631289
25.343395 2.623083
25.363535 2.615259
25.385639 2.606548
25.406870 2.598107
25.429037 2.589152
25.449995 2.580568
25.469711 2.572269
25.492249 2.562802
25.513519 2.553758
25.534233 2.544902
25.556341 2.535410
25.577967 2.525995
25.598639 2.516882
25.618227 2.508095
25.641071 2.497976
25.661850 2.488439
25.682428 2.479156
25.702940 2.469753
25.723530 2.459957
25.744322 2.450098
25.763626 2.440722
25.784475 2.430472
25.806215 2.419643
25.823883 2.410758
25.845654 2.399626
25.866423 2.388937
