25.150002 13.550365
25.150002 13.550365
25.150002 13.550365
25.150002 13.550365
25.150002 13.550365
25.150002 13.550365
25.150002 13.550365
25.150002 13.550365
25.150002 13.550365
25.150002 13.550365
25.150002 13.550365
25.150002 13.550365
25.150002 13.550365
25.150002 13.550365
25.150002 13.550365
25.150002 13.550365
25.150002 13.550365
25.150002 13.550365
25.150002 13.550365
25.150002 13.550365
25.150002 13.550365
25.150002 13.550365
25.150002 13.550365
25.150002 13.550365
25.150002 13.550365
25.150002 13.550365
25.150002 13.550365
25.150002 13.550365
25.150002 13.550365
25.150002 13.550365
25.150002 13.550365
25.150002 13.550365
25.150002 13.550365
25.150002 13.550365
25.150002 13.550365
25.150002 13.550365
25.150002 13.550365
25.150002 13.550365
25.150002 13.550365
25.150002 13.550365
25.150002 13.550365
25.150002 13.550365
25.150002 13.550365
25.150002 13.550365
25.150002 13.550365
25.150002 13.550365
25.150002 13.550365
25.150002 13.550365
25.150002 13.550365
25.150002 13.550365
25.150002 13.550365
25.150002 13.550365
25.150002 13.550365
25.150002 13.550365
25.150002 13.550365
25.150002 13.550365
25.150002 13.550365
25.150002 13.550365
25.150002 13.550365
25.150002 13.550365
25.150002 13.550365
25.150002 13.550365
25.150003 13.550365
25.150003 13.550365
25.150003 13.550365
25.150003 13.550365
25.150003 13.550365
25.150003 13.550365
25.150003 13.550365
25.150003 13.550365
25.150003 13.550365
25.150003 13.550366
25.150003 13.550366
25.150003 13.550366
25.150003 13.550366
25.150003 13.550366
25.150003 13.550366
25.150003 13.550366
25.150003 13.550366
25.150003 13.550366
25.150003 13.550366
25.150003 13.550366
25.150003 13.550366
25.150003 13.550366
25.150003 13.550366
25.150003 13.550366
25.150003 13.550366
25.150003 13.550366
25.150003 13.550366
25.150003 13.550366
25.150003 13.550366
25.150003 13.550366
25.150003 13.550366
25.150003 13.550366
25.150003 13.550366
25.150003 13.550366
25.150003 13.550366
25.150003 13.550366
25.150003 13.550366
25.150003 13.550366
25.150003 13.550366
25.150003 13.550366
25.150003 13.550366
25.150003 13.550366
25.150003 13.550366
25.150003 13.550366
25.150003 13.550366
25.150003 13.550366
25.150003 13.550366
25.150003 13.550366
25.150003 13.550366
25.150005 13.550366
25.150005 13.550366
25.150005 13.550366
25.150005 13.550366
25.150005 13.550366
25.150005 13.550366
25.150005 13.550366
25.150005 13.550366
25.150005 13.550366
25.150005 13.550366
25.150005 13.550366
25.150005 13.550366
25.150005 13.550366
25.150005 13.550366
25.150005 13.550366
25.150005 13.550366
25.150005 13.550366
25.150005 13.550366
25.150005 13.550366
25.150005 13.550366
25.150005 13.550366
25.150005 13.550366
25.150005 13.550366
25.150005 13.550366
25.150005 13.550366
25.150005 13.550366
25.150005 13.550366
25.150005 13.550366
25.138817 13.551277
25.127548 13.552290
25.114908 13.550917
25.096291 13.546553
25.071928 13.543354
25.051651 13.541393
25.028149 13.538676
25.010061 13.536592
24.982508 13.533922
24.960186 13.531720
24.937441 13.529477
24.914013 13.527132
24.889666 13.524821
24.865822 13.522561
24.841955 13.520057
24.820343 13.517959
24.795208 13.515405
24.772894 13.512688
24.749695 13.509840
24.726711 13.506990
24.703711 13.504090
24.681110 13.501203
24.657780 13.498199
24.640175 13.495881
24.611387 13.492038
24.589722 13.489112
24.566139 13.485858
24.546709 13.483197
24.517384 13.479136
24.495771 13.476130
24.472122 13.472866
24.449505 13.469631
24.425135 13.466108
24.402964 13.462980
24.378628 13.459555
24.354158 13.456146
24.332071 13.453053
24.310707 13.450050
24.286428 13.446610
24.262608 13.443210
24.239388 13.439975
24.218287 13.437016
24.195007 13.433677
24.171051 13.430221
24.148666 13.427034
24.125999 13.423758
24.100689 13.420078
24.077642 13.416617
24.055885 13.413378
24.031298 13.409656
24.008314 13.406219
23.983702 13.402606
23.961475 13.399289
23.939541 13.396101
23.913942 13.392361
23.892496 13.389311
23.870070 13.386258
23.846764 13.383114
23.822353 13.379855
23.803432 13.377337
23.777390 13.373878
23.754644 13.370842
23.729780 13.367451
23.706722 13.364308
23.684996 13.360952
23.661278 13.357409
23.637901 13.354123
23.618589 13.351365
23.591143 13.347378
23.567564 13.344078
23.545702 13.340919
23.521458 13.337543
23.498766 13.334421
23.475706 13.331404
23.454655 13.328660
23.427042 13.325214
23.402981 13.322244
23.381912 13.319768
23.356770 13.316914
23.334621 13.314490
23.311420 13.312034
23.286713 13.309448
23.264050 13.307051
23.242567 13.304844
23.221832 13.302651
23.195700 13.299829
23.171358 13.297277
23.153492 13.295500
23.125710 13.292542
23.103052 13.290078
23.077326 13.287296
23.055893 13.284961
23.032589 13.282452
23.006760 13.279784
22.984921 13.277538
22.963705 13.275391
22.936243 13.272718
22.914083 13.270700
22.891056 13.268648
22.867043 13.266616
22.841766 13.264541
22.820459 13.262854
22.795563 13.260901
22.773569 13.259171
22.748173 13.257191
22.725557 13.255338
22.701670 13.253414
22.678551 13.251693
22.656775 13.250022
22.631466 13.247980
22.609808 13.246264
22.584461 13.244310
22.561890 13.242462
22.542767 13.241052
22.516533 13.239036
22.490725 13.237172
22.468681 13.235668
22.444809 13.234035
22.422600 13.232592
22.399155 13.231118
22.374533 13.229633
22.351786 13.228336
22.332081 13.227242
22.308399 13.225981
22.280054 13.224521
22.257214 13.223374
22.233257 13.222185
22.211840 13.221084
22.187815 13.219768
22.162880 13.218514
22.140703 13.217316
22.115442 13.215957
22.094219 13.214804
22.068830 13.213351
22.045071 13.212056
22.023342 13.210840
21.997522 13.209437
21.974461 13.208221
21.952770 13.207135
21.927229 13.205905
21.904781 13.204909
21.879259 13.203860
21.861008 13.203163
21.833704 13.202168
21.809374 13.201344
21.784540 13.200535
21.761595 13.199939
21.738598 13.199335
21.713806 13.199369
21.692125 13.198672
21.665815 13.198542
21.644201 13.198054
21.625725 13.197711
21.598143 13.198115
21.574295 13.198977
21.551371 13.200492
21.527412 13.202525
21.503603 13.205044
21.479671 13.207390
21.461361 13.209411
21.432665 13.212661
21.411304 13.215103
21.387426 13.217912
21.363676 13.220745
21.338539 13.223864
21.320673 13.226077
21.294279 13.229321
21.269291 13.232539
21.246729 13.235405
21.225674 13.238144
21.199968 13.241527
21.174238 13.244846
21.153379 13.247410
21.128843 13.250515
21.103878 13.253446
21.086502 13.255657
21.059994 13.259316
21.037716 13.262338
21.015425 13.265415
20.990393 13.268845
20.968248 13.271876
20.947195 13.274779
20.923973 13.277919
20.899578 13.281208
20.875544 13.283982
20.853863 13.286695
20.831202 13.289601
20.807348 13.292686
20.784492 13.295561
20.760942 13.298541
20.741400 13.300948
20.713432 13.304325
20.690001 13.307182
20.666838 13.309981
20.642788 13.312929
20.619942 13.315795
20.597519 13.318583
20.579859 13.320719
20.551445 13.324119
20.528423 13.326814
20.504511 13.329660
20.480396 13.332525
20.457506 13.335143
20.435425 13.337692
20.411503 13.340498
20.388916 13.343290
20.366047 13.346132
20.343105 13.349013
20.319456 13.352042
20.296013 13.355109
20.272287 13.358215
20.249378 13.361176
20.225748 13.364332
20.202250 13.367458
20.177788 13.370646
20.154068 13.373652
20.131680 13.376469
20.109644 13.379178
20.084234 13.382301
20.062754 13.384942
20.040203 13.387674
20.016716 13.390506
19.993006 13.393460
19.968725 13.396461
19.952131 13.398520
19.923832 13.402046
19.902395 13.404645
19.878815 13.407612
19.855101 13.410661
19.832518 13.413595
19.808489 13.416756
19.784145 13.419963
19.761763 13.422920
19.739779 13.425801
19.717867 13.428674
19.696051 13.431495
19.673698 13.434415
19.648853 13.437564
19.627281 13.440389
19.604719 13.443342
19.580078 13.446546
19.557039 13.449541
19.535133 13.452412
19.515799 13.454967
19.488501 13.458609
19.464645 13.461839
19.443295 13.464788
19.419989 13.468081
19.396202 13.471476
19.372889 13.474844
19.355959 13.477372
19.327787 13.481600
19.304447 13.485153
19.280409 13.488840
19.257202 13.492443
19.231642 13.496389
19.209196 13.499819
19.187525 13.503115
19.162170 13.506959
19.140614 13.510178
19.115946 13.513811
19.093130 13.517132
19.070339 13.520422
19.047142 13.523767
19.025436 13.526828
19.003269 13.529933
18.979750 13.533155
18.960217 13.535872
18.937012 13.539086
18.909643 13.542808
18.887897 13.545783
18.864435 13.548969
18.840475 13.552284
18.817774 13.555326
18.794447 13.558504
18.775335 13.561030
18.748402 13.564550
18.724443 13.567591
18.700214 13.570621
18.677713 13.573328
18.654512 13.576054
18.631441 13.578707
18.606937 13.581363
18.583345 13.583934
18.561016 13.586236
18.536917 13.588824
18.514971 13.590991
18.490477 13.593348
18.469198 13.595464
18.444469 13.597845
18.420944 13.600108
18.399427 13.602208
18.374809 13.604626
18.351463 13.606814
18.326595 13.609183
18.304459 13.611246
18.280951 13.613439
18.255697 13.615687
18.231407 13.617821
18.209337 13.619690
18.184055 13.621812
18.161230 13.623559
18.138443 13.625239
18.115686 13.626867
18.092014 13.628453
18.071659 13.629797
18.044569 13.631505
18.019924 13.632988
17.997118 13.634394
17.974630 13.635808
17.950268 13.637355
17.926390 13.638878
17.904631 13.640180
17.881281 13.641647
17.857403 13.643162
17.838238 13.644329
17.810261 13.646040
17.786808 13.647487
17.761370 13.649034
17.739571 13.650326
17.718674 13.651486
17.689516 13.653043
17.666798 13.654175
17.643167 13.655282
17.620274 13.656288
17.596478 13.657287
17.571211 13.658260
17.548063 13.659156
17.524485 13.660001
17.502768 13.660799
17.478828 13.661685
17.454582 13.662462
17.432337 13.663295
17.406353 13.664281
17.382639 13.665203
17.359047 13.666196
17.335297 13.667174
17.311733 13.668175
17.288794 13.669164
17.269653 13.669926
17.241962 13.671051
17.218788 13.671935
17.198957 13.672687
17.171753 13.673618
17.148167 13.674339
17.123325 13.675017
17.101145 13.675617
17.077045 13.676210
17.051603 13.676836
17.027576 13.677382
17.004242 13.677940
16.981384 13.678507
16.957827 13.679092
16.935051 13.679570
16.915804 13.680075
16.886703 13.680767
16.863804 13.681398
16.841181 13.682031
16.818586 13.682671
16.797585 13.683282
16.774214 13.683968
16.745707 13.684822
16.726349 13.685343
16.698244 13.686092
16.674921 13.686590
16.657984 13.686901
16.629765 13.687387
16.604082 13.687746
16.581619 13.687993
16.556833 13.688238
16.533018 13.688497
16.515284 13.688671
16.486988 13.688902
16.463892 13.689091
16.439798 13.689316
16.416887 13.689563
16.392450 13.689822
16.369337 13.690122
16.346498 13.690462
16.322704 13.690845
16.299797 13.691200
16.273443 13.691670
16.251719 13.692014
16.228165 13.692393
16.203360 13.692739
16.185671 13.692980
16.157852 13.693264
16.134466 13.693419
16.108561 13.693558
16.084986 13.693645
16.062578 13.693714
16.039249 13.693759
16.016108 13.693752
15.991720 13.693782
15.969459 13.693818
15.945545 13.693829
15.921759 13.693912
15.898092 13.694019
15.872828 13.694181
15.848813 13.694350
15.825834 13.694607
15.802092 13.694920
15.778805 13.695175
15.756902 13.695468
15.732648 13.695713
15.713813 13.695868
15.686694 13.696184
15.661880 13.696327
15.636892 13.696446
15.614656 13.696458
15.589634 13.696495
15.566245 13.696448
15.548044 13.696393
15.521079 13.696329
15.496430 13.696238
15.473188 13.696174
15.448069 13.696086
15.429632 13.696056
15.400798 13.696057
15.378122 13.696092
15.353109 13.696249
15.329479 13.696373
15.306058 13.696565
15.284267 13.696753
15.260644 13.696940
15.236741 13.697145
15.213115 13.697300
15.188069 13.697471
15.165650 13.697556
15.142754 13.697600
15.116520 13.697619
15.095036 13.697597
15.070465 13.697536
15.048719 13.697406
15.022220 13.697240
14.999289 13.697126
14.976549 13.697005
14.953362 13.696924
14.927555 13.696877
14.908875 13.696850
14.882219 13.696925
14.856698 13.696971
14.833503 13.697112
14.809354 13.697244
14.791836 13.697388
14.763477 13.697605
14.738962 13.697771
14.714890 13.697922
14.691047 13.697997
14.667469 13.698108
14.643878 13.698112
14.621650 13.698090
14.597511 13.698039
14.573160 13.697941
14.552341 13.697842
14.530554 13.697697
14.503115 13.697539
14.480880 13.697417
14.456979 13.697259
14.432139 13.697157
14.407712 13.697085
14.385254 13.697066
14.360360 13.697138
14.338816 13.697191
14.314148 13.697359
14.290804 13.697479
14.267381 13.697650
14.242027 13.697783
14.220748 13.697901
14.196451 13.698030
14.173596 13.698068
14.147343 13.698120
14.126288 13.698073
14.102817 13.697992
14.078194 13.697880
14.053984 13.697711
14.031666 13.697591
14.008313 13.697398
13.982823 13.697227
13.960167 13.697093
13.941263 13.697000
13.913858 13.696946
13.888612 13.696918
13.870254 13.696906
13.842964 13.697021
13.818244 13.697090
13.797251 13.697253
13.773035 13.697380
13.754210 13.697508
13.724996 13.697689
13.701623 13.697770
13.678932 13.697894
13.654551 13.697910
13.630992 13.697912
13.605878 13.697798
13.582308 13.697706
13.560384 13.697596
13.537107 13.697415
13.511475 13.697266
13.488146 13.697113
13.464546 13.696943
13.441887 13.696861
13.417613 13.696737
13.395931 13.696733
13.371882 13.696712
13.348893 13.696769
13.323784 13.696879
13.301647 13.696998
13.277878 13.697165
13.254731 13.697330
13.229123 13.697520
13.205929 13.697638
13.181312 13.697680
13.159968 13.697765
13.134884 13.697738
13.115232 13.697712
13.086797 13.697643
13.062869 13.697514
13.041558 13.697396
13.015792 13.697181
12.993073 13.697059
12.969914 13.696872
12.945510 13.696737
12.923331 13.696670
12.899992 13.696609
12.878756 13.696595
12.850734 13.696675
12.828914 13.696740
12.803483 13.696871
12.781087 13.696996
12.757513 13.697182
12.734344 13.697315
12.710979 13.697468
12.685688 13.697600
12.662819 13.697677
12.639880 13.697725
12.614838 13.697669
12.591170 13.697615
12.569850 13.697515
12.545692 13.697348
12.522209 13.697224
12.496812 13.697041
12.474562 13.696915
12.451591 13.696799
12.426968 13.696685
12.401434 13.696655
12.378979 13.696635
12.359844 13.696665
12.332877 13.696776
12.308753 13.696917
12.285605 13.697075
12.261491 13.697258
12.236653 13.697453
12.213533 13.697593
12.191113 13.697728
12.167696 13.697823
12.141648 13.697885
12.118490 13.697883
12.093866 13.697845
12.072131 13.697773
12.049224 13.697656
12.024910 13.697506
12.001315 13.697369
11.977433 13.697186
11.954544 13.697091
11.929935 13.696956
11.907249 13.696887
11.883370 13.696874
11.857603 13.696926
11.833982 13.697047
11.812485 13.697153
11.787708 13.697315
11.765784 13.697461
11.739660 13.697639
11.718541 13.697785
11.695322 13.697908
11.672047 13.698017
11.646189 13.698082
11.628265 13.698073
11.601151 13.698055
11.575878 13.697939
11.553840 13.697860
11.527732 13.697656
11.506433 13.697500
11.481585 13.697347
11.458652 13.697205
11.433327 13.697126
11.411090 13.697031
11.386483 13.697002
11.361861 13.696993
11.340330 13.697043
11.315473 13.697157
11.292962 13.697282
11.269738 13.697449
11.244383 13.697635
11.220497 13.697786
11.197327 13.697932
11.173232 13.697983
11.151423 13.698102
11.126670 13.698082
11.103444 13.698065
11.080215 13.697977
11.055915 13.697847
11.031075 13.697723
11.007189 13.697543
10.984967 13.697410
10.960351 13.697230
10.938094 13.697119
10.913328 13.697023
10.890624 13.696991
10.865969 13.697012
10.841940 13.697061
10.820732 13.697121
10.796919 13.697291
10.771182 13.697433
10.748544 13.697642
10.723806 13.697787
10.700439 13.697951
10.676840 13.698079
10.652767 13.698175
10.629888 13.698230
10.606502 13.698196
10.584308 13.698137
10.560693 13.698048
10.535449 13.697874
10.511399 13.697731
10.489120 13.697582
10.463826 13.697425
10.441305 13.697281
10.417700 13.697169
10.395631 13.697129
10.369555 13.697054
10.345614 13.697107
10.324024 13.697148
10.299798 13.697250
10.274244 13.697405
10.251615 13.697537
10.229390 13.697695
10.204613 13.697840
10.181251 13.697960
10.157955 13.698007
10.133428 13.698004
10.110285 13.697999
10.090503 13.697934
10.062652 13.697802
10.039832 13.697653
10.017648 13.697469
9.992136 13.697301
9.969277 13.697101
9.949225 13.696948
9.920713 13.696795
9.898070 13.696706
9.875121 13.696679
9.852025 13.696680
9.826244 13.696757
9.804758 13.696828
9.780441 13.696947
9.756834 13.697108
9.732278 13.697228
9.708195 13.697384
9.684336 13.697471
9.662621 13.697551
9.638053 13.697572
9.615830 13.697547
9.592418 13.697501
9.571069 13.697385
9.543271 13.697230
9.521710 13.697070
9.500645 13.696891
9.471747 13.696641
9.449225 13.696488
9.424131 13.696376
9.402632 13.696262
9.377605 13.696193
9.355382 13.696203
9.330586 13.696212
9.306319 13.696313
9.283412 13.696414
9.258848 13.696578
9.234987 13.696749
9.213524 13.696872
9.188037 13.697034
9.166317 13.697137
9.141304 13.697205
9.119318 13.697197
9.093553 13.697141
9.071586 13.697050
9.047955 13.696907
9.024999 13.696776
8.999978 13.696599
8.976405 13.696402
8.953712 13.696258
8.928947 13.696076
8.906508 13.696012
8.883348 13.695929
8.858937 13.695912
8.834496 13.695961
8.811772 13.696026
8.786218 13.696198
8.762318 13.696322
8.739164 13.696515
8.717634 13.696640
8.696801 13.696768
8.667673 13.696908
8.646613 13.696966
8.621311 13.697065
8.598098 13.697034
8.573516 13.696966
8.549574 13.696841
8.527064 13.696702
8.504254 13.696590
8.483157 13.696437
8.456826 13.696249
8.433414 13.696115
8.409503 13.696028
8.385880 13.696017
8.362262 13.695994
8.336302 13.696069
8.313164 13.696103
8.291394 13.696207
8.270583 13.696405
8.242927 13.696573
8.218093 13.696815
8.196397 13.696935
8.172888 13.697077
8.148842 13.697195
8.124789 13.697210
8.100681 13.697234
8.077349 13.697175
8.053967 13.697117
8.031057 13.696994
8.006503 13.696844
7.982843 13.696728
7.958485 13.696548
7.935668 13.696473
7.911971 13.696361
7.890428 13.696300
7.864615 13.696307
7.839977 13.696364
7.818697 13.696475
7.794845 13.696592
7.774299 13.696713
7.747834 13.696965
7.723967 13.697141
7.698431 13.697330
7.679753 13.697480
7.652570 13.697615
7.629358 13.697696
7.606493 13.697712
7.586422 13.697714
7.561891 13.697663
7.535711 13.697560
7.510663 13.697428
7.491556 13.697316
7.464173 13.697136
7.440752 13.696988
7.416416 13.696871
7.391371 13.696809
7.369144 13.696772
7.346207 13.696850
7.322629 13.696887
7.298499 13.697026
7.274886 13.697150
7.250762 13.697332
7.226167 13.697522
7.202607 13.697694
7.185874 13.697788
7.157823 13.697983
7.131976 13.698095
7.109959 13.698098
7.090421 13.698086
7.063487 13.698015
7.039896 13.697893
7.014619 13.697767
6.992143 13.697624
6.969424 13.697463
6.944790 13.697335
6.921341 13.697194
6.897653 13.697121
6.874686 13.697046
6.848878 13.697023
6.825418 13.697080
6.802400 13.697152
6.778235 13.697343
6.755483 13.697476
6.732260 13.697635
6.713071 13.697779
6.684667 13.697943
6.659944 13.698086
6.637679 13.698153
6.612337 13.698234
6.588467 13.698213
6.566343 13.698143
6.541798 13.698051
6.518658 13.697911
6.496213 13.697791
6.472588 13.697611
6.451793 13.697477
6.425535 13.697328
6.399330 13.697179
6.378101 13.697124
6.352628 13.697134
6.330651 13.697147
6.304900 13.697249
6.282462 13.697351
6.258420 13.697517
6.234558 13.697663
6.211658 13.697849
6.189041 13.697990
6.165194 13.698093
6.142547 13.698230
6.118289 13.698273
6.094434 13.698271
6.070420 13.698191
6.046111 13.698077
6.024829 13.697979
6.000723 13.697795
5.976871 13.697625
5.950870 13.697456
5.928620 13.697260
5.905908 13.697146
5.884608 13.697052
5.857635 13.696843
5.835388 13.696688
5.810624 13.696623
5.785446 13.696487
5.761875 13.696429
5.740272 13.696329
5.716157 13.696213
5.696388 13.696131
5.670388 13.695910
5.645231 13.695437
5.623806 13.694893
5.602125 13.694257
5.576118 13.693283
5.552090 13.692103
5.526323 13.690464
5.504359 13.689200
5.482508 13.688301
5.459796 13.687631
5.437183 13.687199
5.416018 13.685114
5.397613 13.683396
5.381029 13.681745
5.358546 13.679466
5.338313 13.676476
5.320164 13.674252
5.305814 13.672780
5.286127 13.670496
5.271017 13.668972
5.254038 13.666745
5.238924 13.663527
5.223801 13.660522
5.208051 13.657459
5.188327 13.652755
5.167567 13.647638
5.147811 13.642690
5.126514 13.636849
5.105277 13.630665
5.081249 13.623358
5.061574 13.617622
5.037741 13.609933
5.020342 13.604096
4.995503 13.595393
4.971308 13.587250
4.948991 13.579128
4.928029 13.572078
4.905079 13.563660
4.881923 13.555086
4.860768 13.546860
4.843567 13.539672
4.818890 13.528935
4.798346 13.519537
4.779876 13.510790
4.759969 13.500796
4.742023 13.491543
4.723547 13.481160
4.703749 13.469613
4.685584 13.458632
4.668506 13.448077
4.650069 13.436632
4.633702 13.426344
4.614067 13.413604
4.596207 13.401580
4.579598 13.389603
4.562404 13.377074
4.546751 13.365158
4.529611 13.351708
4.515706 13.340542
4.499967 13.327500
4.484489 13.314105
4.471358 13.302342
4.457245 13.289456
4.442266 13.275120
4.429781 13.263009
4.416369 13.249618
4.403344 13.236121
4.389521 13.221549
4.377110 13.208005
4.364190 13.193659
4.351849 13.179420
4.343709 13.170046
4.328673 13.152151
4.318265 13.139610
4.306901 13.125484
4.295343 13.110911
4.284549 13.096786
4.275256 13.084220
4.264689 13.069662
4.255469 13.056722
4.245829 13.042656
4.236948 13.028841
4.227930 13.014770
4.219386 13.001070
4.211191 12.987288
4.202976 12.973427
4.194788 12.959004
4.186924 12.944376
4.180243 12.931713
4.172185 12.916450
4.165772 12.903991
4.158493 12.889811
4.151478 12.876465
4.144975 12.862611
4.138427 12.848741
4.132108 12.835773
4.125300 12.821464
4.120369 12.810700
4.112566 12.793880
4.106865 12.781186
4.100537 12.766898
4.094774 12.753968
4.089420 12.741620
4.084107 12.728930
4.078174 12.714355
4.072673 12.700584
4.067312 12.686833
4.062121 12.672736
4.057311 12.660028
4.051834 12.645427
4.046968 12.632406
4.042083 12.619068
4.037272 12.605579
4.032571 12.591878
4.028800 12.581116
4.023108 12.564900
4.018342 12.551406
4.013644 12.538030
4.008445 12.522952
4.004106 12.510098
3.999548 12.496291
3.994879 12.482225
3.990050 12.467881
3.985422 12.453810
3.980880 12.440241
3.976579 12.427354
3.971958 12.413465
3.967091 12.399093
3.962632 12.386083
3.958258 12.373462
3.953076 12.358597
3.948796 12.345926
3.944133 12.331931
3.939585 12.318747
3.934727 12.304739
3.930123 12.291779
3.925181 12.277866
3.920631 12.264998
3.915778 12.251312
3.910695 12.236867
3.906361 12.224377
3.901330 12.209559
3.896993 12.196725
3.892581 12.183514
3.887578 12.168724
3.884064 12.158540
3.878179 12.141349
3.873774 12.128494
3.868503 12.113442
3.863719 12.099858
3.859010 12.086078
3.854733 12.073719
3.849870 12.059656
3.845008 12.045188
3.840623 12.032403
3.835345 12.017138
3.831133 12.004877
3.825937 11.989861
3.821363 11.976831
3.816505 11.962952
3.812118 11.950397
3.806751 11.935038
3.802555 11.923068
3.797758 11.909373
3.792933 11.895633
3.788101 11.881815
3.783299 11.867897
3.778352 11.853786
3.773841 11.841125
3.768864 11.827107
3.764241 11.814164
3.759146 11.799874
3.754197 11.786143
3.749072 11.771820
3.744142 11.757995
3.739549 11.745154
3.734557 11.731389
3.729608 11.717580
3.724654 11.703827
3.719852 11.690587
3.714598 11.676178
3.709649 11.662611
3.704530 11.649111
3.699729 11.635937
3.694706 11.621984
3.689637 11.607712
3.684609 11.593793
3.679287 11.579208
3.674286 11.565415
3.669347 11.551863
3.664483 11.538529
3.659863 11.525809
3.654589 11.511280
3.650362 11.499677
3.644574 11.483911
3.640251 11.472027
3.634528 11.456478
3.629210 11.442080
3.624489 11.429331
3.619943 11.417199
3.614875 11.403800
3.610452 11.392150
3.606467 11.381722
3.600621 11.366722
3.595209 11.352722
3.590284 11.340053
3.585657 11.328170
3.579561 11.312537
3.573921 11.297956
3.568590 11.284231
3.564465 11.273520
3.558097 11.256890
3.552905 11.243387
3.548081 11.230801
3.542376 11.215700
3.537264 11.202147
3.532255 11.188794
3.526930 11.174464
3.522035 11.161177
3.517000 11.147532
3.511751 11.133058
3.507057 11.120223
3.501746 11.105571
3.496676 11.091438
3.492066 11.078861
3.486987 11.064867
3.482135 11.051185
3.477292 11.037660
3.472485 11.024055
3.467328 11.009583
3.462612 10.996074
3.458346 10.983685
3.453305 10.969392
3.448605 10.955907
3.444236 10.943309
3.439608 10.929746
3.434834 10.915654
3.430355 10.902633
3.426253 10.890253
3.421459 10.876011
3.417150 10.862829
3.412880 10.849484
3.408765 10.836336
3.404658 10.823369
3.400560 10.809965
3.397216 10.798820
3.392901 10.784006
3.388826 10.770258
3.385637 10.759060
3.381301 10.743546
3.377458 10.729466
3.374034 10.716778
3.370474 10.703402
3.366822 10.689191
3.364302 10.679518
3.360117 10.662722
3.356637 10.649228
3.353249 10.635666
3.350118 10.622831
3.347020 10.610026
3.343758 10.596463
3.340594 10.582753
3.337612 10.569835
3.334656 10.556774
3.331627 10.543190
3.328597 10.529748
3.325717 10.516921
3.323110 10.504209
3.320259 10.491006
3.317590 10.478798
3.315162 10.465448
3.312676 10.451859
3.310236 10.438770
3.308025 10.425772
3.305856 10.413579
3.303654 10.400590
3.301887 10.388670
3.299994 10.375818
3.298315 10.362885
3.296490 10.349427
3.294809 10.337048
3.293460 10.324748
3.292334 10.312901
3.291336 10.299174
3.290569 10.287650
3.289874 10.274978
3.288926 10.262240
3.288323 10.250418
3.287514 10.236740
3.286600 10.225388
3.285559 10.211597
3.284645 10.199473
3.283653 10.187280
3.282668 10.173660
3.281725 10.161930
3.280730 10.148644
3.279885 10.136584
3.279109 10.124025
3.278347 10.110927
3.277729 10.098848
3.276973 10.085337
3.276312 10.072687
3.275598 10.060424
3.274935 10.048117
3.274337 10.037576
3.273586 10.023217
3.273054 10.010272
3.272512 9.997925
3.272072 9.985857
3.271642 9.973814
3.271270 9.961514
3.270820 9.948752
3.270420 9.936378
3.270044 9.924457
3.269668 9.912862
3.269288 9.900184
3.268924 9.887475
3.268563 9.875281
3.268197 9.863425
3.267862 9.850733
3.267541 9.839038
3.267202 9.826396
3.266870 9.814436
3.266564 9.802434
3.266186 9.790134
3.265886 9.778066
3.265543 9.765075
3.265228 9.752451
3.264919 9.740977
3.264568 9.727794
3.264243 9.715426
3.263978 9.703896
3.263637 9.691495
3.263305 9.678540
3.262994 9.666082
3.262723 9.654492
3.262402 9.641179
3.262158 9.629660
3.261839 9.617265
3.261557 9.603962
3.261326 9.592412
3.261102 9.579932
3.260842 9.567505
3.260604 9.554396
3.260435 9.542704
3.260237 9.529808
3.260039 9.518603
3.259892 9.506353
3.259772 9.493996
3.259647 9.481827
3.259521 9.469870
3.259418 9.456679
3.259356 9.445468
3.259244 9.432487
3.259173 9.421402
3.259111 9.408596
3.259050 9.397026
3.259017 9.384833
3.258994 9.372264
3.258989 9.360065
3.258955 9.348573
3.258918 9.336231
3.258893 9.326449
3.258857 9.311719
3.258818 9.299496
3.258759 9.288570
3.258709 9.276446
3.258625 9.263564
3.258548 9.251402
3.258469 9.238496
3.258384 9.227341
3.258275 9.214461
3.258163 9.202819
3.258039 9.189556
3.257911 9.177402
3.257791 9.165354
3.257661 9.153569
3.257513 9.140301
3.257385 9.128629
3.257255 9.116550
3.257133 9.103673
3.257037 9.092171
3.256912 9.079098
3.256793 9.067093
3.256695 9.054363
3.256618 9.042761
3.256540 9.030673
3.256505 9.018883
3.256464 9.005969
3.256461 8.993957
3.256468 8.982532
3.256483 8.969815
3.256475 8.957878
3.256511 8.946470
3.256551 8.934279
3.256570 8.921401
3.256624 8.908957
3.256685 8.897869
3.256769 8.885357
3.256812 8.876019
3.256941 8.861913
3.257058 8.850145
3.257164 8.837180
3.257263 8.825159
3.257416 8.813602
3.257506 8.801819
3.257747 8.789843
3.257905 8.776887
3.258066 8.764839
3.258250 8.753265
3.258513 8.741845
3.258831 8.729636
3.259438 8.717103
3.259891 8.705483
3.260372 8.692733
3.260579 8.681740
3.260814 8.669695
3.261103 8.657610
3.261347 8.644872
3.261590 8.633000
3.261910 8.620136
3.262193 8.607933
3.262455 8.596571
3.262783 8.584212
3.263108 8.572426
3.263427 8.560358
3.263782 8.547877
3.264143 8.535919
3.264497 8.524487
3.264879 8.512649
3.265281 8.500707
3.265692 8.488876
3.266159 8.475963
3.266581 8.464188
3.267018 8.452910
3.267497 8.440180
3.267945 8.428804
3.268397 8.417099
3.268881 8.404878
3.269315 8.393823
3.269787 8.381604
3.270227 8.369165
3.270539 8.357404
3.270979 8.345555
3.271353 8.334120
3.271794 8.321531
3.272125 8.309793
3.272426 8.300515
3.272864 8.285477
3.273180 8.273659
3.273445 8.262035
3.273725 8.249463
3.273992 8.237853
3.274241 8.224896
3.274402 8.213167
3.274565 8.200897
3.274701 8.189055
3.274779 8.177403
3.274921 8.164620
3.275010 8.152991
3.275093 8.140474
3.275188 8.128047
3.275231 8.115579
3.275299 8.103413
3.275366 8.091522
3.275439 8.079150
3.275491 8.068051
3.275526 8.054873
3.275594 8.043551
3.275657 8.031304
3.275709 8.018370
3.275706 8.006246
3.275803 7.993799
3.275873 7.981898
3.275961 7.970162
3.276083 7.958425
3.276232 7.945717
3.276043 7.933395
3.276350 7.921405
3.276036 7.908495
3.275667 7.896926
3.275331 7.883873
3.274669 7.871822
3.273744 7.860299
3.272283 7.848284
3.269506 7.834292
3.265949 7.821876
3.261368 7.808132
3.256216 7.794672
3.250911 7.779209
3.246547 7.765782
3.242376 7.752494
3.237848 7.739183
3.233175 7.725878
3.228302 7.712095
3.223137 7.697308
3.217952 7.682958
3.213074 7.669488
3.208313 7.656135
3.203208 7.642066
3.198398 7.628708
3.192884 7.613439
3.188196 7.600457
3.183034 7.586120
3.178456 7.573532
3.173385 7.559550
3.168489 7.546137
3.163533 7.532556
3.158079 7.517407
3.153390 7.504331
3.149097 7.491957
3.143974 7.477383
3.139486 7.464522
3.134787 7.450674
3.130399 7.437813
3.125972 7.424077
3.121656 7.410928
3.117531 7.398114
3.113377 7.385149
3.109072 7.371783
3.105005 7.359173
3.101306 7.346152
3.097693 7.334030
3.093647 7.320021
3.090226 7.307728
3.086802 7.294191
3.083979 7.282219
3.081053 7.269373
3.077469 7.255714
3.074475 7.243275
3.071406 7.230285
3.068222 7.216803
3.065393 7.204720
3.062135 7.191697
3.058874 7.178311
3.056059 7.164932
3.052996 7.150941
3.050232 7.137702
3.047732 7.125137
3.045020 7.111799
3.042140 7.097380
3.039901 7.085096
3.037352 7.071617
3.034832 7.057541
3.032681 7.045242
3.030216 7.031661
3.028157 7.018259
3.026157 7.006021
3.024148 6.993386
3.022362 6.980997
3.020385 6.967310
3.018997 6.957613
3.016828 6.941424
3.015191 6.928984
3.013831 6.916605
3.012377 6.903373
3.010968 6.891096
3.009603 6.879270
3.008211 6.865983
3.007154 6.853693
3.006156 6.841001
3.005214 6.828869
3.003998 6.817227
3.003013 6.803677
3.002017 6.791691
3.000911 6.778768
2.999884 6.766983
2.998626 6.753418
2.997485 6.741316
2.996301 6.728402
2.995019 6.715512
2.993574 6.702496
2.992024 6.690564
2.990381 6.676435
2.988877 6.663418
2.987208 6.651231
2.985258 6.637634
2.983361 6.624168
2.981715 6.611748
2.980021 6.598052
2.978637 6.586271
2.976760 6.572402
2.974998 6.559180
2.973116 6.546589
2.971184 6.533407
2.969454 6.521256
2.967603 6.508909
2.965524 6.495303
2.963395 6.481874
2.961356 6.468652
2.959227 6.456351
2.957171 6.444170
2.954973 6.430269
2.952919 6.417538
2.950759 6.404616
2.948592 6.392355
2.946504 6.379666
2.944421 6.366602
2.942392 6.355806
2.938865 6.339241
2.936419 6.327213
2.933712 6.313933
2.930699 6.300029
2.927935 6.287248
2.925053 6.273633
2.922091 6.259560
2.919577 6.248423
2.916083 6.233064
2.913245 6.219906
2.910249 6.206045
2.907328 6.192571
2.904463 6.179474
2.901507 6.165922
2.898589 6.152516
2.895538 6.138616
2.892851 6.126369
2.889728 6.112230
2.886713 6.098705
2.883718 6.085292
2.880843 6.072856
2.877646 6.058633
2.874905 6.046188
2.871772 6.032210
2.868739 6.018939
2.865631 6.004920
2.862878 5.992349
2.860262 5.980069
2.857289 5.965742
2.854752 5.953493
2.852098 5.940461
2.849604 5.927800
2.847142 5.913843
2.844999 5.901482
2.842501 5.888111
2.840059 5.875084
2.837805 5.862875
2.835292 5.849482
2.833326 5.838869
2.830320 5.822770
2.828166 5.810873
2.825658 5.797212
2.823329 5.784464
2.821225 5.771593
2.818842 5.757668
2.816712 5.745484
2.814273 5.731620
2.811998 5.718541
2.809695 5.704982
2.807773 5.693489
2.805423 5.678977
2.803551 5.666987
2.801528 5.654264
2.799544 5.641320
2.797360 5.627713
2.795492 5.615282
2.793740 5.602377
2.791790 5.588509
2.790124 5.575850
2.788470 5.563577
2.786790 5.550520
2.785040 5.537103
2.783814 5.527278
2.782029 5.511852
2.780664 5.499818
2.779373 5.488916
2.777702 5.473487
2.776503 5.461743
2.775008 5.448036
2.773818 5.435823
2.772809 5.423820
2.771678 5.411218
2.770591 5.398829
2.769712 5.385575
2.768762 5.373156
2.767904 5.360544
2.766825 5.347777
2.765965 5.335641
2.765144 5.323962
2.764413 5.311717
2.763663 5.299222
2.763231 5.286371
2.763026 5.273300
2.762264 5.261739
2.762007 5.249158
2.762052 5.237085
2.761460 5.224992
2.761055 5.211489
2.761058 5.199750
2.760885 5.190144
2.760693 5.175498
2.760378 5.165678
2.759991 5.150229
2.759631 5.137372
2.759387 5.125137
2.759327 5.113197
2.759219 5.100988
2.759215 5.088721
2.759345 5.076705
2.759831 5.064736
2.760240 5.052436
2.760837 5.040110
2.761493 5.029113
2.762145 5.016640
2.762754 5.005189
2.763601 4.993465
2.764551 4.981796
2.765477 4.970436
2.766694 4.957268
2.767721 4.946998
2.768594 4.937498
2.770174 4.923416
2.771829 4.911854
2.773061 4.899514
2.774117 4.889412
2.775648 4.876938
2.776879 4.865978
2.778025 4.855040
2.779484 4.843559
2.780779 4.831884
2.782248 4.820411
2.783375 4.810587
2.784800 4.797801
2.785999 4.786463
2.787350 4.775230
2.788659 4.763697
2.790047 4.751614
2.791260 4.740761
2.792592 4.729165
2.794004 4.718043
2.795567 4.706610
2.796958 4.694874
2.798527 4.682915
2.800104 4.671461
2.801584 4.661021
2.802985 4.650100
2.804651 4.638285
2.806734 4.626728
2.808783 4.616118
2.810713 4.604939
2.812323 4.594543
2.814523 4.583112
2.816754 4.572046
2.818906 4.560060
2.820659 4.550071
2.822752 4.538656
2.824979 4.528012
2.827194 4.517334
2.829679 4.505433
2.831784 4.494659
2.833939 4.484344
2.836417 4.473538
2.838757 4.462431
2.840553 4.453979
2.843102 4.442428
2.845479 4.431640
2.848334 4.418965
2.850668 4.408312
2.853049 4.397338
2.855420 4.386784
2.857937 4.375696
2.860456 4.365281
2.863078 4.354653
2.865527 4.343638
2.868320 4.332604
2.871205 4.321352
2.873414 4.311534
2.876161 4.300799
2.879154 4.289082
2.881758 4.279007
2.883669 4.271228
2.887118 4.258023
2.889749 4.248116
2.892628 4.237533
2.895432 4.227395
2.898189 4.217370
2.901074 4.206789
2.903997 4.195901
2.906708 4.185932
2.908978 4.177628
2.912790 4.165306
2.915936 4.155947
2.919145 4.145664
2.922569 4.135082
2.925435 4.126029
2.928705 4.115790
2.931927 4.105699
2.935523 4.094962
2.938912 4.085163
2.942335 4.075610
2.946242 4.064881
2.949337 4.056039
2.953343 4.044890
2.956647 4.035740
2.960743 4.025061
2.964394 4.015411
2.968142 4.005075
2.971590 3.996169
2.975527 3.986006
2.979549 3.976038
2.983338 3.966268
2.987161 3.956343
2.991163 3.946605
2.994947 3.936661
2.998667 3.927440
3.002509 3.917878
3.006452 3.908005
3.010350 3.898346
3.014070 3.889175
3.018180 3.879343
3.022207 3.869614
3.026158 3.860104
3.030613 3.849623
3.034180 3.840995
3.038405 3.831505
3.042938 3.821322
3.046851 3.812700
3.050888 3.803712
3.055156 3.794213
3.059029 3.785548
3.063285 3.775923
3.067288 3.767409
3.071855 3.757631
3.076157 3.748485
3.080369 3.739812
3.085011 3.730120
3.089563 3.721169
3.093064 3.714294
3.098771 3.702879
3.103033 3.694918
3.107645 3.686084
3.112755 3.676923
3.117797 3.667857
3.122610 3.659206
3.127369 3.650527
3.132100 3.642319
3.136323 3.635078
3.142241 3.625219
3.147109 3.616815
3.152372 3.608087
3.157462 3.599621
3.162497 3.591347
3.167658 3.582989
3.172704 3.574696
3.178030 3.566181
3.183087 3.558116
3.188367 3.549714
3.193394 3.541565
3.198550 3.533981
3.204436 3.524842
3.209386 3.517246
3.214580 3.509083
3.219574 3.500873
3.224630 3.493101
3.230431 3.484287
3.234108 3.478499
3.240939 3.468483
3.246458 3.460368
3.251706 3.452736
3.257657 3.444180
3.261869 3.438189
3.268422 3.429100
3.273333 3.422220
3.279657 3.413666
3.285553 3.405809
3.291169 3.398494
3.296920 3.391138
3.302684 3.383857
3.308470 3.376529
3.314035 3.369558
3.320252 3.362082
3.326072 3.354943
3.332404 3.347331
3.337795 3.340982
3.343734 3.334022
3.350234 3.326699
3.355943 3.320376
3.362788 3.313121
3.369147 3.306615
3.375543 3.300205
3.382012 3.293722
3.388696 3.287102
3.394911 3.281222
3.401582 3.274724
3.408732 3.268420
3.415345 3.262460
3.421955 3.256684
3.428360 3.250892
3.435182 3.245824
3.443110 3.239967
3.449544 3.234474
3.457071 3.228917
3.463394 3.224669
3.470972 3.219426
3.477894 3.214661
3.484807 3.210071
3.492300 3.205183
3.499660 3.200728
3.507227 3.196272
3.514550 3.191909
3.521437 3.187855
3.528729 3.183934
3.536396 3.180160
3.543788 3.176466
3.552080 3.172487
3.558118 3.169779
3.566439 3.165942
3.572600 3.163176
3.581609 3.159101
3.589551 3.155541
3.597202 3.152172
3.605330 3.148863
3.613136 3.145728
3.620794 3.142552
3.628233 3.139483
3.635552 3.136599
3.643714 3.133460
3.650590 3.130681
3.658537 3.128069
3.666184 3.125215
3.674062 3.122002
3.681733 3.119281
3.689518 3.116845
3.697119 3.114283
3.703298 3.112227
3.712665 3.109010
3.720403 3.106407
3.728605 3.103668
3.736769 3.100930
3.744146 3.098466
3.751884 3.095963
3.760295 3.093310
3.767838 3.090958
3.775317 3.088508
3.782721 3.086073
3.790743 3.083535
3.798315 3.081014
3.805431 3.078887
3.813478 3.076480
3.821504 3.074093
3.829573 3.071860
3.837724 3.069503
3.844823 3.067564
3.852368 3.065450
3.860506 3.063204
3.868916 3.060908
3.875994 3.058959
3.883986 3.056709
3.892428 3.054429
3.899842 3.052435
3.908451 3.050004
3.917017 3.047592
3.924496 3.045539
3.932794 3.043015
3.940854 3.040552
3.948743 3.038318
3.956032 3.036337
3.963153 3.034243
3.970544 3.031887
3.977835 3.029572
3.985373 3.026762
3.992638 3.024035
4.000578 3.021412
4.007409 3.019310
4.015836 3.016369
4.023190 3.013734
4.030965 3.011158
4.039208 3.008576
4.047221 3.005949
4.055173 3.003542
4.061124 3.001744
4.069020 2.999254
4.078370 2.996792
4.086806 2.994443
4.094453 2.992475
4.102219 2.990427
4.111094 2.988008
4.118424 2.985904
4.126697 2.983619
4.133190 2.981792
4.142287 2.979167
4.150686 2.977127
4.157898 2.975120
4.166541 2.972833
4.174438 2.971022
4.182500 2.969044
4.190275 2.967228
4.197688 2.965582
4.206132 2.963619
4.213240 2.962086
4.222164 2.960366
4.229195 2.958783
4.238147 2.957222
4.245914 2.955693
4.254004 2.953857
4.259974 2.952637
4.269604 2.950766
4.278152 2.949147
4.286088 2.947580
4.293857 2.946118
4.301154 2.944986
4.309241 2.944123
4.316982 2.942968
4.324790 2.942116
4.333086 2.941114
4.338485 2.940379
4.347898 2.939328
4.356521 2.938645
4.364915 2.938053
4.373280 2.937634
4.380539 2.937055
4.388354 2.936537
4.396472 2.936555
4.404962 2.935982
4.412904 2.936123
4.420858 2.936365
4.428240 2.936659
4.437667 2.936325
4.445777 2.935903
4.453879 2.935288
4.461984 2.934796
4.470721 2.934136
4.478640 2.933836
4.487491 2.933364
4.494211 2.932950
4.503949 2.932376
4.511309 2.931928
4.518980 2.931647
4.527523 2.931165
4.535315 2.930753
4.543727 2.930299
4.551997 2.929869
4.559918 2.929425
4.568252 2.929025
4.575421 2.928743
4.583634 2.928356
4.591472 2.928067
4.599969 2.927731
4.606164 2.927450
4.616540 2.927090
4.625154 2.926729
4.633000 2.926474
4.641616 2.926162
4.649574 2.926062
4.657513 2.925795
4.665018 2.925625
4.673422 2.925375
4.681153 2.925182
4.689121 2.924949
4.696906 2.924777
4.705348 2.924556
4.711653 2.924404
4.721891 2.924170
4.729502 2.924016
4.738356 2.923863
4.746152 2.923722
4.753605 2.923600
4.762444 2.923461
4.770342 2.923385
4.777225 2.923272
4.786595 2.923164
4.794695 2.923074
4.802804 2.923000
4.810998 2.922905
4.819012 2.922843
4.827440 2.922853
4.835115 2.922822
4.844004 2.922771
4.850180 2.922764
4.859649 2.922705
4.868043 2.922655
4.876178 2.922661
4.883755 2.922638
4.892241 2.922604
4.900373 2.922777
4.908559 2.922772
4.917320 2.922786
4.924553 2.922757
4.933051 2.922745
4.941729 2.922687
4.949438 2.922645
4.957763 2.922592
4.965836 2.922559
4.974315 2.922488
4.982131 2.922402
4.990952 2.922338
4.999017 2.922274
5.007656 2.922198
5.015016 2.922068
5.023767 2.922000
5.031797 2.921942
5.040538 2.921869
5.048111 2.921746
5.056048 2.921686
5.065192 2.921563
5.072579 2.921568
5.080733 2.921598
5.089363 2.921652
5.097969 2.921624
5.105749 2.921596
5.112726 2.921574
5.120582 2.921573
5.130753 2.921559
5.138600 2.921526
5.147098 2.921505
5.154930 2.921576
5.163485 2.921593
5.171532 2.921573
5.179692 2.921673
5.187036 2.921722
5.195352 2.921791
5.203716 2.921836
5.211603 2.921875
5.220221 2.921940
5.227689 2.921999
5.235970 2.922067
5.243273 2.922117
5.252855 2.922179
5.260354 2.922207
5.268876 2.922266
5.276723 2.922298
5.285066 2.922331
5.292700 2.922388
5.301457 2.922597
5.309001 2.922710
5.316877 2.922764
5.324214 2.922786
5.333213 2.922845
5.341237 2.922871
5.350189 2.922877
5.357846 2.922918
5.366352 2.922946
5.374633 2.922947
5.381946 2.922904
5.390622 2.922920
5.398723 2.922913
5.407264 2.922898
5.414965 2.922848
5.423600 2.922849
5.431087 2.922780
5.440101 2.922842
5.448148 2.922799
5.456511 2.922785
5.464471 2.922731
5.471034 2.922720
5.480840 2.922966
5.489074 2.923222
5.496799 2.923215
5.505773 2.923200
5.513186 2.923247
5.522153 2.923217
5.529830 2.923221
5.538494 2.923227
5.546826 2.923233
5.554962 2.923278
5.562859 2.923289
5.571157 2.923323
5.579710 2.923370
5.587668 2.923418
5.595712 2.923451
5.604410 2.923526
5.611939 2.923594
5.620671 2.923554
5.628310 2.923565
5.636872 2.923566
5.644840 2.923586
5.652874 2.923579
5.659297 2.923605
5.669672 2.923660
5.677746 2.923697
5.685896 2.923702
5.693902 2.923735
5.701721 2.923731
5.710328 2.923697
5.718533 2.923675
5.726763 2.923725
5.734728 2.923720
5.741283 2.923736
5.750973 2.923729
5.759383 2.923764
5.767437 2.923741
5.775607 2.923752
5.783325 2.923735
5.791499 2.923735
5.799712 2.923707
5.807917 2.923697
5.816186 2.923643
5.824134 2.923597
5.832412 2.923554
5.839919 2.923519
5.848117 2.923456
5.856191 2.923410
5.864665 2.923381
5.872903 2.923333
5.881292 2.923339
5.889045 2.923363
5.897765 2.923323
5.905743 2.923269
5.913105 2.923218
5.922181 2.923133
5.930119 2.923192
5.938078 2.923326
5.946119 2.923285
5.954917 2.923194
5.962543 2.923176
5.970855 2.923077
5.979665 2.922987
5.987765 2.922899
5.995582 2.922832
6.004215 2.922707
6.010297 2.922673
6.020499 2.922519
6.027414 2.922454
6.036828 2.922326
6.044905 2.922389
6.053836 2.922667
6.062254 2.922633
6.070246 2.922530
6.078470 2.922516
6.086856 2.922445
6.094883 2.922390
6.102982 2.922301
6.110888 2.922245
6.119566 2.922165
6.127396 2.922089
6.135775 2.922006
6.144311 2.921992
6.152050 2.922013
6.158457 2.921949
6.168929 2.921882
6.176986 2.921820
6.182868 2.921772
6.193276 2.921779
6.201354 2.921778
6.209267 2.921763
6.217705 2.921825
6.225031 2.921801
6.234032 2.921815
6.240122 2.921790
6.249650 2.921765
6.257915 2.921761
6.265583 2.921787
6.274190 2.921764
6.280992 2.921774
6.290216 2.921850
6.298292 2.921911
6.306673 2.921938
6.314528 2.921934
6.322707 2.922061
6.331229 2.922107
6.338706 2.922086
6.347480 2.922274
6.355690 2.922296
6.363349 2.922361
6.371634 2.922323
6.380249 2.922385
6.388169 2.922405
6.395905 2.922439
6.404017 2.922403
6.412250 2.922438
6.420601 2.922413
6.428886 2.922555
6.436706 2.922542
6.445000 2.922573
6.453134 2.922559
6.461545 2.922523
6.469493 2.922482
6.478238 2.922458
6.486228 2.922427
6.494368 2.922460
6.502668 2.922392
6.511073 2.922382
6.519271 2.922304
6.527914 2.922252
6.535927 2.922201
6.543755 2.922120
6.552452 2.922049
6.560296 2.921995
6.568656 2.921973
6.576817 2.921906
6.585279 2.921878
6.593295 2.921808
6.601791 2.921732
6.609752 2.921733
6.618151 2.921690
6.626184 2.921625
6.635014 2.921585
6.642472 2.921581
6.651300 2.921529
6.657760 2.921482
6.667653 2.921426
6.675093 2.921426
6.683555 2.921392
6.691791 2.921385
6.699917 2.921363
6.707658 2.921439
6.715879 2.921526
6.724317 2.921543
6.732438 2.921581
6.740634 2.921598
6.748498 2.921597
6.756783 2.921643
6.764806 2.921699
6.772516 2.921724
6.780919 2.921732
6.789418 2.921945
6.797179 2.922014
6.804970 2.922037
6.813183 2.922074
6.820078 2.922046
6.829288 2.922023
6.837352 2.922060
6.845681 2.922145
6.853858 2.922150
6.862070 2.922178
6.870236 2.922162
6.878716 2.922177
6.886534 2.922318
6.894554 2.922346
6.902838 2.922330
6.911530 2.922304
6.919418 2.922403
6.927810 2.922494
6.935672 2.922481
6.944275 2.922467
6.950753 2.922469
6.960192 2.922487
6.968882 2.922458
6.977237 2.922431
6.983831 2.922392
6.992787 2.922348
7.001453 2.922263
7.009341 2.922258
7.017848 2.922145
7.026436 2.922106
7.034833 2.921967
7.043063 2.921953
7.051129 2.921933
7.059023 2.922021
7.067488 2.921952
7.075560 2.921951
7.082128 2.921855
7.092242 2.921790
7.100639 2.921726
7.107981 2.921723
7.116940 2.921651
7.125113 2.921633
7.132828 2.921614
7.140900 2.921596
7.149660 2.921532
7.157190 2.921515
7.165761 2.921505
7.174076 2.921488
7.181748 2.921442
7.190609 2.921445
7.198743 2.921474
7.206888 2.921489
7.214535 2.921488
7.223184 2.921513
7.231314 2.921549
7.239014 2.921543
7.247622 2.921540
7.255650 2.921568
7.263359 2.921581
7.271323 2.921561
7.279605 2.921604
7.287694 2.921702
7.296158 2.921731
7.303796 2.921712
7.312579 2.921736
7.320751 2.921750
7.328714 2.921865
7.336329 2.921928
7.344296 2.922049
7.353163 2.922086
7.361058 2.922108
7.369129 2.922108
7.377459 2.922156
7.385627 2.922158
7.393226 2.922152
7.401856 2.922143
7.409642 2.922244
7.418470 2.922228
7.426078 2.922224
7.434102 2.922239
7.442642 2.922375
7.451258 2.922350
7.459529 2.922347
7.467326 2.922316
7.475864 2.922316
7.483923 2.922293
7.492224 2.922318
7.500005 2.922308
7.508043 2.922284
7.516263 2.922223
7.525327 2.922204
7.533538 2.922158
7.541798 2.922193
7.549541 2.922131
7.557768 2.922107
7.566492 2.922064
7.574479 2.922008
7.582797 2.921947
7.591086 2.921890
7.598821 2.921870
7.606022 2.921841
7.615712 2.921826
7.623704 2.921788
7.631411 2.921798
7.639760 2.921813
7.648352 2.921790
7.656451 2.921779
7.664635 2.921816
7.672654 2.921736
7.680897 2.921750
7.689324 2.921747
7.697693 2.921839
7.705101 2.921787
7.713254 2.921836
7.721097 2.921814
7.729352 2.922025
7.737631 2.922110
7.745834 2.922184
7.754191 2.922205
7.762131 2.922242
7.770568 2.922255
7.778673 2.922315
7.786295 2.922297
7.794363 2.922495
7.803089 2.922766
7.811196 2.922847
7.819315 2.922934
7.827134 2.923067
7.834912 2.923147
7.843495 2.923226
7.851478 2.923237
7.860043 2.923304
7.867722 2.923349
7.876219 2.923399
7.884436 2.923413
7.892639 2.923503
7.900854 2.923527
7.908025 2.923532
7.916275 2.923560
7.925027 2.923595
7.933371 2.923632
7.941739 2.923667
7.949535 2.923706
7.957142 2.923761
7.965729 2.923793
7.974181 2.923800
7.982518 2.923841
7.991008 2.923860
7.999367 2.923880
8.006793 2.923811
8.015399 2.923833
8.023789 2.923817
8.032371 2.923821
8.040433 2.923768
8.048172 2.923772
8.056640 2.923684
8.065285 2.923685
8.072893 2.923622
8.081517 2.923587
8.090069 2.923502
8.096558 2.923497
8.106341 2.923413
8.114546 2.923328
8.122416 2.923256
8.131047 2.923202
8.139170 2.923129
8.147019 2.923016
8.155061 2.922955
8.163421 2.922858
8.171420 2.922760
8.179674 2.922663
8.188088 2.922577
8.196498 2.922454
8.204104 2.922373
8.211946 2.922254
8.220728 2.922166
8.228685 2.922113
8.236739 2.922038
8.244444 2.922055
8.252980 2.922111
8.261233 2.922152
8.269579 2.922178
8.277364 2.922184
8.283335 2.922172
8.293907 2.922177
8.301354 2.922179
8.309807 2.922207
8.317892 2.922220
8.326402 2.922226
8.333709 2.922228
8.342515 2.922239
8.350406 2.922219
8.358873 2.922179
8.366347 2.922168
8.372946 2.922149
8.382976 2.922089
8.391139 2.922048
8.399613 2.922157
8.407316 2.922200
8.415718 2.922216
8.423578 2.922203
8.431665 2.922240
8.440259 2.922241
8.448200 2.922217
8.456167 2.922199
8.464945 2.922175
8.472609 2.922143
8.481785 2.922125
8.489196 2.922177
8.496108 2.922174
8.505940 2.922125
8.514104 2.922060
8.522235 2.922024
8.530474 2.921963
8.538723 2.921893
8.547040 2.921816
8.555012 2.921806
8.563814 2.921784
8.571477 2.921857
8.579699 2.921795
8.588223 2.921794
8.596454 2.921770
8.605187 2.921713
8.613088 2.921719
8.621531 2.921684
8.629729 2.921642
8.637195 2.921597
8.645950 2.921550
8.654151 2.921524
8.662676 2.921440
8.670174 2.921474
8.678588 2.921474
8.686744 2.921442
8.694983 2.921430
8.702656 2.921437
8.710983 2.921448
8.719038 2.921447
8.727725 2.921468
8.735273 2.921516
8.743389 2.921525
8.751904 2.921537
8.760132 2.921520
8.767761 2.921588
8.774729 2.921622
8.784531 2.921640
8.792733 2.921693
8.800760 2.921766
8.808617 2.921825
8.816168 2.921971
8.824440 2.922035
8.833011 2.922107
8.840906 2.922140
8.849022 2.922166
8.857259 2.922199
8.865594 2.922209
8.873631 2.922233
8.881951 2.922247
8.889619 2.922304
8.898117 2.922328
8.906619 2.922350
8.914529 2.922345
8.922458 2.922348
8.931109 2.922289
8.938482 2.922249
8.946684 2.922232
8.954893 2.922193
8.963434 2.922167
8.971418 2.922114
8.980132 2.922085
8.988588 2.922022
8.996565 2.922009
9.004972 2.921956
9.011144 2.921944
9.021429 2.921855
9.029164 2.921831
9.037089 2.921780
9.045709 2.921761
9.054142 2.921703
9.062303 2.921672
9.070180 2.921597
9.078343 2.921594
9.086406 2.921637
9.095468 2.921612
9.103679 2.921546
9.111576 2.921523
9.119547 2.921500
9.128237 2.921460
9.135992 2.921396
9.144863 2.921371
9.152026 2.921311
9.161051 2.921328
9.167419 2.921286
9.177151 2.921237
9.185634 2.921203
9.193505 2.921225
9.199631 2.921217
9.210025 2.921166
9.217996 2.921144
9.226499 2.921153
9.233700 2.921127
9.242365 2.921135
9.250150 2.921157
9.258800 2.921157
9.264700 2.921161
9.274630 2.921215
9.281033 2.921252
9.290521 2.921397
9.299367 2.921412
9.307463 2.921425
9.315075 2.921458
9.323453 2.921464
9.331042 2.921482
9.339239 2.921458
9.347510 2.921462
9.355640 2.921440
9.363394 2.921486
9.370894 2.921491
9.380173 2.921508
9.388791 2.921470
9.396937 2.921479
9.404864 2.921519
9.413284 2.921762
9.420650 2.921831
9.429157 2.921851
9.437160 2.921830
9.445207 2.921808
9.453970 2.921741
9.462401 2.921728
9.470262 2.921685
9.478707 2.921701
9.486545 2.921659
9.495119 2.921667
9.503280 2.921661
9.511252 2.921734
9.519777 2.921689
9.528103 2.921715
9.536234 2.921678
9.544235 2.921661
9.552655 2.921639
9.559242 2.921651
9.568692 2.921621
9.577698 2.921618
9.585594 2.921576
9.593880 2.921580
9.602262 2.921589
9.610855 2.921709
9.618554 2.921698
9.625387 2.921693
9.635276 2.921696
9.642921 2.921678
9.651271 2.921669
9.659533 2.921675
9.668115 2.921711
9.675982 2.921723
9.683847 2.921779
9.692659 2.921782
9.700567 2.921825
9.709122 2.921840
9.716439 2.921854
9.725119 2.921846
9.733136 2.921887
9.740810 2.921870
9.749145 2.921881
9.757093 2.921870
9.765548 2.921914
9.773993 2.921887
9.782269 2.921881
9.790222 2.921874
9.798014 2.921891
9.806568 2.921844
9.814249 2.921876
9.822515 2.921865
9.830132 2.921909
9.838928 2.922011
9.847112 2.922093
9.854780 2.922122
9.863399 2.922140
9.871027 2.922111
9.879315 2.922157
9.887622 2.922200
9.895927 2.922208
9.904251 2.922190
9.911644 2.922242
9.919793 2.922222
9.928331 2.922215
9.935956 2.922220
9.944723 2.922305
9.951180 2.922272
9.961514 2.922219
9.969478 2.922193
9.976912 2.922184
9.985634 2.922150
9.993836 2.922087
10.002145 2.922063
10.009968 2.922025
10.018695 2.921951
10.027091 2.921922
10.035397 2.921901
10.043576 2.921992
10.051858 2.921940
10.059773 2.921906
10.067974 2.921889
10.076587 2.921817
10.084651 2.921780
10.093037 2.921719
10.099521 2.921680
10.109437 2.921668
10.117042 2.921636
10.125727 2.921582
10.134016 2.921511
10.142285 2.921522
10.150546 2.921502
10.157997 2.921485
10.166404 2.921472
10.174858 2.921517
10.183344 2.921565
10.189731 2.921677
10.197638 2.921699
10.207702 2.921739
10.215768 2.921797
10.223963 2.921808
10.232297 2.921821
10.240417 2.921817
10.248634 2.921862
10.256301 2.921870
10.264905 2.921856
10.272631 2.921849
10.280840 2.921864
10.288599 2.921862
10.296952 2.921866
10.305244 2.921864
10.313433 2.921852
10.321435 2.921811
10.329481 2.921820
10.337894 2.921877
10.345263 2.921878
10.354102 2.921821
10.362063 2.921816
10.369694 2.921814
10.377578 2.921890
10.386611 2.921878
10.394012 2.921870
10.402735 2.921841
10.411095 2.921812
10.419087 2.921858
10.427153 2.921864
10.434846 2.921851
10.443207 2.921839
10.451303 2.921810
10.459982 2.921776
10.467835 2.921713
10.476174 2.921703
10.482812 2.921689
10.491035 2.921682
10.500154 2.921665
10.508546 2.921740
10.517058 2.921713
10.525702 2.921694
10.533919 2.921649
10.540448 2.921633
10.550160 2.921549
10.556563 2.921514
10.566742 2.921481
10.574898 2.921460
10.582651 2.921368
10.591405 2.921362
10.599373 2.921291
10.607727 2.921316
10.615681 2.921273
10.624092 2.921236
10.632447 2.921224
10.639238 2.921172
10.648987 2.921145
10.656604 2.921143
10.665075 2.921160
10.673168 2.921136
10.681917 2.921110
10.690133 2.921126
10.697889 2.921100
10.705689 2.921128
10.713985 2.921157
10.722531 2.921179
10.730246 2.921171
10.738305 2.921163
10.746684 2.921183
10.755024 2.921186
10.763126 2.921183
10.771061 2.921195
10.779397 2.921222
10.787344 2.921304
10.795442 2.921373
10.803638 2.921414
10.811992 2.921474
10.819679 2.921615
10.828121 2.921770
10.835614 2.921993
10.842609 2.922043
10.850766 2.922164
10.860501 2.922222
10.868493 2.922304
10.876653 2.922366
10.884682 2.922498
10.892848 2.922559
10.900866 2.922632
10.909430 2.922685
10.915770 2.922724
10.925159 2.922858
10.934107 2.923206
10.941517 2.923260
10.950525 2.923350
10.958295 2.923402
10.966165 2.923439
10.974466 2.923517
10.983102 2.923585
10.990932 2.923655
10.998828 2.923692
11.007800 2.923731
11.016208 2.923745
11.024000 2.923759
11.032342 2.923810
11.040212 2.923836
11.048701 2.923882
11.056529 2.923896
11.064694 2.923957
11.073831 2.924026
11.079656 2.924046
11.089489 2.924106
11.098318 2.924140
11.106319 2.924213
11.114184 2.924195
11.122362 2.924299
11.130527 2.924351
11.138815 2.924403
11.147516 2.924486
11.155732 2.924542
11.163776 2.924565
11.172261 2.924593
11.180351 2.924636
11.188521 2.924688
11.196613 2.924725
11.204561 2.924798
11.212883 2.924849
11.220708 2.924937
11.229276 2.925018
11.237349 2.925102
11.245234 2.925143
11.253507 2.925159
11.261626 2.925040
11.269599 2.925045
11.277920 2.925058
11.285637 2.925032
11.294168 2.925031
11.301769 2.925022
11.309720 2.925014
11.318223 2.924982
11.326411 2.924941
11.334750 2.924875
11.342198 2.924846
11.350139 2.924813
11.359081 2.924764
11.367285 2.924721
11.374991 2.924660
11.382726 2.924619
11.391729 2.924574
11.399135 2.924521
11.407769 2.924414
11.415291 2.924352
11.424264 2.924244
11.432496 2.924196
11.440162 2.924207
11.448506 2.924142
11.456962 2.924033
11.465102 2.923948
11.471040 2.923876
11.480774 2.923756
11.489020 2.923628
11.497231 2.923543
11.506033 2.923403
11.514038 2.923273
11.522447 2.923221
11.530858 2.923136
11.538375 2.923018
11.546601 2.922905
11.555621 2.922798
11.563709 2.922744
11.571994 2.922625
11.579988 2.922556
11.588505 2.922590
11.596979 2.922534
11.604375 2.922453
11.613098 2.922450
11.620991 2.922466
11.629607 2.922446
11.637966 2.922378
11.645605 2.922303
11.654161 2.922263
11.662188 2.922232
11.670674 2.922180
11.678524 2.922103
11.686853 2.922063
11.695077 2.922010
11.702745 2.921979
11.710744 2.921920
11.718960 2.921900
11.727513 2.921865
11.735388 2.921869
11.743955 2.921827
11.751947 2.921833
11.759741 2.921821
11.768600 2.921844
11.776601 2.921924
11.784343 2.921953
11.792720 2.921944
11.801005 2.921962
11.808346 2.921941
11.816856 2.921995
11.824595 2.921997
11.833523 2.922010
11.841384 2.921978
11.849010 2.922000
11.857762 2.921965
11.865921 2.921954
11.873404 2.921910
11.882149 2.921890
11.889932 2.921839
11.898584 2.921826
11.905091 2.921777
11.914193 2.921724
11.923086 2.921687
11.930503 2.921705
11.939092 2.921644
11.946790 2.921607
11.955717 2.921558
11.963773 2.921669
11.971816 2.921695
11.979624 2.921698
11.988409 2.921674
11.996878 2.921651
12.004896 2.921609
12.013490 2.921656
12.021611 2.921622
12.029614 2.921637
12.037627 2.921633
12.046056 2.921630
12.054658 2.921639
12.062846 2.921651
12.070777 2.921656
12.078792 2.921621
12.087626 2.921627
12.095688 2.921588
12.103436 2.921598
12.112034 2.921544
12.120564 2.921547
12.128950 2.921509
12.136734 2.921479
12.144999 2.921419
12.153372 2.921403
12.161339 2.921388
12.169514 2.921427
12.177695 2.921521
12.186025 2.921578
12.194509 2.921567
12.200912 2.921615
12.209917 2.921603
12.218223 2.921630
12.226388 2.921628
12.235336 2.921647
12.243060 2.921628
12.250678 2.921699
12.259434 2.921835
12.267377 2.921877
12.275369 2.921886
12.283198 2.921906
12.291698 2.921889
12.300219 2.921996
12.307829 2.922071
12.316001 2.922123
12.323702 2.922146
12.331975 2.922169
12.340100 2.922175
12.348768 2.922215
12.354456 2.922271
12.364992 2.922283
12.372955 2.922292
12.380939 2.922306
12.388616 2.922303
12.397430 2.922286
12.405603 2.922297
12.413802 2.922302
12.421328 2.922329
12.429539 2.922319
12.437788 2.922363
12.446423 2.922357
12.454608 2.922370
12.462619 2.922352
12.470499 2.922345
12.479209 2.922322
12.487584 2.922294
12.495296 2.922256
12.503579 2.922231
12.511885 2.922199
12.520022 2.922133
12.528747 2.922117
12.535980 2.922043
12.545222 2.922034
12.552819 2.921995
12.561512 2.921960
12.570022 2.921912
12.577519 2.921863
12.586261 2.921769
12.594326 2.921741
12.602621 2.921732
12.609296 2.921735
12.618639 2.921730
12.627420 2.921712
12.635687 2.921724
12.643764 2.921729
12.651447 2.921704
12.660408 2.921703
12.668542 2.921697
12.676419 2.921657
12.684125 2.921645
12.693097 2.921651
12.701324 2.921665
12.709158 2.921632
12.717603 2.921672
12.725484 2.921690
12.733050 2.921663
12.741420 2.921656
12.749987 2.921681
12.756145 2.921680
12.766155 2.921679
12.773932 2.921691
12.782222 2.921724
12.790092 2.921717
12.798432 2.921702
12.806549 2.921688
12.814578 2.921680
12.822189 2.921653
12.830926 2.921696
12.838600 2.921720
12.847100 2.921853
12.855174 2.921856
12.862966 2.921877
12.871390 2.921973
12.877970 2.921990
12.887641 2.922004
12.895891 2.922029
12.904020 2.922050
12.911771 2.922051
12.920110 2.922026
12.928306 2.922039
12.936742 2.922030
12.944606 2.922019
12.953206 2.921975
12.960643 2.922056
12.968916 2.922044
12.977598 2.922019
12.985482 2.921992
12.994284 2.922023
13.002159 2.922004
13.010696 2.921972
13.018526 2.921958
13.027007 2.921941
13.034692 2.921926
13.043113 2.921902
13.051505 2.921900
13.059323 2.921857
13.067724 2.921813
13.075916 2.921780
13.084570 2.921716
13.092950 2.921752
13.100727 2.921776
13.108651 2.921804
13.117257 2.921828
13.125552 2.921846
13.133606 2.921839
13.141811 2.921894
13.149836 2.921970
13.158009 2.921963
13.166821 2.921949
13.174497 2.921941
13.183188 2.921968
13.191372 2.921940
13.199374 2.921937
13.207475 2.921911
13.215237 2.921916
13.223576 2.921855
13.231771 2.921902
13.239916 2.921858
13.246362 2.921869
13.255706 2.921830
13.264542 2.921867
13.272564 2.921884
13.280299 2.921890
13.288576 2.921871
13.296670 2.921852
13.305108 2.921787
13.312570 2.921817
13.321231 2.921772
13.328669 2.921749
13.337188 2.921710
13.344899 2.921700
13.353651 2.921650
13.361204 2.921613
13.369555 2.921593
13.377694 2.921609
13.385761 2.921667
13.393972 2.921654
13.402021 2.921705
13.410657 2.921895
13.418234 2.921976
13.426449 2.922054
13.434650 2.922101
13.442608 2.922169
13.451011 2.922217
13.459708 2.922273
13.467571 2.922355
13.475353 2.922430
13.483378 2.922501
13.491858 2.922561
13.500558 2.922595
13.508336 2.922645
13.516697 2.922724
13.525281 2.922710
13.532886 2.922765
13.541612 2.922728
13.549492 2.922761
13.557951 2.922742
13.565988 2.922761
13.574390 2.922716
13.582386 2.922734
13.590941 2.922719
13.599502 2.922700
13.607589 2.922629
13.615565 2.922642
13.623459 2.922573
13.632086 2.922549
13.640380 2.922493
13.648765 2.922551
13.656887 2.922521
13.664659 2.922506
13.673122 2.922485
13.681509 2.922489
13.689642 2.922454
13.697986 2.922427
13.705696 2.922425
13.714143 2.922421
13.722032 2.922384
13.730207 2.922336
13.738521 2.922324
13.747176 2.922299
13.754704 2.922248
13.763410 2.922205
13.770942 2.922190
13.779720 2.922130
13.787744 2.922035
13.795198 2.921995
13.803204 2.921972
13.811381 2.921902
13.819721 2.921882
13.827780 2.921857
13.835876 2.921862
13.844460 2.921806
13.852404 2.921760
13.860120 2.921781
13.868156 2.921775
13.876662 2.921721
13.885028 2.921671
13.893010 2.921628
13.901386 2.921635
13.909232 2.921668
13.917546 2.921777
13.925767 2.921767
13.934036 2.921752
13.941845 2.921750
13.950089 2.921834
13.957964 2.921882
13.966824 2.921897
13.974624 2.921856
13.982986 2.921877
13.990638 2.921861
13.999740 2.921837
14.007137 2.921803
14.016001 2.921818
14.024179 2.921765
14.032313 2.921736
14.038492 2.921705
14.048965 2.921714
14.056998 2.921698
14.064844 2.921651
14.071620 2.921769
14.081693 2.921770
14.090248 2.921765
14.097978 2.921750
14.106367 2.921775
14.114827 2.921750
14.123236 2.921749
14.130710 2.921705
14.139272 2.921713
14.147665 2.921673
14.155737 2.921665
14.164087 2.921632
14.172270 2.921598
14.180397 2.921537
14.188594 2.921524
14.197100 2.921511
14.204530 2.921489
14.212769 2.921460
14.221445 2.921420
14.229367 2.921376
14.235833 2.921314
14.245837 2.921314
14.253625 2.921311
14.261740 2.921328
14.269855 2.921318
14.277641 2.921343
14.286231 2.921390
14.294443 2.921389
14.302738 2.921408
14.310766 2.921397
14.318711 2.921439
14.326475 2.921473
14.334970 2.921480
14.342665 2.921479
14.350991 2.921550
14.359404 2.921590
14.367292 2.921621
14.375132 2.921672
14.383516 2.921790
14.391208 2.921823
14.399326 2.921869
14.407273 2.921906
14.415764 2.921938
14.424159 2.921951
14.431974 2.921952
14.440090 2.922020
14.448349 2.922042
14.456854 2.922058
14.464800 2.922053
14.471672 2.922096
14.481171 2.922081
14.489473 2.922062
14.497365 2.922070
14.505491 2.922062
14.514488 2.922029
14.522621 2.922008
14.530843 2.921995
14.538597 2.921934
14.547212 2.921916
14.555160 2.921864
14.563751 2.921840
14.572003 2.921785
14.580000 2.921757
14.588156 2.921777
14.596147 2.921784
14.604528 2.921736
14.613099 2.921698
14.621240 2.921676
14.629107 2.921669
14.637679 2.921686
14.645788 2.921657
14.653825 2.921726
14.662269 2.921756
14.670384 2.921773
14.678701 2.921779
14.686605 2.921831
14.695448 2.921856
14.703209 2.921849
14.711807 2.921938
14.717987 2.922077
14.727682 2.922051
14.735902 2.922037
14.743863 2.922018
14.752294 2.922072
14.760836 2.922011
14.768452 2.921948
14.776196 2.922030
14.785182 2.922031
14.793129 2.921964
14.797949 2.921897
14.797949 2.921897
14.797949 2.921897
14.797949 2.921897
14.797949 2.921896
14.797949 2.921896
14.797949 2.921896
14.797949 2.921896
14.797950 2.921896
14.797950 2.921895
14.797950 2.921895
14.797950 2.921895
14.797950 2.921895
14.797951 2.921895
14.797951 2.921894
14.797951 2.921894
14.797951 2.921894
14.797951 2.921894
14.797951 2.921894
14.797952 2.921893
14.797952 2.921894
14.797952 2.921893
14.797952 2.921893
14.797952 2.921893
14.797952 2.921893
14.797953 2.921893
14.797953 2.921892
14.797953 2.921892
14.797953 2.921892
14.797953 2.921892
14.797954 2.921891
14.797954 2.921891
14.797954 2.921891
14.797955 2.921891
14.797954 2.921891
14.797954 2.921891
14.797955 2.921890
14.797955 2.921890
14.797955 2.921890
14.797955 2.921890
14.797955 2.921890
14.797955 2.921890
14.797956 2.921890
14.797956 2.921889
14.797956 2.921889
14.797956 2.921889
14.797956 2.921889
14.797956 2.921889
14.797956 2.921888
14.797956 2.921888
14.797956 2.921888
14.797956 2.921888
14.797956 2.921888
14.797957 2.921887
14.797957 2.921887
14.797957 2.921887
14.797957 2.921887
14.797957 2.921887
14.797958 2.921886
14.797958 2.921886
14.803814 2.921672
14.814062 2.921465
14.821357 2.921262
14.830060 2.920950
14.837897 2.920856
14.846099 2.920843
14.853655 2.920771
14.862582 2.920715
14.870262 2.920664
14.877995 2.920866
14.886286 2.920958
14.894701 2.920872
14.902688 2.920505
14.910480 2.920419
14.918853 2.920382
14.927133 2.920079
14.935168 2.919994
14.944050 2.919870
14.951674 2.919729
14.959672 2.919377
14.967885 2.918955
14.976620 2.918455
14.984677 2.918267
14.992651 2.918102
14.999393 2.917968
15.009640 2.917741
15.017441 2.917608
15.025742 2.917475
15.034312 2.917346
15.042216 2.917180
15.050273 2.917093
15.058565 2.916969
15.067225 2.916969
15.075110 2.916822
15.083174 2.916596
15.091390 2.916436
15.099880 2.916301
15.108444 2.916109
15.116338 2.916001
15.124532 2.915886
15.132420 2.915808
15.140432 2.915619
15.148177 2.915693
15.156042 2.916070
15.164018 2.915592
15.171852 2.915056
15.180281 2.914598
15.188341 2.913973
15.197082 2.913151
15.204614 2.912805
15.212055 2.913307
15.220025 2.913264
15.229206 2.912626
15.237029 2.911471
15.244512 2.910357
15.253066 2.908398
15.261249 2.906362
15.268931 2.905074
15.277284 2.903197
15.285421 2.901365
15.292535 2.899834
15.298415 2.898530
15.309196 2.896214
15.316751 2.894636
15.324629 2.892860
15.332359 2.891256
15.341103 2.889492
15.349139 2.887839
15.356128 2.886362
15.365858 2.884311
15.374503 2.882207
15.381725 2.880327
15.389828 2.878368
15.396092 2.876883
15.405311 2.874648
15.413224 2.872789
15.421773 2.870772
15.429461 2.868992
15.437512 2.866988
15.444810 2.865312
15.452590 2.863740
15.461874 2.861977
15.470079 2.860070
15.477922 2.858134
15.486145 2.855515
15.494497 2.852735
15.502718 2.849816
15.510370 2.847175
15.518282 2.844174
15.525476 2.841289
15.533684 2.838111
15.541313 2.834920
15.548934 2.831481
15.557115 2.827523
15.563744 2.824248
15.571003 2.820287
15.579428 2.815228
15.586165 2.811571
15.593774 2.807277
15.601128 2.803233
15.608910 2.798813
15.616381 2.794542
15.623871 2.790015
15.629369 2.786786
15.638507 2.781043
15.645119 2.776917
15.652287 2.772208
15.659671 2.767272
15.666743 2.762560
15.674329 2.757510
15.680213 2.753610
15.689153 2.747463
15.695658 2.743029
15.703076 2.737814
15.709157 2.733502
15.717558 2.727458
15.723447 2.723241
15.731504 2.717099
15.739038 2.711425
15.745919 2.706164
15.752596 2.700947
15.759431 2.695542
15.766748 2.689774
15.773439 2.684520
15.780890 2.678493
15.787528 2.673016
15.794525 2.667062
15.800994 2.661539
15.807859 2.655687
15.814500 2.649966
15.821695 2.643684
15.828067 2.638072
15.834735 2.632147
15.841305 2.626343
15.848036 2.620233
15.854502 2.614348
15.861123 2.608128
15.867731 2.602034
15.874127 2.595940
15.880914 2.589435
15.887697 2.582878
15.893296 2.577306
15.900375 2.570324
15.906259 2.564525
15.912621 2.557991
15.919422 2.551050
15.925159 2.545094
15.930363 2.539700
15.937651 2.532082
15.944372 2.525138
15.950783 2.518300
15.956504 2.512121
15.962736 2.505375
15.969039 2.498611
15.975610 2.491535
15.981380 2.485324
15.987824 2.478385
15.993660 2.472100
15.999990 2.465172
16.006330 2.458268
16.012589 2.451358
16.017485 2.445986
16.024544 2.438283
16.031185 2.431148
16.036980 2.424708
16.043121 2.418001
16.049942 2.410706
16.056005 2.403996
16.062105 2.397591
16.068306 2.391101
16.074940 2.384131
16.079636 2.379226
16.087063 2.371512
16.093338 2.365020
16.099382 2.358519
16.104837 2.352521
16.110256 2.346956
16.115711 2.340392
16.120199 2.335181
16.125006 2.329206
16.128971 2.323942
16.133844 2.316631
16.137308 2.310626
16.141409 2.304698
16.144293 2.299149
16.147438 2.293453
16.150492 2.286960
16.152906 2.282537
16.154495 2.278359
16.156301 2.274408
16.157066 2.273915
16.157032 2.273792
16.156658 2.273825
16.156309 2.273891
16.155794 2.273858
16.155190 2.273771
16.154320 2.273697
16.153374 2.273516
16.152506 2.273399
16.151709 2.273202
16.150749 2.272977
16.150105 2.272734
16.149893 2.272692
16.149929 2.272681
16.150505 2.272906
16.150871 2.272715
16.151997 2.272722
