0.0017545223236083984
0.0031898021697998047
0.0012612342834472656
0.004830598831176758
0.007279396057128906
0.00498509407043457
0.01094961166381836
0.018127918243408203
0.018417835235595703
0.004571199417114258
0.006982564926147461
0.004858255386352539
0.005646944046020508
0.002730846405029297
0.0040013790130615234
0.004446744918823242
0.11195969581604004
0.006224393844604492
0.0020720958709716797
0.005239725112915039
0.007527589797973633
0.0018925666809082031
0.007985115051269531
0.0011599063873291016
0.0015254020690917969
0.0026290416717529297
0.0013523101806640625
0.0013976097106933594
0.0017521381378173828
0.0014011859893798828
0.002292156219482422
0.0014600753784179688
0.0020058155059814453
0.0036437511444091797
0.0023651123046875
0.0017762184143066406
0.0059010982513427734
0.0016036033630371094
0.001146554946899414
0.0013439655303955078
0.0012595653533935547
0.001486063003540039
0.001644134521484375
0.0019421577453613281
0.0014209747314453125
0.0012693405151367188
0.001161336898803711
0.0015158653259277344
0.0018072128295898438
0.001363515853881836
0.0014638900756835938
0.0018465518951416016
0.0016074180603027344
0.0014548301696777344
0.0010199546813964844
0.001291513442993164
0.0015101432800292969
0.0010628700256347656
0.0018265247344970703
0.0013206005096435547
0.0013976097106933594
0.0018532276153564453
0.0012826919555664062
0.0012738704681396484
0.0012285709381103516
0.0013511180877685547
0.0013108253479003906
0.0015866756439208984
0.0015149116516113281
0.001466989517211914
0.001439809799194336
0.001131296157836914
0.0016376972198486328
0.14055752754211426
0.0013093948364257812
0.0025436878204345703
0.001989126205444336
0.0013916492462158203
0.0010907649993896484
0.0015919208526611328
0.0011897087097167969
0.003010988235473633
0.0011298656463623047
0.0015017986297607422
0.0010628700256347656
0.0010387897491455078
0.001275777816772461
0.0018157958984375
0.0017457008361816406
0.0015714168548583984
0.0010237693786621094
0.0013134479522705078
0.0015420913696289062
0.00487828254699707
0.0031249523162841797
0.0013036727905273438
0.0016939640045166016
0.001438140869140625
0.001814126968383789
0.001604318618774414
0.0014085769653320312
0.0015873908996582031
0.0016317367553710938
0.003546476364135742
0.0016384124755859375
0.0012710094451904297
0.0030128955841064453
0.0014355182647705078
0.0012822151184082031
0.0017845630645751953
0.0020630359649658203
0.0013420581817626953
0.0014793872833251953
0.001279592514038086
0.0015616416931152344
0.0015377998352050781
0.0016188621520996094
0.0020873546600341797
0.002623319625854492
0.001081705093383789
0.0014238357543945312
0.0016064643859863281
0.001718282699584961
0.0011518001556396484
0.00104522705078125
0.0019788742065429688
0.0015873908996582031
0.0012621879577636719
0.0016827583312988281
0.001360177993774414
0.0013020038604736328
0.0011496543884277344
0.0017397403717041016
0.0011610984802246094
0.1689317226409912
0.0018436908721923828
0.0035262107849121094
0.004131317138671875
0.0024597644805908203
0.0031266212463378906
0.003287792205810547
