0.008100
0.006579
0.006901
0.007023
0.007729
0.007533
0.008750
0.008303
0.008650
0.009600
0.012178
0.014213
0.014300
0.012544
0.016949
0.019447
0.019925
0.015137
0.015492
0.022124
0.021429
0.016778
0.018899
0.022692
0.019642
0.019980
0.021866
0.023203
0.022279
0.024831
0.025838
0.026784
0.030147
0.031218
0.030834
0.037020
0.027914
0.039256
0.029439
0.035050
0.039793
0.040273
0.037958
0.036911
0.033198
0.030982
0.038483
0.041594
0.029992
0.041057
0.029747
0.037944
0.033423
0.032052
0.032394
0.035136
0.032009
0.040312
0.033308
0.044649
0.033056
0.046372
0.036022
0.045698
0.045912
0.037159
0.036971
0.044032
0.034988
0.041829
0.035147
0.045528
0.044788
0.035977
0.036367
0.042416
0.034800
0.035388
0.034600
0.042008
0.036281
0.035812
0.035901
0.036396
0.043771
0.036159
0.046858
0.037134
0.039179
0.045360
0.046433
0.038962
0.038396
0.039029
0.053492
0.047678
0.053589
0.041979
0.040701
0.039830
0.042472
0.042249
0.041564
0.043914
0.043514
0.049838
0.050729
0.050291
0.043331
0.051697
0.046856
0.046546
0.043344
0.046547
0.043238
0.053783
0.058169
0.047201
0.050287
0.056419
0.061953
0.048210
0.048464
0.059468
0.065234
0.058371
0.048343
0.062296
0.048470
0.064563
0.051895
0.045898
0.047592
0.060235
0.048747
0.048465
0.051614
