0.005749
0.008646
0.009038
0.008580
0.007913
0.007805
0.011124
0.009665
0.010630
0.012557
0.013023
0.015965
0.014431
0.014812
0.021759
0.015947
0.016658
0.018476
0.017845
0.018850
0.020624
0.024886
0.028751
0.021627
0.023704
0.029641
0.026403
0.023726
0.024289
0.022482
0.022951
0.024718
0.024531
0.024618
0.033760
0.025300
0.026282
0.027833
0.025461
0.026412
0.032793
0.027652
0.032362
0.036740
0.035507
0.040027
0.028108
0.028550
0.035893
0.038977
0.034856
0.039291
0.029611
0.030547
0.030291
0.038288
0.031112
0.032680
0.031566
0.031685
0.032431
0.045428
0.033566
0.045020
0.047194
0.035376
0.048432
0.037463
0.049672
0.036861
0.036788
0.041815
0.045069
0.037013
0.037186
0.039916
0.051414
0.038432
0.050932
0.038445
0.050123
0.048006
0.038082
0.048437
0.047376
0.039475
0.048034
0.040843
0.039754
0.054482
0.049708
0.040486
0.054984
0.040248
0.049476
0.051466
0.042199
0.040983
0.042184
0.041568
0.051707
0.047394
0.043258
0.042206
0.044980
