0.022827
0.020314
0.021726
0.022902
0.022708
0.022440
0.022847
0.028497
0.024835
0.033560
0.030784
0.031709
0.028087
0.031484
0.037544
0.029487
0.035012
0.033374
0.030365
0.033093
0.034080
0.033476
0.038102
0.047564
0.049397
0.051467
0.039637
0.043840
0.044124
0.044469
0.044269
0.044051
0.045925
0.055932
0.054324
0.048001
0.061778
0.055431
0.048132
0.065528
0.049131
0.069385
0.069527
0.056365
0.054993
0.066802
0.060422
0.059269
0.057139
0.057404
0.056311
0.057671
0.075996
0.070292
0.058759
0.078930
0.063134
0.061512
0.068826
0.076990
0.083261
0.069851
0.077149
0.066593
0.064139
0.063427
0.067558
0.075420
0.083757
0.066827
0.085325
0.067453
0.069583
0.065910
0.082733
0.071791
0.066634
0.069501
0.089368
0.067543
0.078003
0.066259
0.066286
0.066540
0.074739
0.071586
0.067894
0.084704
0.074137
0.069404
0.068413
0.077295
0.071839
0.073223
0.070602
0.083763
0.073696
0.073797
0.072722
0.081303
0.087797
