26.000000 16.999634
25.990623 16.999716
25.979637 16.999777
25.969065 16.999933
25.958313 17.000246
25.947788 17.000538
25.937235 17.000849
25.926760 17.001167
25.915974 17.001539
25.905199 17.001921
25.894506 17.002401
25.883932 17.002825
25.873220 17.003256
25.864351 17.003540
25.852451 17.003983
25.842041 17.004498
25.831125 17.004955
25.820538 17.005272
25.810175 17.005592
25.799395 17.005812
25.788925 17.005890
25.777597 17.006001
25.767128 17.006197
25.757357 17.006037
25.747686 17.005861
25.739761 17.006016
25.726717 17.006161
25.715927 17.006319
25.706217 17.006426
25.695427 17.006725
25.684658 17.007065
25.674152 17.007271
25.663279 17.007483
25.653248 17.007660
25.642273 17.007818
25.631393 17.007904
25.621157 17.008007
25.610451 17.008072
25.599333 17.007975
25.588646 17.007927
25.578278 17.007854
25.567581 17.007830
25.556992 17.007799
25.546406 17.007694
25.535387 17.007582
25.524588 17.007483
25.515921 17.007423
25.503082 17.007307
25.492712 17.007267
25.481701 17.007185
25.471439 17.007149
25.460430 17.007118
25.450064 17.007050
25.439165 17.007034
25.430830 17.007019
25.417578 17.006958
25.407000 17.006945
25.396317 17.006935
25.385527 17.006899
25.374846 17.006878
25.364376 17.006842
25.353373 17.006811
25.343122 17.006781
25.333273 17.006708
25.322458 17.006659
25.311987 17.006622
25.303865 17.006552
25.290403 17.006474
25.280769 17.006380
25.270546 17.006287
25.269394 17.006302
25.259783 17.006226
25.248985 17.006063
25.238621 17.005936
25.229242 17.005806
25.218342 17.005619
25.207756 17.005432
25.197170 17.005241
25.186371 17.005033
25.175674 17.004808
25.174568 17.004789
25.165092 17.004591
25.154394 17.004375
25.143608 17.004169
25.133137 17.003942
25.121908 17.003691
25.111221 17.003496
25.100628 17.003248
25.090240 17.003029
25.079323 17.002800
25.078335 17.002787
25.069069 17.002586
25.058481 17.002380
25.047144 17.002153
25.036879 17.001959
25.026190 17.001785
25.015495 17.001595
25.004822 17.001472
24.993814 17.001331
24.983339 17.001190
24.972441 17.001099
24.962189 17.000999
24.951633 17.000946
24.940634 17.000883
24.929836 17.000790
24.919344 17.000711
24.908253 17.000711
24.897799 17.000673
24.887438 17.000658
24.876562 17.000669
24.865986 17.000637
24.854874 17.000656
24.844196 17.000629
24.833628 17.000612
24.823261 17.000629
24.812477 17.000620
24.801481 17.000603
24.791222 17.000626
24.780636 17.000565
24.769390 17.000467
24.768715 17.000460
24.759069 17.000454
24.748592 17.000372
24.737694 17.000313
24.726799 17.000263
24.716537 17.000143
24.705633 17.000080
24.695034 16.999945
24.684013 16.999786
24.673857 16.999704
24.672651 16.999699
24.663452 16.999569
24.654795 16.999479
24.641642 16.999321
24.630951 16.999161
24.620470 16.999039
24.609997 16.998880
24.599098 16.998739
24.590982 16.998625
24.577597 16.998474
24.567429 16.998363
24.556646 16.998226
24.545849 16.998108
24.535072 16.997972
24.524166 16.997858
24.513390 16.997789
24.502808 16.997734
24.492441 16.997658
24.481970 16.997581
24.470963 16.997564
24.460323 16.997778
24.449984 16.997955
24.438650 16.998032
24.428389 16.998158
24.417271 16.998291
24.406904 16.998421
24.396214 16.998568
24.385628 16.998695
24.374723 16.998856
24.364468 16.998991
24.363070 16.998980
24.353973 16.999105
24.342859 16.999252
24.332394 16.999414
24.321348 16.999502
24.311083 16.999521
24.299915 16.999668
24.289593 16.999828
24.278866 16.999945
24.267889 17.000093
24.257135 17.000366
24.246227 17.000437
24.235865 17.000454
24.224873 17.000439
24.214001 17.000834
24.203743 17.001484
24.193148 17.002092
24.182203 17.002771
24.172287 17.003731
24.161379 17.005035
24.150993 17.006374
24.140526 17.007690
24.129421 17.009045
24.120962 17.009995
24.108631 17.011477
24.097767 17.012978
24.087261 17.014540
24.076639 17.016199
24.066153 17.017839
24.055351 17.019554
24.054609 17.019611
24.045174 17.021318
24.034462 17.023388
24.024172 17.025297
24.013868 17.027264
24.003057 17.029554
23.992832 17.031853
23.981667 17.034063
23.971457 17.036160
23.960827 17.038214
23.950171 17.040270
23.939735 17.042313
23.929281 17.044323
23.918877 17.046499
23.908422 17.048677
23.897612 17.050856
23.887081 17.053165
23.876093 17.055510
23.865990 17.057709
23.854820 17.060143
23.844532 17.062485
23.834129 17.064877
23.823862 17.067324
23.813208 17.069805
23.802414 17.072336
23.791941 17.074644
23.781569 17.077051
23.771437 17.079401
23.761000 17.081850
23.750671 17.084217
23.740162 17.086699
23.729864 17.089071
23.719252 17.091471
23.709099 17.093750
23.698505 17.096123
23.688354 17.098425
23.679457 17.100439
23.667137 17.103209
23.659288 17.104980
23.646816 17.107792
23.636545 17.110115
23.626204 17.112495
23.615580 17.114923
23.605284 17.117344
23.595070 17.119675
23.584728 17.121975
23.574560 17.124275
23.564419 17.126633
23.553642 17.129045
23.543280 17.131405
23.542587 17.131472
23.533199 17.133768
23.522923 17.136147
23.512640 17.138559
23.501701 17.141123
23.491699 17.143457
23.480967 17.146013
23.470743 17.148417
23.462265 17.150436
23.449711 17.153368
23.439451 17.155771
23.428867 17.158310
23.418367 17.160830
23.407986 17.163239
23.397493 17.165710
23.386999 17.168140
23.376009 17.170702
23.365887 17.173084
23.355433 17.175467
23.344795 17.177847
23.334072 17.180288
23.323879 17.182583
23.313341 17.185036
23.302628 17.187294
23.292215 17.189716
23.281574 17.191868
23.271204 17.194038
23.260733 17.196205
23.250269 17.198345
23.239971 17.200424
23.229668 17.202459
23.219051 17.204679
23.208412 17.206839
23.198187 17.208960
23.187866 17.210932
23.177347 17.212950
23.166782 17.214870
23.156446 17.216627
23.145899 17.218285
23.135426 17.219896
23.127260 17.221169
23.114590 17.223007
23.103889 17.224478
23.093706 17.225828
23.083092 17.227154
23.072380 17.228733
23.062181 17.230301
23.053751 17.231636
23.040880 17.233486
23.030170 17.234848
23.019997 17.235983
23.009100 17.236919
23.000608 17.237627
22.988279 17.238882
22.977123 17.240204
22.966585 17.241484
22.956343 17.242634
22.945583 17.243872
22.935030 17.245094
22.924122 17.246273
22.913336 17.247305
22.902882 17.248470
22.891783 17.249676
22.881432 17.250761
22.870762 17.251930
22.859879 17.253078
22.849211 17.254219
22.838547 17.255341
22.827755 17.256470
22.817394 17.257523
22.816368 17.257627
22.807083 17.258528
22.796431 17.259565
22.785566 17.260622
22.775097 17.261608
22.764357 17.262627
22.753677 17.263575
22.742813 17.264469
22.732569 17.265297
22.721458 17.266140
22.711035 17.266911
22.700291 17.267712
22.689871 17.268356
22.679123 17.269053
22.668158 17.269762
22.657833 17.270424
22.646975 17.271036
22.636221 17.271688
22.626003 17.272226
22.615250 17.272774
22.614260 17.272839
22.604692 17.273285
22.594143 17.273804
22.583483 17.274319
22.572563 17.274900
22.561762 17.275497
22.551615 17.275982
22.540722 17.276529
22.530043 17.277063
22.519156 17.277597
22.508766 17.278126
22.497972 17.278593
22.487183 17.279089
22.476286 17.279552
22.466131 17.279919
22.455124 17.280289
22.444548 17.280758
22.433758 17.281248
22.423075 17.281733
22.412188 17.282225
22.401609 17.282681
22.391249 17.283154
22.380352 17.283651
22.369871 17.284100
22.358871 17.284578
22.348412 17.285000
22.337944 17.285416
22.326925 17.285852
22.316454 17.286264
22.305563 17.286674
22.295229 17.287025
22.284811 17.287340
22.273813 17.287682
22.263348 17.287977
22.252338 17.288332
22.241871 17.288605
22.230871 17.288872
22.220509 17.289148
22.210033 17.289362
22.199024 17.289597
22.188335 17.289820
22.177643 17.289997
22.167269 17.290184
22.156036 17.290373
22.145336 17.290504
22.134748 17.290670
22.124378 17.290802
22.113598 17.290924
22.102715 17.291061
22.092321 17.291203
22.091223 17.291237
22.081800 17.291353
22.071211 17.291506
22.060431 17.291601
22.049435 17.291754
22.038845 17.291906
22.028040 17.292057
22.017111 17.292257
22.006399 17.292452
21.996031 17.292616
21.994980 17.292650
21.985327 17.292801
21.974745 17.292984
21.963745 17.293158
21.953093 17.293327
21.942720 17.293522
21.931591 17.293756
21.921122 17.293943
21.910551 17.294153
21.899654 17.294365
21.888969 17.294559
21.880539 17.294712
21.867519 17.294937
21.857182 17.295126
21.846727 17.295280
21.835960 17.295427
21.824877 17.295656
21.814190 17.295815
21.803621 17.295927
21.793159 17.296099
21.782162 17.296211
21.771801 17.296295
21.761330 17.296419
21.750546 17.296473
21.739641 17.296555
21.728943 17.296635
21.718357 17.296646
21.707552 17.296698
21.697279 17.296703
21.686470 17.296703
21.675337 17.296715
21.664845 17.296684
21.654242 17.296682
21.643532 17.296650
21.632603 17.296600
21.622097 17.296602
21.610956 17.296577
21.600460 17.296511
21.589752 17.296501
21.579243 17.296497
21.570784 17.296474
21.557295 17.296471
21.547234 17.296457
21.536514 17.296490
21.525469 17.296566
21.514997 17.296555
21.503986 17.296583
21.493620 17.296644
21.482615 17.296680
21.472061 17.296726
21.461504 17.296791
21.450712 17.296864
21.439825 17.296976
21.429258 17.297049
21.418474 17.297144
21.410154 17.297245
21.397245 17.297348
21.386473 17.297482
21.376019 17.297592
21.365459 17.297676
21.355005 17.297800
21.344124 17.297932
21.333347 17.298018
21.322464 17.298107
21.312431 17.298195
21.301329 17.298296
21.290762 17.298391
21.279762 17.298431
21.269611 17.298492
21.258499 17.298576
21.257627 17.298584
21.247732 17.298594
21.236935 17.298634
21.226349 17.298670
21.216297 17.298660
21.205389 17.298677
21.194792 17.298662
21.183765 17.298620
21.172859 17.298569
21.162474 17.298500
21.151670 17.298433
21.140848 17.298378
21.130133 17.298288
21.119635 17.298233
21.109137 17.298191
21.098215 17.298126
21.087496 17.298090
21.076889 17.298038
21.066183 17.297993
21.057192 17.297985
21.044235 17.297920
21.033642 17.297909
21.023481 17.297907
21.012569 17.297874
21.001772 17.297890
20.990988 17.297901
20.980717 17.297930
20.969397 17.297962
20.958721 17.298038
20.948055 17.298048
20.937817 17.298094
20.928850 17.298128
20.916584 17.298233
20.905697 17.298323
20.895226 17.298395
20.884142 17.298494
20.873587 17.298590
20.863146 17.298664
20.852480 17.298758
20.844053 17.298824
20.830957 17.298937
20.820524 17.299047
20.809641 17.299116
20.799267 17.299154
20.788593 17.299200
20.777590 17.299210
20.766693 17.299274
20.756330 17.299297
20.745747 17.299297
20.734840 17.299297
20.724464 17.299307
20.713766 17.299271
20.702536 17.299236
20.692039 17.299198
20.683363 17.299141
20.671047 17.299099
20.659908 17.299030
20.651232 17.298981
20.640734 17.298923
20.627760 17.298832
20.616940 17.298759
20.606760 17.298710
20.595509 17.298630
20.585011 17.298586
20.574299 17.298525
20.563480 17.298462
20.552776 17.298439
20.541859 17.298401
20.531479 17.298386
20.520891 17.298359
20.519751 17.298378
20.510218 17.298326
20.501772 17.298321
20.488625 17.298349
20.478138 17.298380
20.467262 17.298380
20.456713 17.298422
20.446251 17.298433
20.435579 17.298470
20.424799 17.298523
20.414118 17.298609
20.403452 17.298683
20.394600 17.298725
20.382023 17.298819
20.371035 17.298906
20.360891 17.298944
20.350227 17.299034
20.339445 17.299084
20.328884 17.299143
20.317787 17.299223
20.307545 17.299276
20.296873 17.299328
20.285980 17.299356
20.275085 17.299368
20.264406 17.299423
20.253830 17.299423
20.243139 17.299425
20.232447 17.299417
20.222179 17.299419
20.211252 17.299370
20.200550 17.299324
20.189844 17.299292
20.179029 17.299236
20.168535 17.299183
20.157394 17.299109
20.147003 17.299042
20.136181 17.298986
20.125572 17.298899
20.114859 17.298828
20.106285 17.298796
20.093641 17.298693
20.082821 17.298643
20.071682 17.298569
20.061079 17.298506
20.050589 17.298475
20.039989 17.298422
20.028963 17.298407
20.018480 17.298374
20.007479 17.298321
19.996788 17.298328
19.988237 17.298311
19.975523 17.298336
19.965057 17.298347
19.954060 17.298409
19.943605 17.298412
19.932835 17.298435
19.922258 17.298502
19.911806 17.298569
19.901142 17.298645
19.890688 17.298691
19.881525 17.298765
19.868729 17.298845
19.858282 17.298904
19.847851 17.299011
19.837078 17.299068
19.826410 17.299128
19.815643 17.299217
19.807108 17.299253
19.796227 17.299320
19.783958 17.299364
19.772635 17.299385
19.762381 17.299429
19.751698 17.299431
19.740791 17.299431
19.730314 17.299417
19.719717 17.299404
19.709122 17.299364
19.698103 17.299314
19.687611 17.299284
19.676796 17.299225
19.665873 17.299166
19.655064 17.299110
19.644573 17.299051
19.633644 17.298998
19.622927 17.298910
19.614464 17.298880
19.601711 17.298775
19.591116 17.298685
19.580511 17.298641
19.571619 17.298578
19.559088 17.298510
19.548176 17.298456
19.539501 17.298403
19.527088 17.298386
19.516285 17.298351
19.505709 17.298300
19.494480 17.298313
19.484325 17.298317
19.473001 17.298325
19.462311 17.298355
19.452065 17.298405
19.441179 17.298410
19.430401 17.298437
19.419731 17.298491
19.409063 17.298559
19.398827 17.298628
19.387732 17.298679
19.376961 17.298761
19.366827 17.298845
19.355953 17.298908
19.344971 17.298988
19.334721 17.299030
19.323946 17.299091
19.312958 17.299173
19.302824 17.299223
19.292150 17.299271
19.283182 17.299288
19.270365 17.299316
19.259686 17.299356
19.249325 17.299355
19.238539 17.299368
19.227633 17.299353
19.216831 17.299343
19.206558 17.299305
19.195642 17.299250
19.187077 17.299202
19.176157 17.299145
19.163519 17.299091
19.152693 17.299021
19.142202 17.298960
19.131605 17.298904
19.121216 17.298828
19.110401 17.298767
19.099152 17.298691
19.088436 17.298615
19.077938 17.298569
19.066900 17.298491
19.056513 17.298435
19.045595 17.298405
19.035440 17.298334
19.024199 17.298319
19.013498 17.298288
19.003237 17.298244
18.992441 17.298246
18.981325 17.298254
18.970963 17.298256
18.961983 17.298262
18.949488 17.298336
18.939127 17.298357
18.928453 17.298397
18.917568 17.298443
18.907007 17.298510
18.896551 17.298584
18.885244 17.298634
18.874798 17.298693
18.864456 17.298788
18.853258 17.298847
18.844835 17.298925
18.832251 17.298975
18.821583 17.299034
18.810810 17.299107
18.800463 17.299154
18.789473 17.299191
18.778904 17.299221
18.768114 17.299238
18.757328 17.299273
18.746984 17.299288
18.736626 17.299301
18.725399 17.299274
18.714918 17.299265
18.704325 17.299221
18.693197 17.299162
18.682919 17.299120
18.671890 17.299055
18.661180 17.298988
18.650787 17.298904
18.639755 17.298830
18.629148 17.298769
18.618217 17.298674
18.607395 17.298590
18.597324 17.298521
18.586180 17.298441
18.577505 17.298410
18.564857 17.298328
18.554043 17.298262
18.543550 17.298222
18.532644 17.298149
18.522264 17.298126
18.511141 17.298084
18.500443 17.298046
18.490168 17.298063
18.479481 17.298059
18.468266 17.298061
18.458014 17.298065
18.447338 17.298124
18.436342 17.298134
18.426205 17.298161
18.415325 17.298203
18.404650 17.298286
18.394102 17.298332
18.383324 17.298368
18.372345 17.298410
18.361887 17.298481
18.351210 17.298519
18.340326 17.298586
18.329554 17.298634
18.319099 17.298687
18.308538 17.298761
18.297867 17.298811
18.286982 17.298845
18.276628 17.298872
18.265945 17.298891
18.254839 17.298923
18.246613 17.298916
18.233679 17.298906
18.222773 17.298883
18.214645 17.298853
18.201370 17.298819
18.190893 17.298769
18.182539 17.298719
18.169596 17.298674
18.160814 17.298618
18.148060 17.298525
18.137672 17.298449
18.126633 17.298393
18.115911 17.298294
18.105200 17.298218
18.094374 17.298134
18.084082 17.298061
18.073046 17.298002
18.062654 17.297935
18.051622 17.297855
18.040701 17.297810
18.029995 17.297754
18.019506 17.297726
18.008810 17.297686
17.998129 17.297626
17.987755 17.297630
17.976959 17.297632
17.966383 17.297638
17.955706 17.297630
17.944838 17.297661
17.934381 17.297655
17.923292 17.297676
17.914856 17.297718
17.902163 17.297785
17.891285 17.297850
17.880938 17.297894
17.869953 17.297964
17.859390 17.298038
17.848721 17.298096
17.840511 17.298168
17.827837 17.298248
17.816744 17.298300
17.806503 17.298372
17.795618 17.298422
17.784626 17.298462
17.774273 17.298485
17.763590 17.298502
17.752695 17.298529
17.742014 17.298515
17.731215 17.298510
17.720631 17.298483
17.710150 17.298470
17.699663 17.298420
17.688972 17.298365
17.678053 17.298319
17.667025 17.298252
17.656307 17.298172
17.646128 17.298084
17.635199 17.298008
17.624157 17.297935
17.613869 17.297840
17.602617 17.297750
17.592333 17.297674
17.581831 17.297594
17.571011 17.297541
17.559975 17.297457
17.549694 17.297394
17.538456 17.297342
17.527657 17.297266
17.517277 17.297237
17.506794 17.297192
17.495670 17.297146
17.485193 17.297144
17.474291 17.297142
17.464140 17.297144
17.453035 17.297142
17.442572 17.297199
17.431677 17.297213
17.421227 17.297232
17.410343 17.297268
17.399567 17.297331
17.391243 17.297371
17.378120 17.297436
17.367571 17.297483
17.359251 17.297560
17.346348 17.297615
17.337931 17.297693
17.324825 17.297760
17.314693 17.297823
17.303713 17.297901
17.293362 17.297943
17.282799 17.297985
17.272018 17.297997
17.262939 17.298023
17.252796 17.298008
17.241701 17.298050
17.231453 17.298044
17.218088 17.298023
17.207821 17.298006
17.197014 17.297958
17.186420 17.297892
17.175501 17.297848
17.164690 17.297785
17.156343 17.297731
17.143486 17.297626
17.132990 17.297544
17.122061 17.297480
17.111450 17.297382
17.100521 17.297298
17.089918 17.297209
17.079309 17.297127
17.068705 17.297077
17.057772 17.297005
17.047062 17.296928
17.036036 17.296873
17.025646 17.296816
17.014626 17.296787
17.004248 17.296743
16.993778 17.296686
16.982983 17.296675
16.972187 17.296671
16.961273 17.296694
16.950487 17.296694
16.942369 17.296701
16.929243 17.296751
16.919106 17.296778
16.910355 17.296806
16.897556 17.296867
16.886677 17.296936
16.876436 17.296974
16.865135 17.297029
16.854898 17.297108
16.844126 17.297157
16.833570 17.297241
16.822798 17.297279
16.811920 17.297323
16.801682 17.297386
16.790585 17.297432
16.780447 17.297468
16.771694 17.297468
16.758986 17.297489
16.747986 17.297506
16.737410 17.297493
16.726610 17.297476
16.716347 17.297436
16.705116 17.297417
16.694736 17.297356
16.683832 17.297291
16.675264 17.297232
16.662422 17.297165
16.651815 17.297085
16.643246 17.296997
16.630070 17.296886
16.619890 17.296812
16.608746 17.296703
16.598352 17.296619
16.587852 17.296518
16.576923 17.296427
16.566002 17.296352
16.555391 17.296276
16.544897 17.296196
16.533875 17.296118
16.523392 17.296034
16.512796 17.295994
16.501778 17.295942
16.490973 17.295893
16.480282 17.295883
16.470018 17.295868
16.459017 17.295870
16.448444 17.295858
16.437445 17.295904
16.426987 17.295897
16.416422 17.295925
16.405754 17.295967
16.397326 17.296017
16.384102 17.296106
16.373543 17.296152
16.362892 17.296257
16.352654 17.296341
16.341560 17.296398
16.331322 17.296480
16.320234 17.296562
16.309885 17.296619
16.298788 17.296690
16.288542 17.296741
16.277643 17.296795
16.267078 17.296839
16.256289 17.296837
16.245825 17.296885
16.234928 17.296915
16.224558 17.296902
16.213760 17.296900
16.203297 17.296919
16.192383 17.296883
16.181469 17.296850
16.170658 17.296818
16.159843 17.296761
16.149351 17.296701
16.139177 17.296616
16.129963 17.296581
16.117117 17.296501
16.106392 17.296419
16.095894 17.296364
16.084974 17.296318
16.074804 17.296257
16.063770 17.296200
16.052864 17.296106
16.042051 17.296064
16.031879 17.296036
16.020868 17.295959
16.009951 17.295940
15.999468 17.295938
15.988896 17.295883
15.980131 17.295881
15.967410 17.295893
15.956939 17.295910
15.946048 17.295940
15.935474 17.295994
15.924596 17.296019
15.914251 17.296064
15.903152 17.296120
15.893017 17.296190
15.882030 17.296270
15.871148 17.296318
15.860806 17.296417
15.852269 17.296480
15.839488 17.296589
15.828715 17.296675
15.817827 17.296753
15.807262 17.296808
15.796906 17.296881
15.785804 17.296936
15.775558 17.296999
15.764460 17.297045
15.753991 17.297050
15.743203 17.297096
15.732421 17.297136
15.722169 17.297138
15.711276 17.297148
15.700581 17.297146
15.689988 17.297110
15.679076 17.297081
15.668584 17.297045
15.657557 17.296989
15.647062 17.296936
15.636137 17.296858
15.625427 17.296804
15.614714 17.296747
15.604105 17.296656
15.593393 17.296595
15.582894 17.296547
15.572394 17.296471
15.561359 17.296413
15.550433 17.296349
15.539941 17.296314
15.529343 17.296278
15.518959 17.296223
15.507722 17.296200
15.497239 17.296196
15.486439 17.296160
15.475961 17.296162
15.465059 17.296173
15.454372 17.296194
15.443683 17.296236
15.432897 17.296295
15.422544 17.296329
15.411769 17.296389
15.400879 17.296434
15.390105 17.296516
15.379544 17.296595
15.369409 17.296644
15.358535 17.296741
15.348190 17.296841
15.337314 17.296913
15.326333 17.297009
15.315577 17.297117
15.305336 17.297184
15.294567 17.297272
15.283592 17.297350
15.272811 17.297426
15.262675 17.297476
15.251886 17.297485
15.240671 17.297529
15.230412 17.297558
15.220043 17.297546
15.208926 17.297546
15.200370 17.297531
15.187530 17.297508
15.177046 17.297482
15.166124 17.297445
15.156754 17.297388
15.146890 17.297342
15.136473 17.297270
15.125653 17.297215
15.115260 17.297146
15.107092 17.297100
15.094756 17.297033
15.084147 17.296940
15.072906 17.296888
15.062303 17.296841
15.052915 17.296766
15.042334 17.296713
15.031614 17.296673
15.020588 17.296633
15.011146 17.296610
15.001475 17.296574
14.990742 17.296562
14.980155 17.296564
14.969359 17.296556
14.959101 17.296591
14.949224 17.296589
14.938540 17.296629
14.927974 17.296692
14.917296 17.296703
14.907552 17.296755
14.898004 17.296804
14.887405 17.296875
14.877053 17.296951
14.865852 17.297007
14.855295 17.297100
14.846869 17.297167
14.836523 17.297249
14.823616 17.297327
14.812743 17.297409
14.803385 17.297472
14.792287 17.297539
14.781934 17.297581
14.771153 17.297644
14.760481 17.297697
14.749905 17.297710
14.739224 17.297731
14.728646 17.297758
14.717850 17.297747
14.708079 17.297745
14.698605 17.297707
14.688095 17.297693
14.677609 17.297672
14.666583 17.297602
14.656807 17.297575
14.647513 17.297525
14.636691 17.297476
14.625877 17.297424
14.617089 17.297344
14.605379 17.297264
14.594633 17.297207
14.584024 17.297129
14.573640 17.297049
14.562819 17.296980
14.553049 17.296917
14.543658 17.296871
14.532838 17.296801
14.522560 17.296768
14.511214 17.296730
14.500837 17.296698
14.490032 17.296682
14.479764 17.296654
14.468645 17.296669
14.459386 17.296675
14.449442 17.296680
14.438632 17.296707
14.428272 17.296753
14.417279 17.296791
14.407969 17.296846
14.407059 17.296862
14.407072 17.296881
14.398705 17.296896
14.388162 17.296968
14.377389 17.297050
14.366646 17.297169
14.355986 17.297268
14.345438 17.297247
14.334631 17.297119
14.324182 17.296844
14.312991 17.296383
14.302648 17.295856
14.292339 17.295506
14.281128 17.295128
14.270820 17.294727
14.259784 17.294353
14.249331 17.293762
14.238615 17.293032
14.228185 17.291939
14.217404 17.290590
14.206948 17.288979
14.196612 17.287279
14.187538 17.285927
14.175156 17.284220
14.164028 17.282574
14.153325 17.280802
14.142584 17.278757
14.132096 17.276619
14.121665 17.274336
14.110500 17.272013
14.100888 17.270895
14.090379 17.268574
14.079647 17.265911
14.068693 17.263147
14.058105 17.260582
14.047259 17.258072
14.036927 17.255890
14.026000 17.253643
14.015225 17.251606
14.004849 17.249620
13.993916 17.248028
13.983342 17.246750
13.972654 17.245079
13.962124 17.243633
13.951501 17.242456
13.941272 17.241167
13.931182 17.238934
13.921165 17.236393
13.910597 17.233200
13.900434 17.229982
13.890141 17.226717
13.880013 17.223686
13.870007 17.220846
13.860148 17.217266
13.849820 17.213030
13.840390 17.209278
13.830551 17.204811
13.820630 17.200199
13.810873 17.195364
13.801522 17.190435
13.792228 17.185640
13.782025 17.180267
13.772867 17.175257
13.763046 17.169773
13.753531 17.164415
13.744780 17.159082
13.735613 17.153502
13.726260 17.147930
13.716308 17.141613
13.707193 17.136002
13.697922 17.130198
13.689227 17.124500
13.679830 17.118279
13.671457 17.112240
13.662710 17.105925
13.654306 17.099735
13.645423 17.092886
13.636932 17.086264
13.628785 17.079695
13.620788 17.072939
13.612642 17.065929
13.604505 17.058775
13.596949 17.052048
13.589077 17.044508
13.581645 17.037563
13.573683 17.029902
13.566072 17.022501
13.558698 17.015099
13.551607 17.007292
13.544523 16.999453
13.537345 16.991781
13.529943 16.983820
13.522767 16.975571
13.515840 16.967335
13.508930 16.959009
13.502661 16.950930
13.495896 16.942225
13.489598 16.933905
13.482895 16.925274
13.476722 16.916544
13.470254 16.908255
13.464135 16.899632
13.458243 16.891804
13.452644 16.882872
13.446638 16.874331
13.441041 16.865707
13.435267 16.856600
13.429604 16.847742
13.424373 16.838968
13.418933 16.830221
13.413588 16.820831
13.408347 16.811459
13.403310 16.801624
13.398481 16.792349
13.393570 16.782799
13.389106 16.773045
13.384795 16.763048
13.380769 16.753922
13.376860 16.744127
13.372964 16.734293
13.369066 16.724295
13.365066 16.714556
13.361320 16.704473
13.358067 16.694870
13.354432 16.684523
13.351006 16.674488
13.347724 16.664740
13.344330 16.654465
13.340938 16.644623
13.337536 16.634508
13.334234 16.624338
13.330689 16.613836
13.327289 16.603506
13.324124 16.593285
13.320897 16.582941
13.317974 16.573055
13.314905 16.562365
13.311767 16.553499
13.308866 16.543230
13.305991 16.532841
13.303105 16.522366
13.300456 16.512688
13.297539 16.502251
13.294624 16.491823
13.291751 16.481901
13.289459 16.473852
13.285859 16.461216
13.282976 16.451025
13.280045 16.440851
13.277236 16.430870
13.274423 16.420668
13.272135 16.412350
13.268945 16.400320
13.266022 16.390242
13.263544 16.381893
13.259865 16.369873
13.256466 16.359222
13.253564 16.349199
13.250633 16.338951
13.247498 16.328579
13.244516 16.318415
13.241414 16.308226
13.237865 16.297720
13.234685 16.287455
13.231717 16.277445
13.228553 16.267200
13.225184 16.256611
13.222297 16.247334
13.219276 16.237625
13.215952 16.226917
13.213315 16.218687
13.209114 16.206268
13.205657 16.196093
13.203170 16.188845
13.198989 16.176823
13.195609 16.166609
13.192055 16.156002
13.188551 16.146101
13.185058 16.135817
13.182075 16.126728
13.178969 16.118855
13.174906 16.108524
13.170262 16.096323
13.166328 16.085951
13.162505 16.076284
13.158345 16.066090
13.154147 16.056196
13.149721 16.046938
13.145154 16.037010
13.140712 16.027590
13.136241 16.017677
13.131916 16.008453
13.127366 15.998781
13.122516 15.989132
13.117712 15.979671
13.112712 15.970185
13.107874 15.960690
13.102726 15.950841
13.097732 15.941294
13.092519 15.931985
13.087398 15.922617
13.082204 15.913372
13.076560 15.903528
13.071162 15.894345
13.065726 15.885438
13.059765 15.876017
13.054028 15.866542
13.048383 15.857676
13.042263 15.848533
13.036433 15.839847
13.030302 15.830717
13.024194 15.822417
13.019027 15.815478
13.011580 15.805398
13.004871 15.796727
12.998457 15.788424
12.991494 15.779757
12.984829 15.771943
12.978033 15.764187
12.970751 15.756277
12.963328 15.748394
12.956330 15.741138
12.948693 15.733389
12.941184 15.726294
12.933279 15.718708
12.925946 15.711719
12.917956 15.704034
12.909920 15.697085
12.902105 15.690145
12.894011 15.682772
12.885517 15.675571
12.878913 15.670259
12.869379 15.662813
12.860932 15.656400
12.852034 15.649787
12.845367 15.645052
12.834871 15.637664
12.826534 15.631483
12.819395 15.626247
12.809190 15.619218
12.800743 15.613540
12.791618 15.607569
12.782335 15.601972
12.773792 15.596817
12.765109 15.591881
12.755328 15.586465
12.745907 15.581397
12.738493 15.577353
12.728932 15.572333
12.717950 15.566898
12.709920 15.563255
12.698410 15.557967
12.688848 15.553518
12.679064 15.549319
12.669695 15.545126
12.660447 15.540772
12.650518 15.536684
12.640432 15.532702
12.630352 15.528859
12.620936 15.525709
12.610728 15.522101
12.600423 15.518720
12.590527 15.515721
12.581389 15.512545
12.571227 15.509360
12.560779 15.506068
12.550746 15.503084
12.540235 15.500067
12.530002 15.497124
12.519723 15.494197
12.509100 15.491288
12.499270 15.488485
12.488510 15.485539
12.477781 15.482297
12.467507 15.479187
12.456825 15.476199
12.446117 15.473787
12.436275 15.471172
12.425335 15.468354
12.414962 15.465529
12.404608 15.462780
12.393774 15.459929
12.383233 15.457346
12.373278 15.455123
12.362520 15.452839
12.352064 15.450948
12.341331 15.449434
12.330770 15.448243
12.320065 15.447232
12.309565 15.446273
12.299273 15.445349
12.288131 15.444383
12.279856 15.443651
12.267006 15.442606
12.256177 15.441722
12.245762 15.440905
12.237156 15.440214
12.224813 15.439191
12.213651 15.438225
12.203326 15.437481
12.192783 15.436723
12.182025 15.435953
12.171473 15.435246
12.160707 15.434473
12.150146 15.433682
12.139365 15.432822
12.128801 15.431969
12.118222 15.430983
12.107654 15.429882
12.096445 15.428848
12.085772 15.427869
12.074956 15.426875
12.064909 15.425936
12.053700 15.424924
12.043129 15.423939
12.032455 15.422917
12.022100 15.421986
12.011003 15.420966
12.000442 15.419999
11.990090 15.419081
11.979112 15.418118
11.968555 15.417227
11.957684 15.416306
11.946918 15.415451
11.936902 15.414639
11.926140 15.413936
11.915268 15.413208
11.904735 15.412459
11.894095 15.411802
11.883333 15.411105
11.875033 15.410709
11.862249 15.410170
11.851264 15.409772
11.840499 15.409442
11.830366 15.409096
11.819706 15.408658
11.809036 15.408201
11.797822 15.407703
11.787677 15.407377
11.776553 15.406900
11.766083 15.406484
11.755179 15.406115
11.744493 15.405778
11.733813 15.405458
11.723230 15.405213
11.712879 15.404886
11.701662 15.404527
11.691405 15.404163
11.680615 15.403786
11.670026 15.403424
11.659331 15.403172
11.648543 15.402811
11.637535 15.402528
11.627184 15.402338
11.616394 15.402073
11.605505 15.401711
11.597176 15.401447
11.584253 15.401028
11.573795 15.400690
11.562800 15.400339
11.552133 15.399980
11.541961 15.399709
11.531219 15.399191
11.520534 15.398520
11.509418 15.397943
11.499053 15.397463
11.488468 15.396946
11.477573 15.396256
11.466851 15.395459
11.456196 15.394813
11.445723 15.394148
11.435146 15.393474
11.423830 15.392676
11.413441 15.392064
11.402555 15.391422
11.392311 15.390793
11.381329 15.390180
11.370771 15.389606
11.360211 15.388986
11.349660 15.388399
11.339107 15.387820
11.327909 15.387183
11.317460 15.386625
11.306900 15.386075
11.295808 15.385458
11.285568 15.384917
11.274690 15.384329
11.264132 15.383748
11.253143 15.383168
11.242895 15.382592
11.232309 15.382015
11.221644 15.381451
11.210658 15.380788
11.199876 15.380219
11.189630 15.379475
11.178841 15.378523
11.167837 15.377459
11.157280 15.376446
11.146521 15.375634
11.135968 15.374817
11.125625 15.373997
11.116774 15.373302
11.103973 15.372239
11.093303 15.371384
11.082847 15.370523
11.071854 15.369603
11.061712 15.368793
11.050513 15.367872
11.040288 15.367046
11.029721 15.366199
11.018415 15.365304
11.008068 15.364505
10.997614 15.363717
10.987052 15.362961
10.976387 15.362177
10.965212 15.361412
10.954987 15.360763
10.943796 15.360154
10.933463 15.359582
10.922797 15.358974
10.912249 15.358422
10.901791 15.357911
10.890906 15.357352
10.879818 15.356838
10.871381 15.356439
10.859002 15.355887
10.848004 15.355428
10.837641 15.355002
10.827065 15.354601
10.816273 15.354198
10.805586 15.353823
10.794472 15.353444
10.783784 15.353089
10.773407 15.352742
10.762386 15.352366
10.751918 15.352057
10.741218 15.351717
10.730610 15.351373
10.719820 15.351083
10.708888 15.350691
10.698509 15.350506
10.687593 15.350270
10.676906 15.349769
10.666122 15.349099
10.655456 15.348552
10.644913 15.347938
10.634030 15.347244
10.624047 15.346682
10.613058 15.346077
10.602715 15.345460
10.592048 15.344821
10.581076 15.344141
10.570311 15.343444
10.559865 15.342741
10.549194 15.342027
10.538361 15.341277
10.527830 15.340531
10.517266 15.339823
10.506495 15.339057
10.495611 15.338289
10.485383 15.337582
10.474501 15.336860
10.463941 15.336159
10.453381 15.335434
10.442609 15.334710
10.431617 15.334038
10.420843 15.333345
10.410178 15.332648
10.399940 15.332038
10.389380 15.331408
10.378608 15.330771
10.368043 15.330170
10.357127 15.329386
10.346444 15.328429
10.336095 15.327604
10.325206 15.326674
10.314337 15.325712
10.303582 15.324931
10.293360 15.324180
10.282390 15.323399
10.272162 15.322660
10.261189 15.321865
10.250533 15.321121
10.239985 15.320338
10.229329 15.319588
10.218242 15.318867
10.207799 15.318161
10.197143 15.317497
10.186468 15.316850
10.175903 15.316099
10.165029 15.315491
10.154675 15.314888
10.144012 15.314185
10.133017 15.313445
10.122667 15.312742
10.112236 15.312052
10.101041 15.311296
10.090817 15.310681
10.080267 15.310239
10.069383 15.309597
10.058291 15.308958
10.048054 15.308343
10.037395 15.307734
10.026411 15.307107
10.016075 15.306556
10.005521 15.306002
9.994434 15.305392
9.983678 15.304886
9.973444 15.304389
9.962670 15.303867
9.952003 15.303411
9.941655 15.302955
9.930988 15.302513
9.920009 15.302132
9.909221 15.301709
9.898543 15.301364
9.888288 15.301023
9.877294 15.300710
9.866609 15.300440
9.855809 15.300159
9.845325 15.299911
9.834608 15.299660
9.824216 15.299419
9.813488 15.299184
9.802374 15.299014
9.791763 15.298857
9.780615 15.298717
9.770216 15.298654
9.759493 15.298528
9.749096 15.298363
9.737952 15.298223
9.727234 15.298079
9.716949 15.297897
9.706241 15.297778
9.695540 15.297626
9.684533 15.297448
9.673733 15.297292
9.663151 15.297111
9.652253 15.296921
9.641891 15.296745
9.631006 15.296539
9.620230 15.296346
9.609881 15.296160
9.598791 15.295927
9.588345 15.295745
9.578015 15.295552
9.567253 15.295310
9.556496 15.295106
9.546062 15.294903
9.535414 15.294699
9.524660 15.294495
9.513803 15.294279
9.503045 15.294095
9.492711 15.293917
9.481952 15.293740
9.471288 15.293578
9.460415 15.293427
9.449961 15.293294
9.439394 15.293170
9.428505 15.293073
9.417927 15.292975
9.407136 15.292892
9.396870 15.292823
9.386059 15.292749
9.375242 15.292724
9.364638 15.292692
9.353706 15.292647
9.342769 15.292645
9.332252 15.292679
9.321526 15.292627
9.310899 15.292666
9.299836 15.292697
9.289315 15.292694
9.278582 15.292744
9.268058 15.292767
9.257322 15.292813
9.246593 15.292866
9.235539 15.292882
9.224596 15.292904
9.214194 15.292959
9.203156 15.292983
9.192451 15.292995
9.182062 15.293025
9.171364 15.292998
9.160993 15.293039
9.149774 15.293039
9.139314 15.293014
9.128853 15.293036
9.120111 15.293016
9.109559 15.293012
9.096773 15.292977
9.088043 15.292954
9.075376 15.292918
9.064736 15.292889
9.054418 15.292855
9.043468 15.292825
9.032724 15.292777
9.021979 15.292730
9.011658 15.292712
9.001333 15.292676
8.990372 15.292636
8.979508 15.292623
8.968639 15.292604
8.958191 15.292603
8.947737 15.292589
8.937069 15.292590
8.926389 15.292629
8.915808 15.292651
8.905225 15.292677
8.894311 15.292741
8.883712 15.292801
8.872468 15.292863
8.862391 15.292941
8.851240 15.293033
8.840301 15.293150
8.830102 15.293226
8.821193 15.293313
8.807981 15.293450
8.797671 15.293563
8.786714 15.293672
8.775969 15.293806
8.767700 15.293865
8.754606 15.293984
8.744085 15.294125
8.733567 15.294209
8.722309 15.294310
8.712013 15.294390
8.701192 15.294459
8.690051 15.294534
8.679883 15.294577
8.668763 15.294631
8.658179 15.294681
8.647818 15.294706
8.636719 15.294716
8.626472 15.294744
8.615706 15.294753
8.604943 15.294740
8.594398 15.294741
8.583754 15.294731
8.573214 15.294706
8.562575 15.294688
8.551513 15.294662
8.541192 15.294654
8.530347 15.294618
8.519496 15.294580
8.509387 15.294566
8.498639 15.294538
8.487783 15.294519
8.477026 15.294514
8.466469 15.294510
8.455914 15.294518
8.445251 15.294519
8.434260 15.294540
8.423686 15.294585
8.413000 15.294612
8.402312 15.294654
8.391503 15.294740
8.381332 15.294805
8.370512 15.294881
8.359577 15.294966
8.348964 15.295062
8.337914 15.295186
8.327515 15.295245
8.316463 15.295356
8.306043 15.295472
8.295410 15.295583
8.284234 15.295699
8.273595 15.295836
8.262757 15.295956
8.252339 15.296021
8.241604 15.296163
8.230980 15.296253
8.219935 15.296353
8.209424 15.296441
8.198708 15.296510
8.187996 15.296586
8.177184 15.296634
8.166386 15.296691
8.155695 15.296744
8.145120 15.296774
8.134766 15.296783
8.126231 15.296813
8.113115 15.296821
8.102245 15.296806
8.092020 15.296808
8.081377 15.296799
8.070518 15.296769
8.060198 15.296756
8.049454 15.296727
8.038603 15.296720
8.028289 15.296687
8.017438 15.296648
8.006583 15.296636
7.995939 15.296605
7.985723 15.296582
7.975073 15.296570
7.964524 15.296552
7.953330 15.296560
7.942881 15.296557
7.931996 15.296574
7.921637 15.296616
7.911272 15.296643
7.900153 15.296675
7.889546 15.296768
7.878830 15.296843
7.867689 15.296912
7.857398 15.296990
7.846786 15.297084
7.836056 15.297208
7.825108 15.297276
7.814374 15.297382
7.803847 15.297501
7.793108 15.297603
7.781934 15.297708
7.771841 15.297835
7.760674 15.297954
7.749824 15.298024
7.738981 15.298162
7.728249 15.298247
7.717952 15.298329
7.706802 15.298426
7.696622 15.298484
7.685802 15.298559
7.675205 15.298606
7.664514 15.298653
7.653394 15.298710
7.642605 15.298736
7.632359 15.298747
7.621381 15.298760
7.610725 15.298751
7.600388 15.298723
7.589204 15.298711
7.579197 15.298665
7.568339 15.298631
7.557491 15.298580
7.546855 15.298526
7.536101 15.298488
7.525882 15.298415
7.514712 15.298347
7.504715 15.298305
7.493647 15.298236
7.482785 15.298175
7.472135 15.298128
7.461692 15.298097
7.450925 15.298069
7.442392 15.298045
7.430119 15.297998
7.419014 15.298018
7.408746 15.298030
7.397628 15.298019
7.387027 15.298070
7.375992 15.298107
7.365389 15.298135
7.354663 15.298208
7.344584 15.298233
7.333531 15.298326
7.322796 15.298382
7.311741 15.298441
7.301003 15.298533
7.290265 15.298591
7.279846 15.298666
7.269001 15.298768
7.258044 15.298825
7.247626 15.298877
7.236892 15.298976
7.226163 15.299041
7.215653 15.299073
7.204608 15.299131
7.194000 15.299160
7.183399 15.299214
7.172801 15.299242
7.161998 15.299218
7.151095 15.299258
7.140521 15.299248
7.129953 15.299212
7.128679 15.299206
7.128680 15.299205
7.119273 15.299215
7.108185 15.299163
7.097628 15.299129
7.087297 15.299087
7.076228 15.299013
7.066008 15.298974
7.055265 15.298909
7.044418 15.298848
7.033566 15.298800
7.023139 15.298716
7.012607 15.298649
7.001858 15.298619
6.993662 15.298546
6.980464 15.298491
6.970132 15.298433
6.959148 15.298417
6.948809 15.298392
6.937714 15.298347
6.927673 15.298320
6.916780 15.298335
6.906307 15.298338
6.895196 15.298315
6.884388 15.298354
6.873685 15.298378
6.863297 15.298406
6.852149 15.298468
6.841744 15.298505
6.831231 15.298590
6.820395 15.298639
6.809986 15.298698
6.798712 15.298798
6.787759 15.298855
6.777127 15.298935
6.766709 15.299033
6.756078 15.299086
6.745446 15.299137
6.734497 15.299234
6.723775 15.299307
6.712621 15.299334
6.702327 15.299399
6.691518 15.299441
6.680490 15.299493
6.670318 15.299524
6.659410 15.299502
6.648608 15.299535
6.637820 15.299527
6.627256 15.299490
6.616693 15.299500
6.606031 15.299446
6.595263 15.299409
6.584611 15.299372
6.573859 15.299301
6.563426 15.299258
6.552465 15.299188
6.542360 15.299123
6.531401 15.299073
6.521186 15.298988
6.510122 15.298904
6.499479 15.298872
6.488942 15.298794
6.478501 15.298738
6.467423 15.298670
6.456982 15.298634
6.446537 15.298607
6.435762 15.298562
6.424875 15.298512
6.414090 15.298525
6.403510 15.298522
6.392806 15.298516
6.382214 15.298551
6.371176 15.298581
6.360891 15.298604
6.349851 15.298661
6.339238 15.298682
6.328725 15.298758
6.317992 15.298801
6.307262 15.298860
6.296631 15.298944
6.285892 15.298986
6.274724 15.299065
6.263885 15.299166
6.253589 15.299230
6.242420 15.299274
6.232008 15.299367
6.221388 15.299418
6.210425 15.299469
6.199708 15.299539
6.188990 15.299318
6.178483 15.298909
6.167785 15.298523
6.157331 15.298130
6.146224 15.297417
6.135446 15.296861
6.124784 15.296267
6.114472 15.295691
6.103634 15.295034
6.093011 15.294447
6.082887 15.293921
6.071706 15.293286
6.061373 15.292703
6.050511 15.292064
6.040072 15.291408
6.029207 15.290738
6.018878 15.290032
6.008120 15.289347
5.997360 15.288626
5.986493 15.287908
5.976160 15.287250
5.965376 15.286577
5.954489 15.285872
5.943936 15.285189
5.933063 15.284514
5.922933 15.283877
5.911948 15.283200
5.901599 15.282571
5.890715 15.281920
5.880047 15.281303
5.869372 15.280689
5.858694 15.280090
5.848233 15.279545
5.837073 15.278903
5.826505 15.278115
5.815645 15.277218
5.805067 15.276245
5.794713 15.275413
5.783827 15.274634
5.773471 15.273942
5.762373 15.273131
5.751598 15.272386
5.741246 15.271677
5.730258 15.270877
5.719695 15.270159
5.709026 15.269398
5.698571 15.268731
5.688118 15.268116
5.677245 15.267375
5.666792 15.266703
5.656119 15.266013
5.645123 15.265252
5.634672 15.264542
5.623793 15.263904
5.613247 15.263264
5.602475 15.262551
5.592134 15.261926
5.581149 15.261332
5.570384 15.260684
5.559836 15.260067
5.549291 15.259483
5.538639 15.258836
5.528097 15.258247
5.517345 15.257627
5.507022 15.257050
5.496171 15.256465
5.485219 15.255892
5.475216 15.255399
5.464354 15.254844
5.453592 15.254351
5.443038 15.253855
5.432606 15.253423
5.421225 15.253005
5.410667 15.252559
5.400118 15.252194
5.389771 15.251860
5.378885 15.251471
5.367980 15.251168
5.357298 15.250861
5.346717 15.250585
5.336002 15.250336
5.325315 15.250111
5.314582 15.249887
5.303748 15.249664
5.293122 15.249457
5.282624 15.249317
5.271470 15.249132
5.260722 15.248974
5.250200 15.248827
5.239467 15.248697
5.228524 15.248568
5.218224 15.248406
5.207280 15.248258
5.196769 15.248137
5.185735 15.247955
5.175025 15.247814
5.164320 15.247663
5.155995 15.247531
5.143163 15.247351
5.132697 15.247168
5.121596 15.246964
5.111135 15.246810
5.100263 15.246605
5.089929 15.246407
5.079069 15.246227
5.068741 15.246036
5.057771 15.245839
5.046920 15.245640
5.036506 15.245459
5.025766 15.245282
5.015345 15.245103
5.004611 15.244917
4.993866 15.244735
4.983335 15.244555
4.972588 15.244401
4.962477 15.244256
4.951510 15.244102
4.940962 15.243977
4.930520 15.243877
4.919741 15.243782
4.908705 15.243678
4.898001 15.243322
4.887308 15.242764
4.876553 15.242113
4.865945 15.241546
4.854900 15.240984
4.844492 15.240417
4.833545 15.239690
4.822927 15.239234
4.812419 15.238814
4.801268 15.238386
4.790557 15.237933
4.780360 15.237517
4.769204 15.237081
4.758708 15.236630
4.747672 15.236174
4.737067 15.235723
4.726463 15.235249
4.716085 15.234812
4.704955 15.234300
4.694147 15.233784
4.683562 15.233305
4.672782 15.232739
4.662433 15.232263
4.651422 15.231498
4.640844 15.230673
4.630410 15.229749
4.619613 15.228581
4.609124 15.227572
4.598340 15.226539
4.587696 15.225590
4.577135 15.224523
4.566691 15.223421
4.555462 15.222092
4.544425 15.220871
4.533743 15.219646
4.522987 15.218305
4.512385 15.216805
4.501824 15.215200
4.490955 15.213595
4.480104 15.211769
4.469296 15.210043
4.458663 15.208390
4.449194 15.207157
4.438830 15.204965
4.427950 15.202670
4.419324 15.200894
4.408693 15.198752
4.397520 15.197114
4.386721 15.194775
4.378059 15.193074
4.365732 15.190634
4.354784 15.188463
4.345913 15.186834
4.335454 15.184010
4.324787 15.181331
4.314462 15.178745
4.306321 15.176700
4.293741 15.173478
4.284249 15.171547
4.273717 15.168387
4.263654 15.165328
4.253616 15.162356
4.243159 15.158875
4.233170 15.155618
4.222355 15.151917
4.212558 15.148380
4.202353 15.144618
4.192182 15.140654
4.181995 15.136577
4.172149 15.132831
4.162067 15.128895
4.151573 15.124700
4.141651 15.120990
4.132288 15.117114
4.123584 15.113374
4.114202 15.108736
4.104425 15.104139
4.094658 15.100018
4.084363 15.094662
4.074041 15.089707
4.064434 15.085040
4.054619 15.080158
4.045021 15.075126
4.035024 15.070009
4.025576 15.065042
4.015874 15.059948
4.006239 15.054691
3.996825 15.049608
3.987244 15.043960
3.978020 15.038569
3.968847 15.032854
3.959710 15.027126
3.951448 15.021859
3.943549 15.016904
3.934765 15.011104
3.925640 15.004995
3.917063 14.998905
3.908723 14.992827
3.899625 14.986472
3.890893 14.980062
3.882322 14.973387
3.874081 14.966786
3.865956 14.960095
3.858175 14.953826
3.850897 14.947688
3.843498 14.941389
3.837156 14.936048
3.829440 14.929024
3.821503 14.921716
3.813478 14.914206
3.805627 14.906642
3.797930 14.899055
3.790472 14.891591
3.782676 14.883654
3.775414 14.876177
3.767869 14.868323
3.760228 14.860494
3.752744 14.852502
3.745266 14.844555
3.738221 14.836776
3.731107 14.828723
3.723944 14.820424
3.717193 14.812544
3.710715 14.804448
3.703800 14.796172
3.697407 14.787991
3.690701 14.779563
3.684304 14.771116
3.678752 14.763721
3.672518 14.755627
3.665849 14.747013
3.659896 14.738876
3.653731 14.730119
3.647816 14.721515
3.642077 14.712787
3.636417 14.703756
3.630886 14.694881
3.625465 14.686179
3.619872 14.676649
3.614422 14.667872
3.609384 14.658467
3.603849 14.649336
3.599191 14.641236
3.594104 14.632021
3.589028 14.622929
3.584113 14.613716
3.579242 14.604029
3.574259 14.594522
3.569357 14.585210
3.564087 14.575682
3.559459 14.566444
3.554561 14.557290
3.549790 14.547570
3.545081 14.538289
3.540185 14.528692
3.535626 14.519440
3.531279 14.509693
3.526919 14.500834
3.522744 14.491093
3.518345 14.481362
3.514225 14.472079
3.510349 14.463215
3.506460 14.454265
3.502337 14.444570
3.498583 14.435513
3.494792 14.425837
3.490633 14.416522
3.487064 14.407690
3.484383 14.398001
3.481118 14.388762
3.477992 14.378496
3.475061 14.368996
3.472004 14.358454
3.468943 14.349396
3.466746 14.339879
3.464183 14.329351
3.461644 14.319348
3.459026 14.308997
3.456498 14.298654
3.453692 14.288144
3.450851 14.277751
3.448231 14.267299
3.445752 14.257374
3.442879 14.247709
3.441055 14.237595
3.439285 14.227214
3.437137 14.216695
3.434767 14.207146
3.432774 14.198019
3.430937 14.187630
3.429006 14.177813
3.427205 14.167428
3.425390 14.158117
3.423639 14.148758
3.422001 14.138566
3.420096 14.128071
3.418266 14.117749
3.416245 14.108039
3.414761 14.098894
3.413325 14.088976
3.411716 14.078387
3.410088 14.068026
3.408514 14.058595
3.407071 14.049368
3.405797 14.039373
3.404406 14.028531
3.402908 14.018260
3.401667 14.009064
3.400598 13.999518
3.399668 13.989450
3.398848 13.978622
3.398031 13.968038
3.396893 13.958804
3.395690 13.949117
3.394329 13.939538
3.393177 13.929115
3.393062 13.928440
3.393062 13.928440
3.393062 13.928440
3.393065 13.928442
3.393090 13.928455
3.393117 13.928471
3.393142 13.928484
3.393168 13.928498
3.393194 13.928513
3.393220 13.928527
3.393245 13.928541
3.393272 13.928556
3.393297 13.928570
3.393323 13.928584
3.393350 13.928599
3.393375 13.928613
3.393401 13.928627
3.393426 13.928640
3.393452 13.928656
3.393478 13.928669
3.393505 13.928684
3.393530 13.928699
3.393557 13.928713
3.393582 13.928727
3.393609 13.928741
3.393635 13.928756
3.393659 13.928770
3.393687 13.928784
3.393712 13.928799
3.393739 13.928813
3.393764 13.928827
3.393790 13.928842
3.393816 13.928856
3.393842 13.928870
3.393870 13.928885
3.393895 13.928900
3.393922 13.928914
3.393946 13.928928
3.393973 13.928943
3.393999 13.928957
3.394024 13.928970
3.394051 13.928987
3.394076 13.929000
3.394103 13.929014
3.394129 13.929029
3.394156 13.929044
3.394182 13.929058
3.394207 13.929071
3.394233 13.929087
3.394259 13.929101
3.394285 13.929115
3.394311 13.929130
3.394338 13.929144
3.394364 13.929158
3.394391 13.929173
3.394417 13.929188
3.394441 13.929201
3.394468 13.929215
3.394495 13.929231
3.394521 13.929246
3.394546 13.929259
3.394573 13.929274
3.394600 13.929289
3.394626 13.929303
3.394651 13.929317
3.394678 13.929332
3.394703 13.929346
3.394729 13.929360
3.394757 13.929376
3.394782 13.929389
3.394809 13.929405
3.394835 13.929419
3.394861 13.929433
3.394887 13.929447
3.394912 13.929461
3.394941 13.929477
3.394965 13.929491
3.394991 13.929505
3.395017 13.929520
3.395044 13.929534
3.395070 13.929548
3.395096 13.929563
3.395123 13.929578
3.395148 13.929592
3.395175 13.929606
3.395201 13.929621
3.395227 13.929635
3.395255 13.929651
3.395280 13.929665
3.395307 13.929680
3.395333 13.929694
3.395360 13.929709
3.395382 13.929721
3.395412 13.929738
3.395438 13.929752
3.395465 13.929767
3.395492 13.929782
3.395516 13.929795
3.395545 13.929811
3.395569 13.929824
3.395597 13.929840
3.395624 13.929855
3.395649 13.929869
3.395677 13.929884
3.395703 13.929898
3.395728 13.929913
3.395756 13.929928
3.395781 13.929941
3.395808 13.929956
3.395834 13.929971
3.395860 13.929986
3.395888 13.930000
3.395912 13.930015
3.395940 13.930030
3.395965 13.930043
3.395993 13.930059
3.396019 13.930073
3.396045 13.930088
3.396071 13.930102
3.396098 13.930117
3.396124 13.930131
3.396151 13.930146
3.396173 13.930159
3.396204 13.930175
3.396231 13.930190
3.396257 13.930204
3.396284 13.930220
3.396310 13.930234
3.396336 13.930249
3.396364 13.930264
3.396389 13.930278
3.396416 13.930293
3.396441 13.930306
3.396469 13.930323
3.396495 13.930336
3.396522 13.930351
3.396549 13.930367
3.396574 13.930380
3.396601 13.930395
3.396628 13.930409
3.396654 13.930425
3.396682 13.930440
3.396708 13.930454
3.396733 13.930468
3.396760 13.930483
3.396787 13.930498
3.396814 13.930513
3.396840 13.930528
3.396867 13.930542
3.396894 13.930557
3.396920 13.930572
3.396947 13.930587
3.396973 13.930601
3.396999 13.930615
3.397026 13.930631
3.397052 13.930645
3.397080 13.930660
3.397106 13.930675
3.397134 13.930691
3.397160 13.930705
3.397187 13.930719
3.397214 13.930735
3.397239 13.930748
3.397266 13.930763
3.397288 13.930776
3.397318 13.930792
3.397347 13.930808
3.397374 13.930823
3.397400 13.930838
3.397428 13.930853
