26.000000 2.999634
25.992071 2.999600
25.981024 2.998792
25.970366 2.998142
25.959572 2.997527
25.949045 2.996716
25.938387 2.996206
25.927959 2.995830
25.918716 2.996505
25.908203 2.996281
25.897875 2.996043
25.887661 2.996038
25.877359 2.995778
25.866756 2.995114
25.856485 2.993893
25.846371 2.991983
25.835716 2.989397
25.825665 2.986655
25.815901 2.983752
25.806683 2.981700
25.796515 2.978517
25.786682 2.975512
25.776390 2.972037
25.766293 2.968600
25.755991 2.965061
25.748411 2.962059
25.736088 2.957158
25.724850 2.953399
25.714186 2.949583
25.703419 2.946276
25.693142 2.943019
25.683195 2.939980
25.672604 2.936959
25.662081 2.933956
25.651903 2.931122
25.641823 2.928280
25.631310 2.925368
25.621027 2.922440
25.610277 2.919482
25.599945 2.916541
25.599087 2.916259
25.589880 2.913614
25.580500 2.910007
25.571083 2.907294
25.560562 2.905186
25.550137 2.903043
25.539457 2.900750
25.528948 2.898543
25.519102 2.896014
25.508301 2.893868
25.498217 2.891980
25.487350 2.890228
25.477182 2.888424
25.466503 2.886307
25.455919 2.884191
25.445276 2.882285
25.435167 2.880433
25.424326 2.878460
25.413656 2.876764
25.403095 2.875136
25.392733 2.873558
25.381838 2.871970
25.371700 2.870564
25.360704 2.869218
25.350155 2.867984
25.339407 2.866826
25.330772 2.865926
25.317938 2.864782
25.307333 2.863882
25.296890 2.863107
25.285980 2.862274
25.275154 2.861548
25.264347 2.860783
25.253960 2.860199
25.242937 2.859618
25.232578 2.859108
25.221994 2.858878
25.211426 2.858851
25.200327 2.858840
25.191803 2.858841
25.179043 2.858890
25.168825 2.858973
25.158131 2.859020
25.147217 2.859119
25.136744 2.859262
25.125681 2.859504
25.115456 2.859703
25.104492 2.859932
25.093735 2.860170
25.083187 2.860402
25.073011 2.860640
25.062252 2.860920
25.051699 2.861182
25.040876 2.861445
25.029989 2.861802
25.019403 2.862148
25.008404 2.862537
24.998037 2.862896
24.987024 2.863312
24.976219 2.863726
24.975515 2.863736
24.966070 2.864119
24.955685 2.864561
24.944649 2.865015
24.934872 2.865414
24.924440 2.865915
24.913286 2.866380
24.902557 2.866830
24.892349 2.867299
24.881405 2.867784
24.870783 2.868262
24.859625 2.868782
24.848900 2.869264
24.840427 2.869685
24.827812 2.870274
24.817324 2.870762
24.806074 2.871282
24.795586 2.871743
24.785208 2.872185
24.773983 2.872684
24.773245 2.872697
24.763603 2.873098
24.753139 2.873519
24.742256 2.873968
24.731379 2.874387
24.723068 2.874711
24.712843 2.875098
24.699747 2.875561
24.689318 2.875948
24.678679 2.876318
24.667830 2.876655
24.657087 2.877038
24.646772 2.877365
24.635603 2.877710
24.624935 2.878111
24.614397 2.878425
24.603760 2.878768
24.593222 2.879100
24.585131 2.879341
24.571821 2.879774
24.561680 2.880099
24.550694 2.880448
24.540134 2.880800
24.529356 2.881148
24.518465 2.881523
24.507675 2.881900
24.497078 2.882227
24.486706 2.882618
24.476007 2.883020
24.465193 2.883379
24.454468 2.883809
24.444048 2.884223
24.433010 2.884623
24.422085 2.885026
24.411253 2.885440
24.400852 2.885823
24.390127 2.886205
24.379507 2.886578
24.368462 2.887013
24.358271 2.887368
24.356894 2.887412
24.347713 2.887720
24.336586 2.888088
24.325663 2.888447
24.315058 2.888801
24.304781 2.889121
24.293652 2.889468
24.283382 2.889768
24.272692 2.890050
24.261786 2.890361
24.251192 2.890648
24.240606 2.890935
24.229931 2.891211
24.218815 2.891454
24.208138 2.891691
24.197802 2.891902
24.187256 2.892071
24.176172 2.892240
24.166050 2.892396
24.154947 2.892528
24.144503 2.892688
24.133635 2.892816
24.123194 2.892907
24.112129 2.893031
24.101896 2.893118
24.091015 2.893231
24.080442 2.893341
24.069550 2.893426
24.059076 2.893578
24.048189 2.893704
24.047392 2.893703
24.037489 2.893800
24.026791 2.893960
24.016397 2.894144
24.005766 2.894336
23.994843 2.894528
23.984268 2.894670
23.973700 2.894805
23.962801 2.894972
23.951981 2.895136
23.941164 2.895318
23.930563 2.895490
23.919956 2.895680
23.909456 2.895858
23.898849 2.896035
23.887918 2.896218
23.877312 2.896378
23.868307 2.896518
23.856018 2.896668
23.845215 2.896789
23.834177 2.896960
23.823448 2.897070
23.812532 2.897169
23.802147 2.897314
23.791248 2.897411
23.780552 2.897480
23.771990 2.897583
23.759584 2.897657
23.748898 2.897718
23.738323 2.897774
23.729460 2.897780
23.716974 2.897805
23.706108 2.897765
23.695654 2.897735
23.684776 2.897724
23.674212 2.897686
23.665462 2.897655
23.652874 2.897605
23.644339 2.897582
23.631533 2.897527
23.620850 2.897523
23.610065 2.897440
23.599047 2.897433
23.588375 2.897411
23.577593 2.897363
23.567457 2.897342
23.556486 2.897269
23.546032 2.897227
23.534929 2.897248
23.524246 2.897223
23.523483 2.897231
23.514179 2.897219
23.502872 2.897228
23.492289 2.897236
23.481703 2.897286
23.471220 2.897329
23.460415 2.897368
23.449608 2.897468
23.441044 2.897501
23.428198 2.897587
23.427282 2.897569
23.417595 2.897683
23.406881 2.897772
23.398209 2.897856
23.385571 2.897981
23.374866 2.898068
23.364050 2.898180
23.353447 2.898301
23.342737 2.898373
23.332022 2.898453
23.321104 2.898544
23.310720 2.898584
23.299915 2.898688
23.288990 2.898716
23.278292 2.898753
23.267492 2.898830
23.256916 2.898850
23.246256 2.898900
23.235687 2.898941
23.225004 2.898925
23.214546 2.898930
23.203678 2.898884
23.192686 2.898814
23.182226 2.898795
23.171659 2.898750
23.160870 2.898701
23.149973 2.898636
23.139757 2.898520
23.128775 2.898463
23.118105 2.898417
23.107328 2.898320
23.096870 2.898283
23.085983 2.898238
23.075630 2.898166
23.064848 2.898127
23.053959 2.898076
23.043491 2.898042
23.033026 2.898044
23.021914 2.897994
23.011333 2.897998
23.000967 2.898007
22.989956 2.898008
22.979483 2.898027
22.968920 2.898028
22.957798 2.898046
22.947210 2.898115
22.936954 2.898148
22.925936 2.898191
22.915014 2.898266
22.904629 2.898332
22.893814 2.898417
22.883106 2.898512
22.872610 2.898561
22.861794 2.898663
22.850874 2.898761
22.840166 2.898805
22.829466 2.898897
22.818674 2.898994
22.807970 2.899036
22.797485 2.899094
22.796576 2.899081
22.787157 2.899139
22.776245 2.899171
22.765768 2.899213
22.755177 2.899198
22.744370 2.899187
22.733685 2.899194
22.722788 2.899156
22.712210 2.899138
22.701412 2.899110
22.690948 2.899036
22.680166 2.898999
22.669714 2.898940
22.658941 2.898864
22.648382 2.898827
22.637606 2.898732
22.626724 2.898682
22.616480 2.898646
22.605482 2.898533
22.594917 2.898491
22.593863 2.898494
22.584183 2.898424
22.573612 2.898344
22.563044 2.898304
22.552473 2.898241
22.541805 2.898201
22.531235 2.898185
22.520338 2.898137
22.509438 2.898135
22.498749 2.898139
22.488379 2.898125
22.477571 2.898169
22.466991 2.898190
22.455866 2.898212
22.445601 2.898272
22.434706 2.898310
22.424002 2.898365
22.413187 2.898453
22.402588 2.898501
22.391661 2.898581
22.381372 2.898669
22.370346 2.898719
22.360069 2.898824
22.349264 2.898926
22.338230 2.898972
22.327742 2.899046
22.316931 2.899108
22.306225 2.899166
22.295639 2.899220
22.284744 2.899275
22.283949 2.899280
22.274633 2.899317
22.263605 2.899337
22.253115 2.899307
22.242096 2.899295
22.231741 2.899313
22.220638 2.899274
22.210505 2.899279
22.199823 2.899260
22.188845 2.899211
22.178495 2.899186
22.167503 2.899121
22.156616 2.899056
22.145947 2.899011
22.135275 2.898912
22.124819 2.898869
22.114256 2.898818
22.103477 2.898714
22.092913 2.898666
22.082348 2.898603
22.071461 2.898532
22.060999 2.898493
22.050533 2.898427
22.039745 2.898404
22.028734 2.898402
22.018158 2.898348
22.007578 2.898342
21.996462 2.898341
21.987907 2.898330
21.975510 2.898346
21.974337 2.898370
21.964684 2.898407
21.954205 2.898423
21.943089 2.898456
21.932276 2.898525
21.921999 2.898567
21.910866 2.898646
21.900373 2.898683
21.889774 2.898768
21.878853 2.898864
21.868149 2.898913
21.859907 2.899004
21.846621 2.899087
21.836126 2.899125
21.827562 2.899204
21.814505 2.899259
21.803801 2.899314
21.795349 2.899349
21.782513 2.899384
21.772030 2.899405
21.761019 2.899435
21.750349 2.899456
21.740089 2.899441
21.729208 2.899467
21.718523 2.899402
21.707844 2.899386
21.697269 2.899367
21.686485 2.899289
21.675917 2.899247
21.665249 2.899159
21.654366 2.899088
21.643908 2.899041
21.633352 2.898927
21.622683 2.898876
21.611588 2.898813
21.601126 2.898716
21.590233 2.898673
21.579988 2.898608
21.569098 2.898533
21.558632 2.898495
21.547613 2.898450
21.536718 2.898423
21.526680 2.898398
21.515997 2.898347
21.504990 2.898342
21.494192 2.898337
21.483501 2.898319
21.473135 2.898340
21.462145 2.898342
21.451538 2.898379
21.442759 2.898465
21.432264 2.898473
21.419209 2.898545
21.408510 2.898607
21.397804 2.898639
21.387526 2.898724
21.378853 2.898803
21.365681 2.898855
21.355186 2.898947
21.344267 2.899031
21.334093 2.899070
21.323057 2.899127
21.312248 2.899180
21.301435 2.899240
21.291382 2.899278
21.280254 2.899303
21.269663 2.899323
21.258652 2.899348
21.247959 2.899336
21.237377 2.899322
21.226904 2.899323
21.216005 2.899255
21.205313 2.899219
21.194527 2.899198
21.184061 2.899117
21.173706 2.899077
21.162914 2.898978
21.152136 2.898913
21.141241 2.898850
21.130894 2.898755
21.120024 2.898721
21.109356 2.898664
21.098701 2.898547
21.090277 2.898512
21.077576 2.898419
21.066580 2.898347
21.056227 2.898304
21.045654 2.898232
21.034557 2.898189
21.024202 2.898158
21.013081 2.898120
21.002501 2.898113
20.992346 2.898106
20.981121 2.898087
20.970642 2.898112
20.959839 2.898148
20.949568 2.898167
20.938869 2.898214
20.927525 2.898270
20.917034 2.898316
20.906542 2.898392
20.895836 2.898428
20.885235 2.898515
20.874313 2.898605
20.863811 2.898637
20.852568 2.898729
20.841969 2.898814
20.831585 2.898844
20.820671 2.898914
20.810080 2.898966
20.799589 2.899027
20.788792 2.899080
20.777870 2.899095
20.767487 2.899105
20.756817 2.899162
20.745808 2.899149
20.734900 2.899133
20.724514 2.899112
20.713932 2.899042
20.704969 2.899048
20.692596 2.899033
20.682026 2.898957
20.671457 2.898917
20.660355 2.898831
20.651707 2.898798
20.639328 2.898716
20.628336 2.898607
20.619591 2.898582
20.606796 2.898513
20.596338 2.898410
20.585560 2.898356
20.575420 2.898284
20.564211 2.898221
20.555767 2.898191
20.542955 2.898116
20.532286 2.898074
20.521706 2.898061
20.513371 2.898002
20.500336 2.897998
20.489861 2.897994
20.478743 2.897975
20.470295 2.898011
20.457352 2.898031
20.446850 2.898071
20.436255 2.898121
20.425337 2.898170
20.414742 2.898222
20.403826 2.898301
20.393539 2.898348
20.382725 2.898434
20.372017 2.898524
20.361315 2.898556
20.350605 2.898651
20.339792 2.898732
20.328770 2.898762
20.318605 2.898845
20.307920 2.898909
20.297112 2.898973
20.286524 2.899013
20.275393 2.899045
20.265125 2.899062
20.254217 2.899090
20.243523 2.899066
20.232611 2.899048
20.221920 2.899048
20.211451 2.898986
20.200459 2.898975
20.189993 2.898951
20.179758 2.898896
20.170799 2.898891
20.158199 2.898785
20.147528 2.898725
20.136749 2.898677
20.126291 2.898577
20.115194 2.898520
20.104845 2.898469
20.094063 2.898365
20.083494 2.898317
20.072821 2.898244
20.061823 2.898174
20.051680 2.898135
20.040874 2.898086
20.029766 2.898055
20.019514 2.898028
20.008724 2.897980
19.997824 2.897971
19.987133 2.897965
19.976656 2.897947
19.965649 2.897967
19.954973 2.897973
19.944595 2.897993
19.933685 2.898034
19.923195 2.898082
19.912170 2.898138
19.901358 2.898212
19.890873 2.898235
19.880274 2.898319
19.871811 2.898379
19.859077 2.898430
19.848589 2.898522
19.837347 2.898607
19.828886 2.898640
19.817968 2.898716
19.805552 2.898746
19.796667 2.898792
19.784044 2.898855
19.773344 2.898876
19.762531 2.898883
19.753757 2.898894
19.740822 2.898885
19.740068 2.898881
19.730631 2.898881
19.719952 2.898898
19.708948 2.898831
19.698595 2.898817
19.689941 2.898773
19.677448 2.898724
19.666344 2.898682
19.655996 2.898586
19.645222 2.898525
19.634336 2.898474
19.623558 2.898370
19.613102 2.898322
19.602432 2.898269
19.591541 2.898150
19.580864 2.898089
19.570406 2.898017
19.559837 2.897967
19.549271 2.897913
19.538593 2.897838
19.527805 2.897804
19.516911 2.897781
19.506336 2.897731
19.495543 2.897722
19.487099 2.897713
19.474268 2.897703
19.463566 2.897740
19.453190 2.897773
19.441849 2.897799
19.431150 2.897842
19.430346 2.897841
19.420530 2.897892
19.411861 2.897954
19.399120 2.898029
19.388414 2.898069
19.378130 2.898157
19.367208 2.898248
19.356176 2.898293
19.346004 2.898386
19.335083 2.898472
19.324156 2.898527
19.313774 2.898603
19.304888 2.898624
19.291937 2.898722
19.281776 2.898769
19.271069 2.898786
19.260149 2.898800
19.249241 2.898834
19.238552 2.898819
19.228077 2.898816
19.217381 2.898814
19.206478 2.898746
19.198040 2.898749
19.185438 2.898704
19.174547 2.898636
19.165794 2.898621
19.155119 2.898533
19.142521 2.898452
19.131742 2.898407
19.121284 2.898310
19.110401 2.898261
19.099733 2.898207
19.089596 2.898110
19.078392 2.898055
19.067728 2.897977
19.057266 2.897928
19.046913 2.897879
19.035913 2.897804
19.025341 2.897773
19.014662 2.897746
19.003660 2.897704
18.995113 2.897682
18.982498 2.897699
18.971914 2.897691
18.961117 2.897717
18.950420 2.897763
18.939293 2.897797
18.928915 2.897853
18.918535 2.897906
18.909441 2.897992
18.896915 2.898079
18.885887 2.898130
18.875502 2.898230
18.865116 2.898333
18.853977 2.898386
18.843376 2.898488
18.832348 2.898587
18.823887 2.898633
18.811256 2.898725
18.800550 2.898778
18.789845 2.898858
18.779362 2.898917
18.768339 2.898957
18.757750 2.898987
18.746950 2.899025
18.736258 2.899011
18.725788 2.899018
18.717140 2.899021
18.704103 2.898985
18.693745 2.898971
18.683172 2.898948
18.674202 2.898909
18.661818 2.898856
18.650824 2.898769
18.642607 2.898757
18.629801 2.898682
18.618595 2.898578
18.608244 2.898536
18.597788 2.898491
18.587225 2.898391
18.576553 2.898339
18.565454 2.898267
18.554886 2.898224
18.544201 2.898185
18.533415 2.898117
18.522957 2.898081
18.512064 2.898062
18.501167 2.898019
18.490908 2.898014
18.482569 2.898005
18.469641 2.898001
18.460659 2.898044
18.447708 2.898087
18.437426 2.898131
18.426746 2.898166
18.415724 2.898210
18.405558 2.898270
18.394646 2.898353
18.383940 2.898402
18.373343 2.898505
18.362530 2.898600
18.351503 2.898655
18.342937 2.898746
18.330301 2.898839
18.319380 2.898899
18.308569 2.898977
18.298080 2.899022
18.287590 2.899094
18.276796 2.899165
18.266224 2.899219
18.257345 2.899222
18.244831 2.899280
18.233820 2.899262
18.225481 2.899262
18.212553 2.899273
18.204220 2.899224
18.191080 2.899193
18.182629 2.899137
18.169815 2.899087
18.161489 2.899077
18.148571 2.898963
18.137589 2.898916
18.127138 2.898885
18.116566 2.898777
18.105793 2.898717
18.095240 2.898656
18.084461 2.898548
18.076246 2.898525
18.063223 2.898421
18.052454 2.898360
18.042099 2.898310
18.031092 2.898243
18.020737 2.898210
18.009521 2.898190
17.999063 2.898124
17.988384 2.898109
17.977701 2.898098
17.967331 2.898087
17.956535 2.898104
17.946053 2.898143
17.935246 2.898175
17.924334 2.898229
17.913858 2.898242
17.902725 2.898315
17.892344 2.898402
17.881527 2.898443
17.870607 2.898536
17.860222 2.898631
17.851225 2.898693
17.838589 2.898771
17.827883 2.898854
17.819637 2.898895
17.806805 2.898998
17.795784 2.899033
17.785507 2.899102
17.774603 2.899169
17.763582 2.899196
17.753204 2.899216
17.742512 2.899250
17.731607 2.899230
17.720919 2.899231
17.710125 2.899241
17.699547 2.899182
17.689079 2.899164
17.678614 2.899132
17.667936 2.899073
17.657045 2.899035
17.646156 2.898945
17.635378 2.898890
17.625242 2.898852
17.614357 2.898751
17.603579 2.898698
17.593128 2.898638
17.582043 2.898543
17.571690 2.898492
17.561016 2.898417
17.550129 2.898370
17.539455 2.898316
17.529205 2.898245
17.517988 2.898213
17.507202 2.898190
17.496840 2.898142
17.486370 2.898134
17.475254 2.898141
17.464775 2.898132
17.453873 2.898157
17.443710 2.898196
17.432581 2.898233
17.422098 2.898298
17.411179 2.898335
17.400694 2.898411
17.389774 2.898503
17.378958 2.898551
17.368359 2.898654
17.357332 2.898750
17.349403 2.898810
17.338486 2.898895
17.325527 2.898990
17.315142 2.899062
17.304331 2.899133
17.293734 2.899169
17.282707 2.899256
17.272331 2.899318
17.261316 2.899354
17.250940 2.899379
17.240139 2.899418
17.231695 2.899390
17.218552 2.899409
17.210331 2.899403
17.197296 2.899375
17.186722 2.899357
17.175936 2.899327
17.165365 2.899265
17.154369 2.899227
17.143801 2.899141
17.135374 2.899120
17.124702 2.899059
17.112110 2.898946
17.101227 2.898892
17.090664 2.898843
17.079781 2.898737
17.069216 2.898683
17.058649 2.898609
17.049896 2.898558
17.037182 2.898525
17.026503 2.898452
17.015512 2.898412
17.005144 2.898394
16.994143 2.898355
16.983778 2.898345
16.972775 2.898338
16.962500 2.898339
16.951702 2.898362
16.940886 2.898419
16.930079 2.898449
16.919809 2.898513
16.908678 2.898545
16.898401 2.898605
16.887695 2.898695
16.876989 2.898739
16.865854 2.898835
16.855682 2.898930
16.844330 2.898978
16.834051 2.899073
16.823236 2.899153
16.812626 2.899212
16.801813 2.899279
16.791111 2.899314
16.780619 2.899390
16.769617 2.899469
16.759346 2.899493
16.748541 2.899515
16.737846 2.899552
16.726942 2.899528
16.716467 2.899529
16.705458 2.899545
16.694559 2.899484
16.683985 2.899462
16.673613 2.899416
16.662722 2.899352
16.652044 2.899314
16.641369 2.899222
16.630808 2.899178
16.620352 2.899129
16.609146 2.899019
16.599009 2.898971
16.588125 2.898912
16.577560 2.898808
16.566454 2.898754
16.556208 2.898681
16.545319 2.898631
16.536673 2.898571
16.524288 2.898504
16.515213 2.898464
16.502821 2.898438
16.492245 2.898392
16.481245 2.898383
16.470455 2.898374
16.459764 2.898362
16.449501 2.898378
16.438501 2.898402
16.427916 2.898425
16.416904 2.898469
16.406202 2.898511
16.395823 2.898575
16.385117 2.898663
16.376659 2.898708
16.363386 2.898807
16.352785 2.898901
16.342077 2.898948
16.331797 2.899040
16.320660 2.899125
16.312307 2.899167
16.299248 2.899256
16.288866 2.899285
16.277733 2.899370
16.267473 2.899434
16.256559 2.899456
16.245968 2.899479
16.235167 2.899516
16.224689 2.899487
16.213789 2.899499
16.203423 2.899513
16.192631 2.899459
16.182163 2.899444
16.171270 2.899407
16.160379 2.899349
16.149597 2.899314
16.138815 2.899226
16.128357 2.899182
16.118223 2.899145
16.107021 2.899047
16.096886 2.899003
16.086002 2.898943
16.075010 2.898836
16.064453 2.898772
16.054100 2.898696
16.043104 2.898647
16.032219 2.898585
16.021645 2.898510
16.011286 2.898477
16.002209 2.898440
15.991632 2.898402
15.978919 2.898388
15.968336 2.898388
15.959569 2.898383
15.946847 2.898386
15.936364 2.898426
15.925449 2.898460
15.914859 2.898522
15.903938 2.898541
15.893558 2.898608
15.882424 2.898699
15.872252 2.898742
15.861224 2.898841
15.850304 2.898930
15.839915 2.898977
15.831350 2.899064
15.818499 2.899149
15.807686 2.899221
15.796768 2.899287
15.786177 2.899314
15.777721 2.899366
15.764669 2.899446
15.754505 2.899472
15.743273 2.899500
15.734718 2.899523
15.721996 2.899507
15.711204 2.899515
15.700953 2.899537
15.690055 2.899478
15.679365 2.899446
15.668793 2.899408
15.657901 2.899345
15.647652 2.899312
15.636442 2.899216
15.625992 2.899154
15.615216 2.899101
15.604436 2.898997
15.594299 2.898949
15.583629 2.898885
15.572532 2.898774
15.562074 2.898721
15.551073 2.898651
15.540612 2.898605
15.529728 2.898544
15.519262 2.898470
15.508798 2.898438
15.498009 2.898403
15.487113 2.898360
15.476640 2.898351
15.465729 2.898362
15.455361 2.898350
15.444457 2.898357
15.433762 2.898398
15.423063 2.898432
15.412258 2.898489
15.401874 2.898516
15.391068 2.898584
15.380577 2.898673
15.369333 2.898716
15.358735 2.898812
15.348457 2.898900
15.337641 2.898946
15.327037 2.899038
15.318153 2.899090
15.305305 2.899188
15.294493 2.899252
15.284218 2.899272
15.275334 2.899333
15.262390 2.899413
15.251583 2.899440
15.241421 2.899458
15.230637 2.899520
15.222190 2.899491
15.211501 2.899512
15.200708 2.899481
15.187673 2.899461
15.177095 2.899448
15.166310 2.899408
15.155953 2.899348
15.144956 2.899316
15.136311 2.899251
15.123610 2.899181
15.113211 2.898909
15.102445 2.898420
15.092108 2.897947
15.081199 2.897376
15.070539 2.896734
15.059950 2.895919
15.048924 2.895046
15.038118 2.894297
15.027307 2.893527
15.017044 2.892798
15.006361 2.892107
14.995353 2.891447
14.984905 2.890837
14.974010 2.890162
14.963393 2.889534
14.952776 2.888776
14.942049 2.888089
14.931690 2.887168
14.920739 2.886085
14.909963 2.884982
14.901854 2.884173
14.888743 2.882798
14.878004 2.881580
14.867498 2.880333
14.856784 2.879213
14.846498 2.878192
14.835686 2.877084
14.825211 2.876018
14.816504 2.874987
14.804627 2.873656
14.795547 2.872579
14.784990 2.870934
14.774166 2.869007
14.765562 2.868289
14.757450 2.867412
14.748944 2.866199
14.741624 2.865577
14.734456 2.864701
14.724412 2.862099
14.713984 2.859552
14.703322 2.857212
14.693595 2.855678
14.684212 2.853891
14.676828 2.852440
14.669767 2.851052
14.662339 2.849613
14.656085 2.848340
14.650165 2.847172
14.642044 2.845135
14.634435 2.843902
14.626942 2.842357
14.619555 2.840510
14.612234 2.838776
14.605050 2.837034
14.598777 2.835851
14.592515 2.834468
14.586367 2.832929
14.580361 2.831181
14.574174 2.829580
14.568196 2.828138
14.561721 2.826615
14.555667 2.825059
14.549488 2.823480
14.543724 2.821981
14.537297 2.820391
14.531582 2.818712
14.525133 2.817094
14.518970 2.815538
14.513023 2.813976
14.506837 2.812346
14.500845 2.810786
14.494813 2.809309
14.494222 2.809191
14.494212 2.809166
14.493927 2.809054
14.483610 2.805478
14.473136 2.801735
14.462764 2.798405
14.452521 2.795212
14.442046 2.792721
14.431796 2.790267
14.421551 2.787850
14.411316 2.785439
14.400455 2.782943
14.390225 2.780573
14.380198 2.778306
14.369455 2.775855
14.359352 2.773515
14.349110 2.771293
14.338748 2.769054
14.328391 2.766758
14.319308 2.764789
14.310300 2.762832
14.299623 2.760537
14.289458 2.758320
14.278703 2.756097
14.269318 2.754177
14.258989 2.752117
14.248778 2.750118
14.238736 2.748103
14.227909 2.746105
14.217667 2.744199
14.207416 2.742397
14.197030 2.740922
14.186733 2.739585
14.177304 2.737717
14.167700 2.736224
14.157490 2.734814
14.146576 2.733322
14.136656 2.731863
14.125922 2.730364
14.115005 2.728918
14.104368 2.727486
14.093944 2.726082
14.083559 2.724738
14.073785 2.723092
14.063361 2.721810
14.052929 2.720629
14.042443 2.719400
14.031938 2.718228
14.021314 2.716902
14.010570 2.715630
13.999620 2.714323
13.989209 2.713087
13.978553 2.711880
13.967971 2.710800
13.957464 2.709649
13.946950 2.708545
13.936346 2.707398
13.925527 2.706270
13.914813 2.705164
13.904532 2.704108
13.894145 2.703048
13.883436 2.701977
13.872686 2.700787
13.861871 2.699695
13.851564 2.698700
13.840829 2.697849
13.830417 2.697026
13.819677 2.696174
13.809152 2.695347
13.798303 2.694482
13.787446 2.693641
13.776704 2.692792
13.766279 2.691931
13.755625 2.691101
13.744781 2.690239
13.734338 2.689404
13.723469 2.688504
13.713031 2.687628
13.702570 2.686756
13.691689 2.685844
13.681336 2.684977
13.670669 2.684159
13.659465 2.683241
13.649225 2.682438
13.638245 2.681532
13.627568 2.680737
13.617106 2.679895
13.606288 2.678811
13.595627 2.677689
13.585289 2.676775
13.574515 2.675737
13.563416 2.674751
13.552853 2.673797
13.542081 2.672852
13.531845 2.671940
13.520861 2.670961
13.510305 2.670060
13.499540 2.669148
13.488885 2.668249
13.478136 2.667406
13.467486 2.666576
13.457294 2.665832
13.446639 2.665102
13.435897 2.664306
13.425046 2.663691
13.414283 2.663012
13.403845 2.662456
13.393301 2.661849
13.382334 2.661230
13.372106 2.660727
13.361443 2.660303
13.350457 2.659736
13.340107 2.659214
13.329438 2.658673
13.318662 2.658194
13.307649 2.657861
13.297404 2.657651
13.286293 2.657216
13.276033 2.656784
13.265126 2.656301
13.254442 2.655818
13.243553 2.655448
13.233504 2.655164
13.222712 2.654803
13.211605 2.654523
13.201255 2.654173
13.190362 2.653826
13.179891 2.653570
13.168786 2.653258
13.158747 2.652988
13.147633 2.652746
13.136858 2.652460
13.126200 2.652149
13.115446 2.651867
13.104993 2.651602
13.094108 2.651291
13.083869 2.651187
13.073204 2.650959
13.062741 2.650686
13.051876 2.650898
13.041762 2.651148
13.030914 2.651600
13.020056 2.652248
13.009731 2.653037
12.998967 2.654071
12.987996 2.655153
12.977419 2.656350
12.966745 2.657022
12.956406 2.657802
12.947965 2.658655
12.935052 2.659815
12.924464 2.660595
12.913684 2.661849
12.903143 2.662972
12.892571 2.664200
12.883876 2.665435
12.870882 2.666953
12.860219 2.668346
12.849434 2.669691
12.838922 2.671051
12.828317 2.672658
12.817329 2.674357
12.806689 2.675971
12.796338 2.677477
12.785633 2.679266
12.774405 2.681048
12.764420 2.682536
12.753695 2.684146
12.743212 2.685756
12.732308 2.687393
12.721614 2.688989
12.711129 2.690576
12.700552 2.692256
12.690162 2.693975
12.679595 2.695747
12.668792 2.697626
12.660413 2.698996
12.648163 2.700971
12.637969 2.702571
12.629629 2.703983
12.619166 2.705683
12.606658 2.707875
12.596336 2.709790
12.585798 2.711821
12.575250 2.713697
12.564621 2.715591
12.554725 2.717409
12.543873 2.719399
12.533644 2.721266
12.523100 2.723225
12.514907 2.724630
12.502305 2.727120
12.491839 2.729614
12.481331 2.731768
12.471029 2.733773
12.460410 2.735830
12.449767 2.737842
12.439320 2.739486
12.428857 2.741425
12.418015 2.743751
12.407797 2.746013
12.396751 2.748302
12.386395 2.750599
12.377996 2.752276
12.365512 2.754882
12.354818 2.757064
12.344340 2.759228
12.333545 2.761498
12.323384 2.763573
12.312384 2.765872
12.301912 2.768044
12.291464 2.770215
12.281028 2.772382
12.270183 2.774645
12.261774 2.776396
12.249569 2.778894
12.238952 2.781039
12.228046 2.783211
12.217917 2.785253
12.207261 2.787365
12.197395 2.789292
12.186698 2.791355
12.176259 2.793292
12.165537 2.795289
12.155638 2.797076
12.144906 2.799042
12.134578 2.801123
12.124557 2.803162
12.115939 2.804729
12.103274 2.806757
12.093302 2.808316
12.083012 2.809953
12.072546 2.811375
12.061591 2.812771
12.051607 2.814110
12.040809 2.815382
12.030050 2.816883
12.019837 2.818332
12.009285 2.819797
11.998826 2.821321
11.987935 2.822939
11.977345 2.824428
11.966848 2.825688
11.956649 2.827021
11.945687 2.828499
11.935358 2.829784
11.924694 2.831137
11.915950 2.832324
11.903347 2.833883
11.892312 2.835150
11.881949 2.836447
11.871258 2.837788
11.860455 2.839119
11.849856 2.840397
11.839356 2.841723
11.828568 2.842989
11.817693 2.844087
11.806779 2.845408
11.796204 2.846571
11.785534 2.847753
11.775316 2.848850
11.764676 2.849950
11.754132 2.851043
11.743378 2.852191
11.732429 2.853285
11.722013 2.854305
11.711183 2.855350
11.700576 2.856367
11.689964 2.857308
11.679267 2.858252
11.668989 2.859143
11.658405 2.859862
11.647389 2.860741
11.637008 2.861562
11.626312 2.862406
11.615709 2.863200
11.605000 2.864000
11.594723 2.864732
11.584233 2.865479
11.573634 2.866237
11.562706 2.866940
11.552083 2.867584
11.541463 2.868220
11.531145 2.868819
11.520402 2.869452
11.509749 2.870042
11.499089 2.870561
11.488313 2.871119
11.477746 2.871779
11.467399 2.872388
11.456180 2.872977
11.446022 2.873546
11.434914 2.874159
11.423991 2.874747
11.413605 2.875357
11.402770 2.875950
11.392376 2.876476
11.381122 2.877095
11.370722 2.877591
11.360326 2.878139
11.349290 2.878713
11.338665 2.879245
11.327840 2.879806
11.317225 2.880299
11.306410 2.880848
11.295806 2.881327
11.285205 2.881787
11.274601 2.882267
11.263371 2.882736
11.252677 2.883158
11.241887 2.883584
11.231836 2.883953
11.220536 2.884338
11.210070 2.884671
11.199409 2.884992
11.188745 2.885313
11.178504 2.885581
11.167629 2.885885
11.157076 2.886142
11.146095 2.886373
11.135544 2.886625
11.124677 2.886872
11.114446 2.887031
11.103894 2.887262
11.093128 2.887478
11.082250 2.887684
11.071679 2.887904
11.061011 2.888111
11.050240 2.888326
11.039674 2.888516
11.029108 2.888734
11.018107 2.888963
11.007322 2.889169
10.997175 2.889383
10.986380 2.889611
10.975260 2.889866
10.964564 2.890079
10.953844 2.890359
10.943249 2.890634
10.932763 2.890879
10.921819 2.891140
10.911112 2.891457
10.900298 2.891692
10.889700 2.891935
10.879403 2.892234
10.868158 2.892490
10.857880 2.892749
10.847066 2.893012
10.836456 2.893246
10.825751 2.893514
10.814939 2.893747
10.803906 2.893961
10.793531 2.894200
10.782727 2.894393
10.771818 2.894581
10.761330 2.894788
10.750531 2.894923
10.740055 2.895089
10.729050 2.895239
10.718363 2.895336
10.708215 2.895469
10.697430 2.895563
10.686749 2.895638
10.675646 2.895718
10.667315 2.895741
10.654723 2.895819
10.643832 2.895849
10.633154 2.895868
10.622486 2.895892
10.612023 2.895907
10.601449 2.895913
10.590134 2.895928
10.579774 2.895912
10.568878 2.895916
10.558627 2.895924
10.547626 2.895931
10.537049 2.895925
10.526473 2.895911
10.515893 2.895943
10.505305 2.895972
10.494086 2.895988
10.483611 2.896053
10.473031 2.896087
10.461914 2.896147
10.451650 2.896241
10.440741 2.896305
10.430046 2.896396
10.419135 2.896506
10.408766 2.896598
10.397856 2.896712
10.387254 2.896821
10.376345 2.896963
10.365748 2.897100
10.355470 2.897226
10.344661 2.897333
10.333851 2.897481
10.323049 2.897619
10.312682 2.897726
10.301981 2.897853
10.291285 2.897945
10.282405 2.898048
10.269573 2.898160
10.258879 2.898222
10.248398 2.898317
10.237384 2.898366
10.227242 2.898417
10.216007 2.898497
10.205750 2.898501
10.195176 2.898500
10.183853 2.898527
10.173489 2.898502
10.163020 2.898479
10.152444 2.898454
10.141765 2.898385
10.130550 2.898350
10.120298 2.898309
10.109083 2.898233
10.098401 2.898193
10.087827 2.898123
10.077456 2.898074
10.066349 2.898036
10.056090 2.897963
10.044971 2.897929
10.036530 2.897891
10.024124 2.897866
10.013122 2.897854
10.002755 2.897810
9.992173 2.897784
9.981374 2.897826
9.970354 2.897837
9.959982 2.897841
9.949291 2.897875
9.938476 2.897934
9.927451 2.898002
9.916962 2.898086
9.906268 2.898114
9.895679 2.898211
9.884878 2.898295
9.873969 2.898356
9.863595 2.898463
9.852687 2.898553
9.841884 2.898630
9.831185 2.898733
9.820490 2.898793
9.809902 2.898878
9.798993 2.898988
9.788957 2.899018
9.777936 2.899101
9.767563 2.899147
9.756870 2.899179
9.745863 2.899235
9.735073 2.899263
9.724609 2.899249
9.713911 2.899283
9.703009 2.899268
9.692431 2.899223
9.681745 2.899215
9.671487 2.899160
9.660269 2.899124
9.650002 2.899086
9.639001 2.898997
9.628426 2.898962
9.617318 2.898894
9.607065 2.898814
9.596064 2.898763
9.585267 2.898691
9.575208 2.898652
9.564306 2.898611
9.553196 2.898513
9.542939 2.898474
9.532362 2.898421
9.521466 2.898374
9.510458 2.898348
9.499771 2.898302
9.489507 2.898273
9.478608 2.898301
9.467802 2.898296
9.457537 2.898297
9.446524 2.898323
9.436245 2.898365
9.425223 2.898427
9.414525 2.898507
9.403939 2.898518
9.393239 2.898618
9.382112 2.898710
9.371738 2.898756
9.361041 2.898853
9.350244 2.898928
9.339658 2.899002
9.328747 2.899099
9.318366 2.899146
9.307665 2.899227
9.296863 2.899315
9.286278 2.899321
9.275802 2.899408
9.264579 2.899465
9.254324 2.899498
9.243745 2.899538
9.232847 2.899565
9.221742 2.899551
9.211479 2.899578
9.200791 2.899558
9.189785 2.899511
9.179419 2.899502
9.168843 2.899434
9.157732 2.899390
9.146940 2.899360
9.136685 2.899264
9.125897 2.899221
9.115212 2.899143
9.104854 2.899061
9.094172 2.899008
9.083170 2.898909
9.072380 2.898841
9.061694 2.898790
9.050894 2.898706
9.040408 2.898685
9.029724 2.898631
9.018936 2.898574
9.008571 2.898552
8.997988 2.898501
8.986762 2.898470
8.976082 2.898487
8.965498 2.898466
8.955019 2.898468
8.944113 2.898492
8.933640 2.898504
8.922842 2.898551
8.912465 2.898626
8.901345 2.898636
8.890656 2.898717
8.880380 2.898796
8.869685 2.898844
8.858984 2.898942
8.847961 2.899006
8.837157 2.899071
8.826569 2.899164
8.815661 2.899217
8.805289 2.899307
8.794383 2.899389
8.784115 2.899397
8.773212 2.899480
8.762094 2.899532
8.751628 2.899567
8.741261 2.899590
8.730459 2.899607
8.719661 2.899574
8.709204 2.899608
8.698624 2.899585
8.687724 2.899539
8.676823 2.899526
8.666035 2.899452
8.655351 2.899399
8.644878 2.899369
8.634195 2.899266
8.623300 2.899217
8.612835 2.899143
8.602261 2.899054
8.591367 2.899002
8.580900 2.898905
8.569887 2.898848
8.559099 2.898794
8.548953 2.898700
8.538163 2.898647
8.527585 2.898586
8.516688 2.898532
8.505788 2.898503
8.495315 2.898446
8.484626 2.898413
8.474038 2.898433
8.463031 2.898416
8.452551 2.898417
8.441850 2.898451
8.431377 2.898457
8.420679 2.898514
8.409981 2.898590
8.398964 2.898602
8.388054 2.898672
8.377677 2.898748
8.366976 2.898803
8.355957 2.898896
8.345690 2.898951
8.334886 2.899022
8.324512 2.899113
8.313284 2.899167
8.302804 2.899256
8.292322 2.899333
8.281524 2.899338
8.270938 2.899416
8.260132 2.899459
8.249344 2.899491
8.238674 2.899536
8.227981 2.899548
8.217610 2.899513
8.206603 2.899527
8.195808 2.899505
8.185026 2.899464
8.174654 2.899450
8.164288 2.899371
8.153285 2.899330
8.142387 2.899293
8.132025 2.899192
8.121021 2.899140
8.110556 2.899060
8.099874 2.898969
8.091009 2.898943
8.078090 2.898806
8.068054 2.898736
8.057153 2.898687
8.046576 2.898590
8.035355 2.898541
8.024657 2.898502
8.014189 2.898445
8.003308 2.898389
7.993162 2.898329
7.984293 2.898301
7.971258 2.898312
7.960889 2.898288
7.949982 2.898288
7.939291 2.898314
7.928591 2.898341
7.917997 2.898393
7.907513 2.898467
7.897047 2.898464
7.885816 2.898532
7.875543 2.898599
7.864310 2.898644
7.854042 2.898735
7.843449 2.898794
7.832329 2.898874
7.821743 2.898969
7.811372 2.899023
7.800456 2.899098
7.789971 2.899176
7.779172 2.899183
7.768367 2.899254
7.757772 2.899288
7.747081 2.899301
7.736502 2.899330
7.725808 2.899344
7.715008 2.899311
7.704319 2.899328
7.693413 2.899304
7.682510 2.899248
7.672358 2.899239
7.663395 2.899184
7.650681 2.899124
7.639891 2.899090
7.629322 2.898998
7.618741 2.898944
7.608059 2.898858
7.597380 2.898767
7.586480 2.898706
7.575799 2.898608
7.565116 2.898541
7.554326 2.898483
7.543646 2.898378
7.533403 2.898320
7.522505 2.898261
7.511929 2.898205
7.500923 2.898176
7.490542 2.898142
7.480065 2.898113
7.469166 2.898119
7.458587 2.898105
7.447465 2.898106
7.436881 2.898130
7.426172 2.898165
7.415694 2.898208
7.404997 2.898288
7.394415 2.898298
7.383390 2.898386
7.372803 2.898465
7.362217 2.898511
7.351520 2.898602
7.340713 2.898666
7.330343 2.898749
7.319222 2.898838
7.308849 2.898894
7.298264 2.898978
7.289711 2.899029
7.276557 2.899061
7.265649 2.899140
7.255382 2.899180
7.244689 2.899192
7.233791 2.899227
7.223429 2.899252
7.212641 2.899234
7.201739 2.899249
7.190943 2.899228
7.180470 2.899175
7.169565 2.899153
7.158883 2.899075
7.148625 2.899037
7.137938 2.898992
7.127364 2.898893
7.116147 2.898839
7.105683 2.898761
7.094786 2.898670
7.084422 2.898625
7.073954 2.898523
7.062950 2.898460
7.052378 2.898405
7.043614 2.898316
7.030585 2.898243
7.020221 2.898182
7.009536 2.898127
6.999068 2.898101
6.988163 2.898042
6.977473 2.898011
6.967002 2.898010
6.956315 2.897998
6.945183 2.898009
6.935128 2.898041
6.924224 2.898041
6.913216 2.898093
6.902303 2.898171
6.891932 2.898175
6.881449 2.898253
6.870432 2.898318
6.860167 2.898361
6.849149 2.898452
6.838135 2.898515
6.828083 2.898582
6.816964 2.898656
6.806164 2.898708
6.795900 2.898794
6.784883 2.898872
6.774191 2.898873
6.763799 2.898922
6.752572 2.898970
6.742534 2.898986
6.731633 2.899025
6.720724 2.899037
6.710032 2.899003
6.699256 2.899037
6.688996 2.899008
6.677787 2.898976
6.667092 2.898960
6.656625 2.898882
6.645727 2.898836
6.635043 2.898803
6.624573 2.898701
6.613784 2.898652
6.603318 2.898572
6.592957 2.898490
6.581850 2.898429
6.571597 2.898322
6.560597 2.898250
6.549704 2.898190
6.538919 2.898082
6.528349 2.898028
6.517986 2.897963
6.506983 2.897911
6.498536 2.897871
6.485925 2.897832
6.474808 2.897801
6.464231 2.897810
6.453529 2.897809
6.443156 2.897809
6.432134 2.897842
6.421554 2.897847
6.411077 2.897894
6.400271 2.897967
6.389688 2.897978
6.379203 2.898052
6.368187 2.898111
6.357599 2.898157
6.347007 2.898244
6.336419 2.898293
6.325613 2.898375
6.314703 2.898458
6.304117 2.898509
6.293533 2.898591
6.282716 2.899086
6.272128 2.899648
6.261670 2.900010
6.250544 2.900361
6.239950 2.900598
6.229577 2.900863
6.218455 2.900980
6.208203 2.901077
6.197417 2.901089
6.186530 2.901242
6.175682 2.901439
6.165194 2.901828
6.154511 2.902386
6.143877 2.902762
6.133208 2.903291
6.122430 2.903855
6.112082 2.904179
6.101078 2.904505
6.090314 2.904841
6.079620 2.905175
6.069074 2.905545
6.058743 2.905896
6.047667 2.906318
6.037231 2.906700
6.026478 2.907137
6.016246 2.907548
6.005164 2.907979
5.994508 2.908453
5.984047 2.908897
5.973592 2.909366
5.962812 2.909877
5.952463 2.910367
5.941244 2.910895
5.930771 2.911423
5.919762 2.911991
5.909382 2.912529
5.898794 2.913091
5.888202 2.913647
5.877257 2.914268
5.866551 2.914838
5.855410 2.915450
5.845124 2.916054
5.834308 2.916648
5.823270 2.917277
5.813198 2.917849
5.801952 2.918478
5.791354 2.919064
5.780542 2.919679
5.769935 2.920269
5.759316 2.920818
5.749749 2.921290
5.740082 2.921741
5.729577 2.921726
5.718776 2.922132
5.708287 2.922529
5.697289 2.922951
5.687149 2.923300
5.676156 2.923707
5.665913 2.924079
5.654819 2.924444
5.644163 2.924794
5.633624 2.925141
5.623249 2.925379
5.612203 2.925431
5.601748 2.925327
5.590759 2.925047
5.580408 2.924698
5.569623 2.924412
5.558828 2.924009
5.548265 2.923608
5.537579 2.923227
5.527102 2.922900
5.515960 2.922457
5.505582 2.922172
5.495109 2.921870
5.484099 2.921593
5.473519 2.921265
5.462943 2.920942
5.452242 2.920705
5.441683 2.920450
5.432031 2.920220
5.422530 2.919974
5.411446 2.919853
5.403121 2.919904
5.390632 2.919959
5.379650 2.919899
5.369034 2.920135
5.358016 2.920464
5.347317 2.920722
5.336681 2.920902
5.327296 2.920780
5.317678 2.920588
5.307183 2.920605
5.296019 2.920577
5.285205 2.920451
5.274621 2.920171
5.264125 2.919682
5.253266 2.919177
5.242601 2.918696
5.232454 2.918250
5.221242 2.917799
5.210888 2.917292
5.200003 2.916805
5.189544 2.916306
5.178645 2.915789
5.168281 2.915288
5.157170 2.914724
5.146686 2.914165
5.135779 2.913615
5.125349 2.913151
5.114511 2.912828
5.104110 2.912688
5.093292 2.912641
5.082387 2.912724
5.071923 2.912770
5.060918 2.912756
5.050559 2.912950
5.039565 2.913127
5.028977 2.913127
5.018396 2.912827
5.007688 2.912311
4.997213 2.911908
4.986058 2.911531
4.975452 2.911085
4.964625 2.910594
4.954171 2.910279
4.943584 2.909922
4.932668 2.909568
4.922306 2.909260
4.911191 2.908947
4.900405 2.908705
4.890055 2.908365
4.879055 2.908093
4.868467 2.907725
4.857778 2.907514
4.847302 2.907347
4.836845 2.907183
4.825942 2.907000
4.815422 2.906960
4.804720 2.906953
4.794003 2.907061
4.783211 2.907165
4.772307 2.907314
4.761720 2.907548
4.750937 2.907900
4.740562 2.908191
4.729528 2.908497
4.718695 2.908751
4.708508 2.908895
4.697568 2.909205
4.686871 2.909391
4.676294 2.909571
4.665509 2.910109
4.655160 2.910928
4.644337 2.911695
4.633352 2.912536
4.623336 2.913321
4.612558 2.914312
4.601769 2.915434
4.591259 2.916403
4.580748 2.917519
4.569351 2.918743
4.558888 2.920071
4.548348 2.921792
4.538072 2.923436
4.527111 2.925179
4.516443 2.927162
4.505863 2.929303
4.495379 2.931597
4.484881 2.933560
4.474334 2.935736
4.463906 2.937698
4.454285 2.939357
4.444085 2.941591
4.433450 2.944169
4.422928 2.947170
4.411955 2.950366
4.401676 2.953744
4.392114 2.956236
4.381478 2.959730
4.371408 2.962818
4.360852 2.965765
4.350628 2.968478
4.341928 2.971118
4.329916 2.974304
4.319513 2.977575
4.309285 2.981360
4.298818 2.984522
4.288650 2.987772
4.277809 2.991357
4.267443 2.994673
4.256931 2.998153
4.246770 3.001537
4.236837 3.004963
4.226501 3.008514
4.216109 3.012677
4.205877 3.016590
4.196065 3.020314
4.185946 3.024543
4.176144 3.028555
4.165840 3.032927
4.155933 3.037446
4.146497 3.042062
4.136941 3.047038
4.127363 3.052014
4.117430 3.057152
4.108012 3.062311
4.098676 3.068122
4.089067 3.073620
4.079343 3.079520
4.070143 3.085361
4.060879 3.091412
4.051822 3.097526
4.043094 3.103946
4.034059 3.110582
4.025761 3.116882
4.016732 3.123674
4.008435 3.130322
4.000334 3.137128
3.991731 3.144453
3.983598 3.151498
3.975861 3.158484
3.969488 3.164401
3.960387 3.173345
3.952731 3.181075
3.945515 3.188645
3.938155 3.196214
3.931311 3.203816
3.923949 3.212024
3.916932 3.219891
3.910869 3.226895
3.905269 3.234015
3.898658 3.242079
3.892018 3.250771
3.885733 3.259168
3.879740 3.267650
3.873881 3.276484
3.868327 3.285047
3.862508 3.294070
3.856999 3.303054
3.851563 3.311946
3.846477 3.320470
3.840800 3.329512
3.835966 3.338478
3.831050 3.347643
3.826058 3.357280
3.821275 3.366481
3.816622 3.375753
3.811990 3.384836
3.807634 3.394090
3.803240 3.403625
3.799121 3.412995
3.794861 3.421956
3.790767 3.431282
3.786549 3.441100
3.782721 3.450480
3.779099 3.460590
3.775093 3.470810
3.771541 3.480529
3.767717 3.490547
3.764346 3.499949
3.760998 3.510411
3.757928 3.519886
3.754922 3.530014
3.752016 3.540616
3.749397 3.550779
3.746785 3.561040
3.744343 3.571549
3.742252 3.581407
3.739825 3.591974
3.737575 3.601972
3.736211 3.610447
3.734169 3.623003
3.732625 3.632915
3.730783 3.643812
3.729307 3.654262
3.727956 3.664935
3.726776 3.675546
3.725470 3.686092
3.724141 3.696475
3.722579 3.706973
3.721138 3.718110
3.719760 3.728494
3.718397 3.739425
3.716894 3.750007
3.715619 3.760225
3.714264 3.770660
3.712976 3.781710
3.711745 3.791875
3.710904 3.800510
3.709633 3.813309
3.708646 3.823794
3.707738 3.834151
3.706818 3.845070
3.705953 3.855348
3.705153 3.866021
3.704402 3.876588
3.703885 3.887068
3.703453 3.897952
3.702998 3.908304
3.702634 3.918886
3.702133 3.929458
3.701682 3.940242
3.701357 3.950517
3.701091 3.961193
3.700767 3.971796
3.700577 3.982605
3.700363 3.992796
3.700041 4.003630
3.699732 4.014368
3.699487 4.024693
3.699204 4.035655
3.698974 4.046420
3.698704 4.057199
3.698511 4.067781
3.698221 4.078164
3.698019 4.088769
3.697785 4.099492
3.697556 4.110223
3.697285 4.120977
3.697047 4.132058
3.696814 4.142704
3.696590 4.153351
3.696337 4.164439
3.696080 4.174870
3.695864 4.185743
3.695629 4.196510
3.695386 4.207379
3.695174 4.218148
3.694960 4.228685
3.694740 4.239552
3.694538 4.250088
3.694357 4.261145
3.694183 4.271769
3.694007 4.282384
3.693849 4.293201
3.693692 4.304124
3.693573 4.314385
3.693453 4.325278
3.693335 4.335849
3.693237 4.346722
3.693156 4.357590
3.693099 4.367907
3.693037 4.378326
3.692995 4.389272
3.692957 4.399791
3.692924 4.410303
3.692893 4.421345
3.692906 4.431742
3.692892 4.442359
3.692861 4.453186
3.692879 4.463272
3.692885 4.474005
3.692861 4.484841
3.692865 4.495358
3.692827 4.505389
3.692821 4.505253
3.692821 4.505253
3.692821 4.505253
3.692821 4.505253
3.692822 4.505252
3.692822 4.505252
3.692822 4.505252
3.692822 4.505252
3.692822 4.505252
3.692822 4.505252
3.692822 4.505252
3.692822 4.505252
3.692823 4.505251
3.692823 4.505251
3.692824 4.505250
3.692823 4.505251
3.692823 4.505251
3.692824 4.505251
3.692824 4.505251
3.692824 4.505251
3.692824 4.505250
3.692824 4.505250
3.692825 4.505250
3.692825 4.505250
3.692825 4.505250
3.692826 4.505250
3.692826 4.505250
3.692826 4.505250
3.692826 4.505250
3.692826 4.505250
3.692826 4.505250
3.692827 4.505249
3.692827 4.505249
3.692835 4.514758
3.692855 4.525946
3.692811 4.536502
3.692819 4.546962
3.692807 4.557635
3.692737 4.568314
3.692760 4.578913
3.692733 4.589828
3.692698 4.600640
3.692686 4.611261
3.692628 4.621899
3.692566 4.632532
3.692533 4.643711
3.692466 4.653814
3.692435 4.664788
3.692389 4.675647
3.692323 4.686291
3.692302 4.697157
3.692257 4.708233
3.692234 4.708805
3.692187 4.718500
3.692163 4.729474
3.692122 4.740214
3.692102 4.750957
3.692091 4.761480
3.692079 4.772311
3.692079 4.783248
3.692089 4.793638
3.692124 4.804557
3.692163 4.815259
3.692188 4.825738
3.692248 4.836727
3.692312 4.847188
3.692383 4.857956
3.692467 4.868711
3.692561 4.879465
3.692557 4.880039
3.692560 4.880043
3.692577 4.880055
3.692593 4.880067
3.692611 4.880079
3.692629 4.880092
3.692646 4.880105
3.692663 4.880117
3.692680 4.880129
3.692698 4.880142
3.692715 4.880154
3.692732 4.880166
3.692750 4.880179
3.692766 4.880191
3.692780 4.880201
3.692802 4.880217
3.692818 4.880229
3.692835 4.880240
3.692852 4.880252
3.692869 4.880265
3.692888 4.880279
3.692904 4.880291
3.692921 4.880302
3.692938 4.880315
3.692955 4.880327
3.692973 4.880340
3.692990 4.880352
3.693007 4.880364
3.693024 4.880377
3.693041 4.880389
3.693059 4.880402
3.693076 4.880414
3.693093 4.880426
3.693110 4.880438
3.693127 4.880451
3.693145 4.880464
3.693162 4.880476
3.693178 4.880487
3.693231 4.884484
3.693321 4.895012
3.693420 4.905437
3.693520 4.915969
3.693647 4.926692
3.693763 4.937739
3.693862 4.948262
3.693976 4.958894
3.694120 4.969605
3.694216 4.980024
3.694322 4.990550
3.694420 5.001508
3.694508 5.011619
3.694599 5.022690
3.694674 5.033029
3.694744 5.043694
3.694813 5.054681
3.694859 5.065160
3.694911 5.075847
3.694948 5.086330
3.694974 5.097149
3.694995 5.108076
3.695006 5.118802
3.695012 5.129426
3.695010 5.140059
3.695014 5.151117
3.695002 5.161435
3.694985 5.172406
3.694960 5.183056
3.694946 5.193918
3.694934 5.204450
3.694911 5.215425
3.694895 5.226180
3.694881 5.236714
3.694881 5.247776
3.694880 5.258297
3.694902 5.269044
3.694916 5.279876
3.694939 5.290587
3.694968 5.301620
3.695012 5.310085
3.695077 5.322816
3.695124 5.333403
3.695188 5.344070
3.695274 5.355060
3.695359 5.365621
3.695455 5.376376
3.695547 5.386915
3.695636 5.397338
3.695735 5.407866
3.695834 5.418715
3.695971 5.429547
3.696070 5.440072
3.696174 5.450492
3.696282 5.461226
3.696372 5.469942
3.696494 5.482268
3.696598 5.493224
3.696658 5.502531
3.696950 5.508661
3.696925 5.514688
3.696537 5.521079
3.695833 5.527399
3.694845 5.533878
3.693942 5.539839
3.693009 5.546084
3.691600 5.552274
3.690123 5.558285
3.689008 5.564409
3.687563 5.570819
3.686448 5.576867
3.685048 5.582917
3.684433 5.584974
3.684963 5.578932
3.685141 5.573112
3.684059 5.568785
3.681857 5.565002
3.678698 5.562093
3.672218 5.562181
3.666069 5.562354
3.659630 5.562747
3.655090 5.563076
3.653675 5.563535
3.649564 5.568269
3.645888 5.572800
3.641718 5.577478
3.637218 5.582509
3.634052 5.587336
3.631439 5.591224
3.627088 5.597389
3.625548 5.598656
3.627339 5.597175
3.623981 5.602700
3.622447 5.604142
3.624642 5.602829
3.622847 5.604361
3.624793 5.602380
3.622084 5.607752
3.620330 5.609237
3.622221 5.607745
3.620183 5.613677
3.618722 5.615860
3.621353 5.609972
3.623542 5.608165
3.621752 5.614172
3.620228 5.620296
3.619052 5.626713
3.617872 5.632612
3.617589 5.635624
3.618971 5.633271
3.618138 5.635950
3.619734 5.634007
3.618471 5.636621
3.619453 5.634154
3.618111 5.636250
3.618976 5.633470
3.619573 5.640485
3.620514 5.647320
3.621570 5.653848
3.623157 5.661082
3.623326 5.665074
3.623326 5.665074
3.623326 5.665074
3.623327 5.665075
3.623327 5.665075
3.623327 5.665075
3.623327 5.665075
3.623327 5.665075
3.623327 5.665075
3.623327 5.665075
3.623328 5.665074
3.623327 5.665075
3.623327 5.665075
