0.010114
0.013252
0.009420
0.009897
0.013285
0.015262
0.016058
0.012890
0.015690
0.017832
0.017609
0.019678
0.018326
0.019243
0.021644
0.016385
0.016198
0.021091
0.017372
0.018451
0.018214
0.018423
0.019064
0.020582
0.021524
0.020836
0.027143
0.022154
0.027674
0.031896
0.026695
0.027047
0.025134
0.030664
0.036515
0.035402
0.025896
0.031074
0.037631
0.026816
0.033761
0.026835
0.028296
0.029392
0.028721
0.038698
0.029036
0.039928
0.029533
0.028818
0.033112
0.032142
0.030736
0.030569
0.031205
0.032092
0.031120
0.031228
0.032050
0.031800
0.034140
0.034824
0.034565
0.036248
0.051835
0.047052
0.050872
0.053076
0.038717
0.049444
0.043599
0.051678
0.045016
0.023678
0.030958
0.024611
0.033957
0.031230
0.025727
0.026172
0.029339
0.031125
0.027574
0.029267
0.032555
0.032562
0.040963
0.033159
0.034496
0.035426
0.044538
0.045795
0.051366
0.051706
0.045478
0.036490
0.038891
0.049448
0.046517
0.038805
0.038573
0.053022
0.036770
0.044609
0.052763
0.052244
0.046483
0.050804
0.046889
0.050935
0.055277
0.056379
0.041885
0.042922
0.042536
0.042320
0.057215
0.041847
0.050583
0.047496
0.042461
0.043530
0.043369
0.044779
0.044761
0.050012
0.047759
0.045891
0.054698
0.051256
0.049479
0.064010
0.048661
0.049563
0.060349
0.063122
0.067197
0.049577
0.068386
0.052381
0.067828
0.069052
0.053162
0.065775
0.051129
0.049922
0.069602
0.055936
0.067818
0.064718
0.072952
0.051706
0.053056
0.052304
0.066440
0.060561
0.063926
0.052015
0.063261
0.059863
0.061197
0.050320
0.050530
0.050666
0.050481
0.050904
0.050878
0.071666
0.071247
0.051494
0.062403
0.051384
0.059507
0.064522
0.051211
