0.0015017986297607422
0.0013203620910644531
0.0021257400512695312
0.0034990310668945312
0.0036945343017578125
0.0020096302032470703
0.0013804435729980469
0.0027093887329101562
0.0013508796691894531
0.0011112689971923828
0.0013003349304199219
0.0025539398193359375
0.0022017955780029297
0.002117633819580078
0.0027441978454589844
0.0011932849884033203
0.0011420249938964844
0.0012929439544677734
0.0026934146881103516
0.0014643669128417969
0.0013303756713867188
0.0015816688537597656
0.0014605522155761719
0.0012078285217285156
0.0025653839111328125
0.0037679672241210938
0.002800464630126953
0.002322673797607422
0.0022177696228027344
0.0052318572998046875
0.0021209716796875
0.0012958049774169922
0.0025153160095214844
0.002352476119995117
0.0018982887268066406
0.001085519790649414
0.0013170242309570312
0.0026040077209472656
0.0033693313598632812
0.004497051239013672
0.006623268127441406
0.007744789123535156
0.0018422603607177734
0.00513148307800293
0.004281282424926758
0.0011668205261230469
0.0012538433074951172
0.0015277862548828125
0.0013821125030517578
0.04601287841796875
0.002347230911254883
0.0013992786407470703
0.0016353130340576172
0.001384735107421875
0.0010344982147216797
0.0023615360260009766
0.0019931793212890625
0.0014653205871582031
0.0015137195587158203
0.0014348030090332031
0.001211404800415039
0.0022225379943847656
0.0015377998352050781
0.0014717578887939453
0.08597707748413086
0.0017635822296142578
0.001383066177368164
0.0013000965118408203
0.002815723419189453
0.001556396484375
0.0014870166778564453
0.001580953598022461
0.0013897418975830078
0.0014226436614990234
0.0012884140014648438
0.0013768672943115234
0.0011911392211914062
0.0014646053314208984
0.0013434886932373047
0.0012733936309814453
0.0024712085723876953
0.0015034675598144531
0.0011143684387207031
0.0013613700866699219
0.001416921615600586
0.0014142990112304688
0.013601541519165039
0.002816915512084961
0.0011751651763916016
0.0015208721160888672
0.0017533302307128906
0.0012714862823486328
0.001497507095336914
0.0024170875549316406
0.002615690231323242
0.0031375885009765625
0.0044553279876708984
0.004249095916748047
0.0013577938079833984
0.0032448768615722656
0.0031404495239257812
0.0014281272888183594
0.0023763179779052734
0.005021810531616211
0.001562356948852539
