0.005689
0.007023
0.009382
0.010248
0.009986
0.010685
0.008855
0.009434
0.009606
0.010120
0.010974
0.011467
0.016624
0.016087
0.012927
0.013710
0.018052
0.014194
0.019645
0.015097
0.022194
0.016451
0.017401
0.017500
0.018088
0.022219
0.021065
0.021281
0.027694
0.030890
0.022539
0.026755
0.032142
0.027893
0.029065
0.029533
0.024133
0.024579
0.025084
0.025227
0.026473
0.028771
0.036197
0.033294
0.028640
0.041009
0.030600
0.031546
0.030768
0.039665
0.033177
0.032906
0.034230
0.034232
0.033737
0.042285
0.034519
0.034175
0.034200
0.045966
0.046578
0.034249
0.034683
0.034955
0.043341
0.034705
0.035537
0.035072
0.034834
0.037364
0.050708
0.035940
0.035908
0.035514
0.035579
0.044852
0.035436
0.044933
0.046495
0.045219
0.045928
0.036464
0.035863
0.038521
0.036683
0.037638
0.046114
0.052034
0.041402
0.046781
0.040319
0.042353
0.037583
0.042366
0.041754
0.039352
0.050248
0.039333
0.039667
0.040429
0.052891
0.052208
