0.0014383792877197266
0.0014917850494384766
0.002114534378051758
0.0015330314636230469
0.0015177726745605469
0.0014464855194091797
0.0014770030975341797
0.0018978118896484375
0.0018465518951416016
0.001538991928100586
0.001514434814453125
0.001855611801147461
0.0015006065368652344
0.0013566017150878906
0.0023200511932373047
0.0018358230590820312
0.0018138885498046875
0.001657247543334961
0.0014777183532714844
0.0013442039489746094
0.002284526824951172
0.0018112659454345703
0.001607656478881836
0.0015981197357177734
0.0013904571533203125
0.0022580623626708984
0.002185821533203125
0.0015292167663574219
0.0014324188232421875
0.0018465518951416016
0.0014629364013671875
0.0015816688537597656
0.0014276504516601562
0.0014605522155761719
0.0018839836120605469
0.003496408462524414
0.0019459724426269531
0.0018832683563232422
0.0014960765838623047
0.001844644546508789
0.0015158653259277344
0.002015352249145508
0.0017561912536621094
0.0034437179565429688
0.0018787384033203125
0.0015096664428710938
0.001974344253540039
0.0014553070068359375
0.0016126632690429688
0.0062825679779052734
0.0015397071838378906
0.0013506412506103516
0.0017817020416259766
0.0013968944549560547
0.003144502639770508
0.00168609619140625
0.001401662826538086
0.0013480186462402344
0.0015430450439453125
0.0014679431915283203
0.0016508102416992188
0.001516580581665039
0.0017936229705810547
0.0014302730560302734
0.00139617919921875
0.0016536712646484375
0.0016908645629882812
0.0016422271728515625
0.0016014575958251953
0.0017898082733154297
0.0016596317291259766
0.0013799667358398438
0.0018131732940673828
0.0014765262603759766
0.0014884471893310547
0.0014128684997558594
0.0018358230590820312
0.0012764930725097656
0.0012884140014648438
0.0013680458068847656
0.0015549659729003906
0.0014300346374511719
0.003407001495361328
0.001791238784790039
0.001619577407836914
0.0014071464538574219
0.0018548965454101562
0.0015473365783691406
0.0017893314361572266
0.0019066333770751953
0.0015981197357177734
0.0014455318450927734
0.0012927055358886719
0.002615690231323242
0.0013966560363769531
0.0014188289642333984
0.0015442371368408203
0.0012874603271484375
0.001615285873413086
0.0016694068908691406
0.0015897750854492188
0.0016829967498779297
0.001310586929321289
0.0015442371368408203
0.002608776092529297
0.0018868446350097656
0.0014276504516601562
0.001402139663696289
0.0015821456909179688
0.0015647411346435547
0.0016024112701416016
0.0016415119171142578
0.0024290084838867188
0.0030493736267089844
0.0017762184143066406
0.0028591156005859375
0.00170135498046875
0.0015990734100341797
0.0015044212341308594
0.0022161006927490234
0.002530336380004883
0.0018475055694580078
0.0018193721771240234
0.001638174057006836
0.002185821533203125
0.0014941692352294922
0.0024635791778564453
0.0018417835235595703
0.0016505718231201172
0.0023555755615234375
0.012802839279174805
0.0018391609191894531
0.0015606880187988281
0.001983165740966797
0.0020318031311035156
0.0022611618041992188
0.0016469955444335938
0.0023043155670166016
0.002180814743041992
0.001512289047241211
0.0015475749969482422
0.0014958381652832031
0.0015916824340820312
0.0019207000732421875
0.0019838809967041016
0.0013349056243896484
0.0020589828491210938
0.0017659664154052734
0.002620697021484375
0.001653909683227539
0.001911163330078125
0.0016605854034423828
0.002217531204223633
0.0022478103637695312
0.002040386199951172
0.0017237663269042969
0.002007722854614258
0.0018694400787353516
0.0026564598083496094
0.001951456069946289
0.0016024112701416016
0.0019266605377197266
0.002370595932006836
0.0019156932830810547
0.0017066001892089844
0.0016062259674072266
0.0018458366394042969
0.0018362998962402344
0.004957914352416992
0.0023272037506103516
0.0016720294952392578
0.0015940666198730469
0.001650094985961914
0.0018200874328613281
0.002039194107055664
0.0019347667694091797
0.0023996829986572266
0.005829811096191406
0.0017418861389160156
0.0018694400787353516
0.0017693042755126953
0.0015156269073486328
0.0061092376708984375
0.0021042823791503906
0.0019989013671875
0.0014832019805908203
0.002032041549682617
0.004221677780151367
0.002205371856689453
0.0017879009246826172
0.006067752838134766
0.0013651847839355469
0.0020685195922851562
0.0018231868743896484
0.005925416946411133
0.001791238784790039
0.0017635822296142578
0.002210378646850586
0.0018634796142578125
0.002192258834838867
0.0022592544555664062
0.0027704238891601562
0.002413511276245117
0.001867055892944336
0.0020782947540283203
0.0016698837280273438
0.0025577545166015625
0.0018813610076904297
0.011233806610107422
0.0017261505126953125
0.0017771720886230469
0.0016241073608398438
0.0019259452819824219
0.0019347667694091797
0.0017931461334228516
0.001735687255859375
0.0021076202392578125
0.008837699890136719
0.002007007598876953
0.0020432472229003906
0.0021200180053710938
0.0014836788177490234
0.0020380020141601562
0.0014324188232421875
0.0016052722930908203
0.0022683143615722656
0.002642393112182617
0.004006862640380859
0.0018754005432128906
0.0016417503356933594
0.003104686737060547
0.00267791748046875
0.0019903182983398438
0.0018587112426757812
0.001750946044921875
0.002404451370239258
0.0025603771209716797
0.0017099380493164062
0.0015957355499267578
0.0017018318176269531
0.006768226623535156
0.0021369457244873047
0.002357006072998047
0.0017666816711425781
0.0017440319061279297
0.002463102340698242
0.0017406940460205078
0.0018095970153808594
0.0018570423126220703
0.0014841556549072266
0.0015077590942382812
0.0016927719116210938
0.001918792724609375
0.002205371856689453
0.0019845962524414062
0.0018825531005859375
0.0015561580657958984
0.00153350830078125
0.0015614032745361328
0.0016782283782958984
0.0019795894622802734
0.0022377967834472656
0.0014538764953613281
0.0020265579223632812
0.001844167709350586
0.0019304752349853516
0.005998134613037109
0.0016658306121826172
0.0015294551849365234
0.002552032470703125
0.0021224021911621094
0.0022072792053222656
0.0019359588623046875
0.0017957687377929688
0.002201557159423828
0.0018906593322753906
0.0021429061889648438
0.0015976428985595703
0.0021114349365234375
0.002043008804321289
0.0022428035736083984
0.0017130374908447266
0.0017440319061279297
0.0016756057739257812
0.0017595291137695312
0.0018451213836669922
0.0019774436950683594
0.0025076866149902344
0.0018875598907470703
0.0019404888153076172
0.002391338348388672
0.0017132759094238281
0.001857757568359375
0.0017118453979492188
0.0023505687713623047
0.0015311241149902344
0.0016911029815673828
0.0015614032745361328
0.0020401477813720703
0.0017669200897216797
0.0015909671783447266
0.0018646717071533203
0.0017037391662597656
0.0018358230590820312
0.002251148223876953
0.0022115707397460938
0.0023026466369628906
0.002122163772583008
0.002471923828125
0.0024585723876953125
0.001857757568359375
0.0016815662384033203
0.001966238021850586
0.0018131732940673828
0.0020363330841064453
0.0018341541290283203
0.0015583038330078125
0.0015518665313720703
0.0016722679138183594
0.0017457008361816406
0.0015535354614257812
0.0018384456634521484
0.0016684532165527344
0.0016758441925048828
0.0015385150909423828
0.002065420150756836
0.0020678043365478516
0.008271217346191406
0.00185394287109375
0.0018448829650878906
0.0022978782653808594
0.001501321792602539
0.0019273757934570312
0.0019412040710449219
0.002105712890625
0.001878976821899414
0.0020754337310791016
0.00151824951171875
0.0018477439880371094
0.0018146038055419922
0.0019752979278564453
0.0019321441650390625
0.00159454345703125
0.0020673274993896484
0.0021758079528808594
0.0017304420471191406
0.0018317699432373047
0.0020225048065185547
0.0021021366119384766
0.0016741752624511719
0.004276275634765625
0.0019969940185546875
0.002089977264404297
0.0017931461334228516
0.001631021499633789
0.0017976760864257812
0.001735687255859375
0.0017480850219726562
0.0021834373474121094
0.0035524368286132812
0.0019805431365966797
0.0017242431640625
0.001653432846069336
0.0024907588958740234
0.002290010452270508
0.0013866424560546875
0.0016281604766845703
0.001961946487426758
0.0018055438995361328
0.0018208026885986328
0.0022203922271728516
0.0017361640930175781
0.0021538734436035156
0.0019118785858154297
0.0017576217651367188
0.002660989761352539
0.0019500255584716797
0.0024056434631347656
0.002168416976928711
0.001783609390258789
0.002046346664428711
0.0015134811401367188
0.0017881393432617188
0.0015072822570800781
0.002090930938720703
0.007413148880004883
0.001880645751953125
0.0017197132110595703
0.0017428398132324219
0.001873016357421875
0.0016324520111083984
0.0017299652099609375
0.0017876625061035156
0.0022444725036621094
0.00177764892578125
0.0020422935485839844
0.0018928050994873047
0.0018720626831054688
0.0020940303802490234
0.0014913082122802734
0.001565694808959961
0.0018279552459716797
0.002227783203125
0.0016093254089355469
0.0016851425170898438
0.002228975296020508
0.0018434524536132812
0.0018019676208496094
0.0028696060180664062
0.002370595932006836
0.0016818046569824219
0.004587650299072266
0.0017206668853759766
0.006892204284667969
0.0015401840209960938
0.0018606185913085938
0.0021142959594726562
0.0018241405487060547
0.0018916130065917969
0.0021147727966308594
0.0018258094787597656
0.002629995346069336
0.001955270767211914
0.0017192363739013672
0.002351999282836914
0.002002239227294922
0.0018169879913330078
0.001901865005493164
0.0014133453369140625
0.0017552375793457031
0.0014989376068115234
0.001859426498413086
0.0037534236907958984
0.0017251968383789062
0.0017654895782470703
0.0017609596252441406
0.0017457008361816406
0.0019214153289794922
0.001976490020751953
0.002061128616333008
0.0016636848449707031
0.0014607906341552734
0.0019145011901855469
0.0014383792877197266
0.0017039775848388672
0.002681732177734375
0.0016412734985351562
0.001561880111694336
0.002942323684692383
0.0018689632415771484
0.00708460807800293
0.005214214324951172
0.0021686553955078125
0.0018496513366699219
0.0015282630920410156
0.002013683319091797
0.0024542808532714844
0.0016207695007324219
0.0020933151245117188
0.0016765594482421875
0.00189971923828125
0.0017032623291015625
0.0021393299102783203
0.001909017562866211
0.0018992424011230469
0.002268552780151367
0.0021178722381591797
0.002709627151489258
0.0021333694458007812
0.0019001960754394531
0.0018820762634277344
0.0018846988677978516
0.001978635787963867
0.001537322998046875
0.0019769668579101562
0.002175569534301758
0.002664804458618164
0.0020418167114257812
0.0017580986022949219
0.0018393993377685547
0.0018036365509033203
0.0022242069244384766
0.0020041465759277344
0.0017468929290771484
0.0024025440216064453
0.0016961097717285156
0.0018856525421142578
0.002067089080810547
0.0023908615112304688
0.002020597457885742
0.0018782615661621094
0.0017037391662597656
0.0014581680297851562
0.0015037059783935547
0.0018601417541503906
0.0017614364624023438
0.0015201568603515625
0.0014307498931884766
0.0019538402557373047
0.001798391342163086
0.0015969276428222656
0.0017049312591552734
0.0022127628326416016
0.002093791961669922
0.0016505718231201172
0.0018918514251708984
0.0028073787689208984
0.0019271373748779297
0.0017437934875488281
0.001967191696166992
0.001901865005493164
0.0015883445739746094
0.0018339157104492188
0.002421140670776367
0.0018467903137207031
0.0016727447509765625
0.0015480518341064453
0.0017006397247314453
0.001779317855834961
0.0019731521606445312
0.001973390579223633
0.0017919540405273438
0.001974344253540039
0.0017778873443603516
0.0019555091857910156
0.0025148391723632812
0.0019540786743164062
0.0019202232360839844
0.0017054080963134766
0.0015888214111328125
0.0019307136535644531
0.0017287731170654297
0.0019354820251464844
0.0017905235290527344
0.0023958683013916016
0.002231597900390625
0.0015628337860107422
0.0015304088592529297
0.0015718936920166016
0.002028226852416992
0.0015931129455566406
0.0021152496337890625
0.0015323162078857422
0.0015101432800292969
0.0017099380493164062
0.0017740726470947266
0.0022017955780029297
0.0016930103302001953
0.0019664764404296875
0.0014224052429199219
0.0021114349365234375
0.0017688274383544922
0.0015170574188232422
0.002074003219604492
0.001684427261352539
0.002183675765991211
0.0014657974243164062
0.0020999908447265625
0.001882791519165039
0.0019807815551757812
0.002065420150756836
0.005957126617431641
0.0016138553619384766
0.0019049644470214844
0.0016829967498779297
0.002384662628173828
0.0025229454040527344
0.0015277862548828125
0.0015552043914794922
0.0019176006317138672
0.0020973682403564453
0.0016291141510009766
0.0016427040100097656
0.001832723617553711
0.0015447139739990234
0.0018711090087890625
0.0019156932830810547
0.0017747879028320312
0.0022172927856445312
0.0020635128021240234
0.001462697982788086
0.0017666816711425781
0.001756906509399414
0.002283334732055664
0.0018274784088134766
0.002285003662109375
0.002074003219604492
0.002268075942993164
0.0017895698547363281
0.0015616416931152344
0.001741170883178711
0.001683950424194336
0.0016312599182128906
0.0016598701477050781
0.0019273757934570312
0.0018093585968017578
0.0020258426666259766
0.0017714500427246094
0.002160310745239258
0.0017790794372558594
0.001870870590209961
0.0020751953125
0.0017514228820800781
0.0018768310546875
0.0019388198852539062
0.0024645328521728516
0.0015833377838134766
0.0018672943115234375
0.0023729801177978516
0.0020456314086914062
0.0017282962799072266
0.0016834735870361328
0.002492189407348633
0.002046823501586914
0.0018107891082763672
0.0015172958374023438
0.0024480819702148438
0.0017669200897216797
0.0017206668853759766
0.001935720443725586
0.0018274784088134766
0.002048492431640625
0.0019533634185791016
0.0049364566802978516
0.0018811225891113281
0.0017647743225097656
0.0017616748809814453
0.005662202835083008
0.0014348030090332031
0.0018374919891357422
0.0017063617706298828
0.001604318618774414
0.0017750263214111328
0.0014522075653076172
0.001714468002319336
0.0016546249389648438
0.002147197723388672
0.0019426345825195312
0.0017805099487304688
0.0022983551025390625
0.0017673969268798828
0.0018203258514404297
0.0017261505126953125
0.002055644989013672
0.0015120506286621094
0.002061605453491211
0.001668691635131836
0.0037186145782470703
0.0015532970428466797
0.002508401870727539
0.0018992424011230469
0.0016994476318359375
0.002175569534301758
0.0015993118286132812
0.0017371177673339844
0.0016739368438720703
0.002409219741821289
0.00177001953125
0.0025513172149658203
0.0018579959869384766
0.002065896987915039
0.0017931461334228516
0.0016436576843261719
0.001787424087524414
0.0022144317626953125
0.001712799072265625
0.0016579627990722656
0.0015032291412353516
0.0020215511322021484
0.0018391609191894531
0.0016303062438964844
0.002084970474243164
0.0015306472778320312
0.0017840862274169922
0.0020334720611572266
0.0021250247955322266
0.0017838478088378906
0.0016455650329589844
0.002541065216064453
0.0023751258850097656
0.0014209747314453125
0.0015430450439453125
0.0017271041870117188
0.001957416534423828
0.002093076705932617
0.001672983169555664
0.0023508071899414062
0.0019268989562988281
0.0015361309051513672
0.0015208721160888672
0.0018818378448486328
0.0014629364013671875
0.0019800662994384766
0.0016622543334960938
0.001718282699584961
0.0019295215606689453
0.0015974044799804688
0.001363515853881836
0.001369476318359375
0.0015804767608642578
0.002960681915283203
0.0020029544830322266
0.0017271041870117188
0.0015666484832763672
0.0014951229095458984
0.0017039775848388672
0.0017104148864746094
0.002022266387939453
0.0016329288482666016
0.0015153884887695312
0.0015535354614257812
0.001772165298461914
0.0020639896392822266
0.0016558170318603516
0.0077517032623291016
0.001790761947631836
0.005258083343505859
0.006358146667480469
0.0017600059509277344
0.0019097328186035156
0.0015079975128173828
0.0016982555389404297
0.0016407966613769531
0.0018761157989501953
0.001506805419921875
0.0017657279968261719
0.0018994808197021484
0.008554935455322266
0.0014934539794921875
0.001653432846069336
0.0018162727355957031
0.0018448829650878906
0.0018122196197509766
0.0022721290588378906
0.002821207046508789
0.0019180774688720703
0.0019567012786865234
0.002168893814086914
0.0028619766235351562
0.0020661354064941406
0.0019865036010742188
0.0016558170318603516
0.0020651817321777344
0.0016722679138183594
0.0016138553619384766
0.0015654563903808594
0.0015954971313476562
0.0015778541564941406
0.0015866756439208984
0.0031952857971191406
0.0018205642700195312
0.001886129379272461
0.00148773193359375
0.001573801040649414
0.0014948844909667969
0.0015330314636230469
0.0018267631530761719
0.0016770362854003906
0.0018267631530761719
0.0016810894012451172
0.0017702579498291016
0.001476287841796875
0.0019481182098388672
0.0019292831420898438
0.001458883285522461
0.0017156600952148438
0.001458883285522461
0.0014579296112060547
0.0021066665649414062
0.0018184185028076172
0.0015952587127685547
0.0015692710876464844
0.0015919208526611328
0.001554727554321289
0.0021381378173828125
0.00664210319519043
0.0017025470733642578
0.0017437934875488281
0.0015399456024169922
0.0019278526306152344
0.0017685890197753906
0.0015573501586914062
0.0016818046569824219
0.0018208026885986328
0.0019545555114746094
0.0014061927795410156
0.0019407272338867188
0.0016362667083740234
0.0019183158874511719
0.001745462417602539
0.0014660358428955078
0.003480195999145508
0.001941680908203125
0.001790761947631836
0.0018038749694824219
0.0018649101257324219
0.001992464065551758
0.0017390251159667969
0.0018470287322998047
0.001659393310546875
0.0018310546875
0.0019009113311767578
0.0013501644134521484
0.0014884471893310547
0.0017592906951904297
0.001796722412109375
0.0018274784088134766
0.0016984939575195312
0.0023267269134521484
0.001729726791381836
0.0016701221466064453
0.008012056350708008
0.0025663375854492188
0.0017600059509277344
0.002000093460083008
0.0023250579833984375
0.0018572807312011719
0.0019648075103759766
0.0016624927520751953
0.0018711090087890625
0.0021123886108398438
0.001966714859008789
0.001859903335571289
0.0017468929290771484
0.0022237300872802734
0.001977682113647461
0.012386322021484375
0.002347230911254883
0.0014531612396240234
0.002019643783569336
0.002245664596557617
0.0021791458129882812
0.001806497573852539
0.0015914440155029297
0.0014221668243408203
0.001596212387084961
0.0019004344940185547
0.001669168472290039
0.0017042160034179688
0.0016016960144042969
0.003062725067138672
0.0017507076263427734
0.0016036033630371094
0.0018503665924072266
0.0014541149139404297
0.001976490020751953
0.002675771713256836
0.0016939640045166016
0.0016748905181884766
0.00179290771484375
0.001699209213256836
0.0015366077423095703
0.0017347335815429688
0.0016324520111083984
0.001489400863647461
0.0016562938690185547
0.0016415119171142578
0.0018231868743896484
0.0016722679138183594
0.002644777297973633
0.0016627311706542969
0.001680135726928711
0.0017533302307128906
0.0018308162689208984
0.0018744468688964844
0.001661539077758789
0.002032756805419922
0.003976106643676758
0.0018744468688964844
0.0014801025390625
0.001966714859008789
0.0017104148864746094
0.001600027084350586
0.0017514228820800781
0.0014395713806152344
0.0018811225891113281
0.0018312931060791016
0.0016093254089355469
0.0017893314361572266
0.0038137435913085938
0.0017800331115722656
0.0016531944274902344
0.0014374256134033203
0.0022661685943603516
0.0017430782318115234
0.001730203628540039
0.0019066333770751953
0.001428842544555664
0.0023238658905029297
0.0017032623291015625
0.0016856193542480469
0.0020148754119873047
0.0017969608306884766
0.0015864372253417969
0.0016565322875976562
0.0015711784362792969
0.002432107925415039
0.0017702579498291016
0.008240222930908203
0.0022039413452148438
0.0018601417541503906
0.00162506103515625
0.002065420150756836
0.0019676685333251953
0.0022449493408203125
0.0017859935760498047
0.0017108917236328125
0.0017192363739013672
0.0018613338470458984
0.0017728805541992188
0.001566171646118164
0.0014815330505371094
0.0015535354614257812
0.0017685890197753906
0.001951456069946289
0.0017077922821044922
0.0015680789947509766
0.0018699169158935547
0.0018308162689208984
0.0018606185913085938
0.0017697811126708984
0.0017189979553222656
0.002125978469848633
0.001705169677734375
0.001508474349975586
0.0017719268798828125
0.001649618148803711
0.0016598701477050781
0.001613616943359375
0.001745462417602539
0.002874612808227539
0.0026061534881591797
0.0016605854034423828
0.0022830963134765625
0.0016574859619140625
0.0018384456634521484
0.0018188953399658203
0.0018262863159179688
0.0029172897338867188
0.00183868408203125
0.0015439987182617188
0.0016160011291503906
0.0016028881072998047
0.0016779899597167969
0.001775503158569336
0.001741647720336914
0.0017192363739013672
0.0016281604766845703
0.002189159393310547
0.001913309097290039
0.0013921260833740234
0.0015742778778076172
0.0019767284393310547
0.0019812583923339844
0.00228118896484375
0.001837015151977539
0.0014755725860595703
0.0015819072723388672
0.0016796588897705078
0.0015766620635986328
0.0016973018646240234
0.0015180110931396484
0.0016515254974365234
0.0019469261169433594
0.0027246475219726562
0.0018711090087890625
0.002208232879638672
0.001833200454711914
0.0019724369049072266
0.0018374919891357422
0.0015859603881835938
0.0017366409301757812
0.0019154548645019531
0.0015132427215576172
0.0018966197967529297
0.0018205642700195312
0.002850770950317383
0.0021135807037353516
0.0018260478973388672
0.0013933181762695312
0.0017213821411132812
0.0019216537475585938
0.002033710479736328
0.001659393310546875
0.0016543865203857422
0.002092599868774414
0.002288818359375
0.0016396045684814453
0.001538991928100586
0.0016071796417236328
0.0016102790832519531
0.001837015151977539
0.0015995502471923828
0.0017468929290771484
0.0017781257629394531
0.0015716552734375
0.0016298294067382812
0.002059459686279297
0.0017840862274169922
0.002017974853515625
0.0017275810241699219
0.0017054080963134766
0.0016024112701416016
0.0017864704132080078
0.0017807483673095703
0.0016567707061767578
0.0014896392822265625
0.0014140605926513672
0.0018074512481689453
0.0016124248504638672
0.0017540454864501953
0.0018846988677978516
0.0014429092407226562
0.0015263557434082031
0.0015573501586914062
0.0016069412231445312
0.001651763916015625
0.0015780925750732422
0.0014300346374511719
0.0020973682403564453
0.0020415782928466797
0.002129077911376953
0.0018796920776367188
0.001903533935546875
0.0019254684448242188
0.0019228458404541016
0.0016744136810302734
0.0014379024505615234
0.0017287731170654297
0.0016016960144042969
0.0016481876373291016
0.0020570755004882812
0.0017399787902832031
0.0014607906341552734
0.0015175342559814453
0.0017006397247314453
0.0014960765838623047
0.0016493797302246094
0.0018050670623779297
0.0014390945434570312
0.0018870830535888672
0.001691579818725586
0.001580953598022461
0.0017938613891601562
0.0018818378448486328
0.0020766258239746094
0.0016932487487792969
0.0059397220611572266
0.0018935203552246094
0.001711130142211914
0.001661539077758789
0.0017857551574707031
0.002568960189819336
0.0016121864318847656
0.0016400814056396484
0.0014455318450927734
0.001928567886352539
0.001707315444946289
0.0018033981323242188
0.0016486644744873047
0.002520322799682617
0.0017447471618652344
0.0018913745880126953
0.002079010009765625
0.0017697811126708984
0.0017170906066894531
0.0017745494842529297
0.001512289047241211
0.0017390251159667969
0.0018558502197265625
0.0015163421630859375
0.0016582012176513672
0.0021262168884277344
0.0014874935150146484
0.0016281604766845703
0.0019583702087402344
0.0020952224731445312
0.001360177993774414
0.0016689300537109375
0.001691579818725586
0.0016355514526367188
0.0020842552185058594
0.0016834735870361328
0.0014793872833251953
0.0015461444854736328
0.001842498779296875
0.0013401508331298828
0.0017826557159423828
0.002135038375854492
0.0017838478088378906
0.0025420188903808594
0.0015392303466796875
0.0017452239990234375
0.0015761852264404297
0.00145721435546875
0.0018444061279296875
0.0013513565063476562
0.0024623870849609375
0.0020995140075683594
0.0021419525146484375
0.0016472339630126953
0.0019724369049072266
0.001722097396850586
0.0016326904296875
0.011478662490844727
0.001905202865600586
0.0015370845794677734
0.001550436019897461
0.0019159317016601562
0.0017611980438232422
0.00177001953125
0.0018019676208496094
0.0016632080078125
0.0016057491302490234
0.002202749252319336
0.0015223026275634766
0.0019979476928710938
0.0022644996643066406
0.0019876956939697266
0.0017600059509277344
0.002131223678588867
0.0018107891082763672
0.0015745162963867188
0.0017712116241455078
0.0019118785858154297
0.0015454292297363281
0.0020589828491210938
0.0013380050659179688
0.002476930618286133
0.0017364025115966797
0.001918792724609375
0.001861572265625
0.0021371841430664062
0.0016129016876220703
0.001516103744506836
0.0017919540405273438
0.00153350830078125
0.001850128173828125
0.0013210773468017578
0.0022323131561279297
0.001741647720336914
0.0015940666198730469
0.0017232894897460938
0.0017323493957519531
0.0015010833740234375
0.0016973018646240234
0.0018935203552246094
0.0018107891082763672
0.0017056465148925781
0.0017771720886230469
0.001592397689819336
0.0017299652099609375
0.0016460418701171875
0.0024886131286621094
0.0015571117401123047
0.007050991058349609
0.0015170574188232422
0.0017383098602294922
0.0018084049224853516
0.0014090538024902344
0.0015516281127929688
0.001596689224243164
0.0014586448669433594
0.0015377998352050781
0.001644134521484375
0.0017595291137695312
0.0017254352569580078
0.0017218589782714844
0.0015230178833007812
0.0014786720275878906
0.0018856525421142578
0.001961946487426758
0.002275228500366211
0.0017397403717041016
0.0018963813781738281
0.002071380615234375
0.0018112659454345703
0.0018498897552490234
0.0015380382537841797
0.0016832351684570312
0.0017747879028320312
0.0016787052154541016
0.0020971298217773438
0.0017192363739013672
0.0016574859619140625
0.0017490386962890625
0.0016994476318359375
0.0026578903198242188
0.001917123794555664
0.0015802383422851562
0.001802682876586914
0.0016913414001464844
0.0017473697662353516
0.001547098159790039
0.0017726421356201172
0.003266572952270508
0.0014472007751464844
0.0016944408416748047
0.0020689964294433594
0.001613616943359375
0.0014863014221191406
0.0013599395751953125
0.0017609596252441406
0.0016641616821289062
0.001926422119140625
0.0017366409301757812
0.0016589164733886719
0.0018870830535888672
0.0015568733215332031
0.0016655921936035156
0.0014393329620361328
0.0014159679412841797
0.0015544891357421875
0.0016498565673828125
0.001644134521484375
0.0016627311706542969
0.0017919540405273438
0.0019023418426513672
0.0018782615661621094
0.001775503158569336
0.0017325878143310547
0.0015985965728759766
0.0015363693237304688
0.0017158985137939453
0.0014276504516601562
0.0022084712982177734
0.0016481876373291016
0.0018601417541503906
0.001611471176147461
0.0014901161193847656
0.0032663345336914062
0.001499176025390625
0.0013806819915771484
0.0022993087768554688
0.0017333030700683594
0.0017933845520019531
0.0014972686767578125
0.0016477108001708984
0.001756906509399414
0.002020120620727539
0.0014362335205078125
0.002180337905883789
0.0019197463989257812
0.0017821788787841797
0.001680612564086914
0.0015609264373779297
0.0016927719116210938
0.001813650131225586
0.0038595199584960938
0.0018956661224365234
0.0017242431640625
0.0017905235290527344
0.0014543533325195312
0.0018901824951171875
0.001537322998046875
0.0014636516571044922
0.001733541488647461
0.0016908645629882812
0.0019249916076660156
0.0015978813171386719
0.001667022705078125
0.0015578269958496094
0.0014872550964355469
0.0019397735595703125
0.002142190933227539
0.0019373893737792969
0.0016760826110839844
0.0018870830535888672
0.0018761157989501953
0.0019299983978271484
0.0027976036071777344
0.0018205642700195312
0.0017547607421875
0.002420663833618164
0.001489877700805664
0.0017359256744384766
0.0017664432525634766
0.001580953598022461
0.0017910003662109375
0.0015861988067626953
0.002062082290649414
0.0014200210571289062
0.0016508102416992188
0.0019927024841308594
0.0019218921661376953
0.0016627311706542969
0.0016632080078125
0.0015778541564941406
0.0017507076263427734
0.0018398761749267578
0.001932382583618164
0.0015642642974853516
0.0015482902526855469
0.001950979232788086
0.0017359256744384766
0.0017082691192626953
0.0014340877532958984
0.001873016357421875
0.0019459724426269531
0.001669168472290039
0.0016756057739257812
0.0016732215881347656
0.0017936229705810547
0.0021653175354003906
0.0022110939025878906
0.0014472007751464844
0.0017795562744140625
0.0016124248504638672
0.0014083385467529297
0.0024018287658691406
0.0018017292022705078
0.0016412734985351562
0.0019135475158691406
0.001737833023071289
0.001844167709350586
0.010185480117797852
0.0018165111541748047
0.0019104480743408203
0.0017917156219482422
0.001649618148803711
0.0025184154510498047
0.002187490463256836
0.0019369125366210938
0.0018439292907714844
0.001451730728149414
0.0020978450775146484
0.0022308826446533203
0.0017426013946533203
0.001453399658203125
0.0021915435791015625
0.001430511474609375
0.0014662742614746094
0.0014052391052246094
0.00180816650390625
0.001958131790161133
0.0017826557159423828
0.009050846099853516
0.0013971328735351562
0.0015473365783691406
0.0017352104187011719
0.001466989517211914
0.0016255378723144531
0.0018417835235595703
0.0017893314361572266
0.0019147396087646484
0.002462148666381836
0.0020618438720703125
0.001890420913696289
0.001725912094116211
0.0016987323760986328
0.0016455650329589844
0.001859903335571289
0.0017435550689697266
0.003389120101928711
0.0021767616271972656
0.0019490718841552734
0.001476287841796875
0.0016422271728515625
0.0015773773193359375
0.0021162033081054688
0.0015401840209960938
0.0014414787292480469
0.0019309520721435547
0.0015265941619873047
0.0015840530395507812
0.0018157958984375
0.001771688461303711
0.0018703937530517578
0.002047300338745117
0.0017285346984863281
0.0017039775848388672
0.0017495155334472656
0.0015778541564941406
0.001789093017578125
0.0018031597137451172
0.0019075870513916016
0.0017650127410888672
0.002182483673095703
0.0019404888153076172
0.0017168521881103516
0.001964569091796875
0.001760244369506836
0.0016913414001464844
0.001672983169555664
0.0017158985137939453
0.0018887519836425781
0.001773834228515625
0.0014178752899169922
0.0016150474548339844
0.0016944408416748047
0.0017082691192626953
0.0017974376678466797
0.002241849899291992
0.0014605522155761719
0.0019686222076416016
0.0018320083618164062
0.0018219947814941406
0.0017726421356201172
0.0014216899871826172
0.0015544891357421875
0.0018138885498046875
0.0020024776458740234
0.0018641948699951172
0.001753091812133789
0.0018551349639892578
0.0016794204711914062
0.0017805099487304688
0.0017910003662109375
0.001744985580444336
0.0016646385192871094
0.0024976730346679688
0.002198457717895508
0.0018677711486816406
0.0019919872283935547
0.001964569091796875
0.0024530887603759766
0.0015773773193359375
0.008768558502197266
0.0018277168273925781
0.001588582992553711
0.0019223690032958984
0.0017902851104736328
0.0018205642700195312
0.0016143321990966797
0.0015137195587158203
0.0015063285827636719
0.0014605522155761719
0.0016281604766845703
0.0016710758209228516
0.0015861988067626953
0.0018451213836669922
0.002001047134399414
0.0018725395202636719
0.0017964839935302734
0.0015845298767089844
0.0013637542724609375
0.0019707679748535156
0.001538991928100586
0.0017819404602050781
0.0016903877258300781
0.002092599868774414
0.0018131732940673828
0.0017037391662597656
0.0017819404602050781
0.0018961429595947266
0.0016553401947021484
0.0016107559204101562
0.0015120506286621094
0.0022406578063964844
0.0024406909942626953
0.0018351078033447266
0.0018460750579833984
0.0016303062438964844
0.0015730857849121094
0.001580953598022461
0.0025916099548339844
0.0017404556274414062
0.0019092559814453125
0.0020470619201660156
0.0019068717956542969
0.0019235610961914062
0.0018038749694824219
0.0018429756164550781
0.002011537551879883
0.0016796588897705078
0.0018401145935058594
0.0015282630920410156
0.0016357898712158203
0.0016367435455322266
0.001802206039428711
0.004492759704589844
0.0018928050994873047
0.0017609596252441406
0.0020418167114257812
0.0014355182647705078
0.0018453598022460938
0.0017094612121582031
0.0024216175079345703
0.001646280288696289
0.0017266273498535156
0.0017185211181640625
0.0018565654754638672
0.0015697479248046875
0.0027723312377929688
0.0014896392822265625
0.0017058849334716797
0.0017242431640625
0.0018069744110107422
0.0016632080078125
0.0024712085723876953
0.0016260147094726562
0.001664876937866211
0.0033931732177734375
0.0014729499816894531
0.001689910888671875
0.0018298625946044922
0.0020360946655273438
0.0018770694732666016
0.0018146038055419922
0.001827239990234375
0.0014393329620361328
0.0017676353454589844
0.0017049312591552734
0.0016007423400878906
0.0014863014221191406
0.0018155574798583984
0.0016603469848632812
0.0030193328857421875
0.0016238689422607422
0.00168609619140625
0.0019142627716064453
0.0018992424011230469
0.0021696090698242188
0.0034821033477783203
0.004282236099243164
0.0018851757049560547
0.0017735958099365234
0.0016849040985107422
0.0018138885498046875
0.0018815994262695312
0.0016787052154541016
0.0021712779998779297
0.002015829086303711
0.002160310745239258
0.0018239021301269531
0.0017619132995605469
0.0045833587646484375
0.0019481182098388672
0.0016334056854248047
0.0019080638885498047
0.002544879913330078
0.0018837451934814453
0.001621246337890625
0.0017924308776855469
0.0015745162963867188
0.0014116764068603516
0.0018110275268554688
0.0018107891082763672
0.0019199848175048828
0.0017414093017578125
0.0014729499816894531
0.002748250961303711
0.0016698837280273438
0.002295255661010742
0.0019283294677734375
0.0015380382537841797
0.001497507095336914
0.0018596649169921875
0.001790761947631836
0.0017087459564208984
0.0021114349365234375
0.0017385482788085938
0.0016551017761230469
0.0015721321105957031
0.0023000240325927734
0.0015795230865478516
0.0019221305847167969
0.0017104148864746094
0.0024912357330322266
0.0016376972198486328
0.0016596317291259766
0.0015861988067626953
0.0016329288482666016
0.0015196800231933594
0.0013651847839355469
0.008430242538452148
0.0017561912536621094
0.001850128173828125
0.0019876956939697266
0.0017211437225341797
0.0019407272338867188
0.0017349720001220703
0.001800537109375
0.0017521381378173828
0.001644134521484375
0.001447439193725586
0.0016772747039794922
0.0020613670349121094
0.0017049312591552734
0.0016236305236816406
0.0014488697052001953
0.0016036033630371094
0.0018646717071533203
0.0017731189727783203
0.002031564712524414
0.002542734146118164
0.00194549560546875
0.0016911029815673828
0.0018587112426757812
0.001802682876586914
0.0019953250885009766
0.0022149085998535156
0.0018706321716308594
0.0018832683563232422
0.0019054412841796875
0.0047185420989990234
0.0016851425170898438
0.0016214847564697266
0.0017652511596679688
0.001529693603515625
0.0015594959259033203
0.0016777515411376953
0.0018343925476074219
0.0014028549194335938
0.003981113433837891
0.0017056465148925781
0.0016477108001708984
0.0015263557434082031
0.0021152496337890625
0.0018563270568847656
0.0018374919891357422
0.0020134449005126953
0.0016391277313232422
0.0015859603881835938
0.0015344619750976562
0.0015537738800048828
0.0016467571258544922
0.0018160343170166016
0.0016832351684570312
0.0014765262603759766
0.001764059066772461
0.0017919540405273438
0.0018544197082519531
0.0018820762634277344
0.001730203628540039
0.0020380020141601562
0.0018417835235595703
0.0015354156494140625
0.0019550323486328125
0.0022177696228027344
0.0021698474884033203
0.0015840530395507812
0.0016491413116455078
0.0020394325256347656
0.0016627311706542969
0.001874685287475586
0.0027480125427246094
0.0021512508392333984
0.0018138885498046875
0.0023441314697265625
0.0019674301147460938
0.0026013851165771484
0.002043485641479492
0.0019066333770751953
0.0017943382263183594
0.0015239715576171875
0.0014278888702392578
0.0016467571258544922
0.001779317855834961
0.002104043960571289
0.0015408992767333984
0.0015628337860107422
0.001954793930053711
0.002148151397705078
0.003860950469970703
0.001783609390258789
0.0018284320831298828
0.0021567344665527344
0.0019347667694091797
0.001539468765258789
0.001489400863647461
0.0017969608306884766
0.0015604496002197266
0.0016829967498779297
0.002478361129760742
0.0019538402557373047
0.0016417503356933594
0.0015451908111572266
0.0016913414001464844
0.0020771026611328125
0.0017070770263671875
0.0021440982818603516
0.0020177364349365234
0.0018992424011230469
0.0016040802001953125
0.0030508041381835938
0.0018911361694335938
0.0061435699462890625
0.002469778060913086
0.002354145050048828
0.0016629695892333984
0.0018913745880126953
0.0015597343444824219
0.0023772716522216797
0.0016632080078125
0.0019259452819824219
0.0019745826721191406
0.0020046234130859375
0.001516580581665039
0.001628875732421875
0.0018243789672851562
0.001567840576171875
0.0020508766174316406
0.002048015594482422
0.0017497539520263672
0.0015347003936767578
0.00191497802734375
0.001550912857055664
0.0017056465148925781
0.001832723617553711
0.0018072128295898438
0.0017840862274169922
0.0015528202056884766
0.0015645027160644531
0.0033533573150634766
0.0014052391052246094
0.001748800277709961
0.004160165786743164
0.0023272037506103516
0.0018002986907958984
0.0013852119445800781
0.005208015441894531
0.0019001960754394531
0.0018050670623779297
0.003200531005859375
0.0016241073608398438
0.0015697479248046875
0.0015838146209716797
0.0016021728515625
0.002013683319091797
0.0021314620971679688
0.0021817684173583984
0.0016260147094726562
0.0020360946655273438
0.0017619132995605469
0.002310037612915039
0.0018887519836425781
0.0017971992492675781
0.0017330646514892578
0.001711130142211914
0.0017430782318115234
0.0016694068908691406
0.0015974044799804688
0.002247333526611328
0.0020122528076171875
0.0017778873443603516
0.0018410682678222656
0.0016293525695800781
0.0019795894622802734
0.0015902519226074219
0.0021486282348632812
0.002500295639038086
0.0021817684173583984
0.0016057491302490234
0.0015246868133544922
0.00395655632019043
0.0020093917846679688
0.0023102760314941406
0.0022122859954833984
0.0016942024230957031
0.0017440319061279297
0.0018832683563232422
0.002591848373413086
0.0029387474060058594
0.0017659664154052734
0.002356290817260742
0.0018680095672607422
0.0016937255859375
0.0016641616821289062
0.005136966705322266
0.0024957656860351562
0.0015532970428466797
0.0015485286712646484
0.0016021728515625
0.0015866756439208984
0.0017566680908203125
0.0018019676208496094
0.0015323162078857422
0.0018312931060791016
0.0018339157104492188
0.0020532608032226562
0.0016350746154785156
0.0015156269073486328
0.0014505386352539062
0.0018756389617919922
0.0019271373748779297
0.0018079280853271484
0.0018224716186523438
0.0019469261169433594
0.0015826225280761719
0.0017273426055908203
0.0022125244140625
0.0019214153289794922
0.001975536346435547
0.0015785694122314453
0.0017521381378173828
0.001949310302734375
0.0016946792602539062
0.0017745494842529297
0.0018608570098876953
0.0014376640319824219
0.0016427040100097656
0.0016231536865234375
0.0014965534210205078
0.001562356948852539
0.001806497573852539
0.0017066001892089844
0.0019538402557373047
0.0020284652709960938
0.0018978118896484375
0.0018541812896728516
0.0019295215606689453
0.0016455650329589844
0.0016510486602783203
0.0018770694732666016
0.0018334388732910156
0.0016374588012695312
0.001973867416381836
0.001621246337890625
0.0019845962524414062
0.001645803451538086
0.0017156600952148438
0.0016338825225830078
0.0019338130950927734
0.0016841888427734375
0.0021028518676757812
0.0024940967559814453
0.0020401477813720703
0.0018286705017089844
0.0018074512481689453
0.0014853477478027344
0.0022284984588623047
0.0018203258514404297
0.0016083717346191406
0.0016846656799316406
0.0016489028930664062
0.0018117427825927734
0.0018935203552246094
0.0017323493957519531
0.0016660690307617188
0.002168416976928711
0.0017895698547363281
0.0018258094787597656
0.0014858245849609375
0.0016307830810546875
0.002081155776977539
0.0018544197082519531
0.0013675689697265625
0.0018055438995361328
0.002062082290649414
0.0016450881958007812
0.0018525123596191406
0.0017044544219970703
0.00180816650390625
0.0018725395202636719
0.001684427261352539
0.001837015151977539
0.0016949176788330078
0.0019981861114501953
0.0018284320831298828
0.0016880035400390625
0.001650094985961914
0.0016987323760986328
0.002363443374633789
0.0018947124481201172
0.001422882080078125
0.005301952362060547
0.0024614334106445312
0.002039670944213867
0.0018606185913085938
0.001743316650390625
0.0017948150634765625
0.0017130374908447266
0.001842498779296875
0.0015671253204345703
0.002122163772583008
0.0018177032470703125
0.0016324520111083984
0.0017478466033935547
0.0016851425170898438
0.0018053054809570312
0.002130746841430664
0.0018780231475830078
0.0019462108612060547
0.002825498580932617
0.0028035640716552734
0.0034863948822021484
0.0018024444580078125
0.0015060901641845703
0.0018265247344970703
0.002794027328491211
0.0020334720611572266
0.002580881118774414
0.0017769336700439453
0.0016489028930664062
0.0023314952850341797
0.0016210079193115234
0.0018062591552734375
0.0014872550964355469
0.002049684524536133
0.0020470619201660156
0.0018610954284667969
0.0014922618865966797
0.0017724037170410156
0.0018894672393798828
0.0016183853149414062
0.0019466876983642578
0.0018587112426757812
0.0017137527465820312
0.0019075870513916016
0.0019156932830810547
0.0018870830535888672
0.0030961036682128906
0.0020143985748291016
0.00189971923828125
0.003058195114135742
0.0021736621856689453
0.0018596649169921875
0.0020308494567871094
0.0016407966613769531
0.002132415771484375
0.0016160011291503906
0.0017859935760498047
0.0020673274993896484
0.0019388198852539062
0.001941680908203125
0.002033710479736328
0.0019028186798095703
0.0015842914581298828
0.0017447471618652344
0.0019359588623046875
0.0017924308776855469
0.0019991397857666016
0.002240896224975586
0.0017440319061279297
0.0018126964569091797
0.002141714096069336
0.001979827880859375
0.0016977787017822266
0.002179384231567383
0.002554655075073242
0.0023851394653320312
0.0015578269958496094
0.0019125938415527344
0.0018584728240966797
0.0018184185028076172
0.0017397403717041016
0.0019259452819824219
0.0022096633911132812
0.001922607421875
0.0020704269409179688
0.0017080307006835938
0.001875162124633789
0.002173185348510742
0.0018267631530761719
0.0018377304077148438
0.003850698471069336
0.001672983169555664
0.0019731521606445312
0.001802206039428711
0.0019059181213378906
0.0019137859344482422
0.0017693042755126953
0.002313852310180664
0.0024297237396240234
0.0019600391387939453
0.0037946701049804688
0.00632476806640625
0.001863718032836914
0.0017535686492919922
0.0016562938690185547
0.0019385814666748047
0.0024666786193847656
0.0021703243255615234
0.0060575008392333984
0.0019364356994628906
0.001825571060180664
0.0021545886993408203
0.0017902851104736328
0.0018887519836425781
0.0025794506072998047
0.0020170211791992188
0.0020949840545654297
0.0016930103302001953
0.0019412040710449219
0.0019414424896240234
0.0015213489532470703
0.0029456615447998047
0.0014224052429199219
0.0017268657684326172
0.0017282962799072266
0.002055644989013672
0.008358955383300781
0.0016252994537353516
0.0015385150909423828
0.0020210742950439453
0.0017278194427490234
0.0017440319061279297
0.0020346641540527344
0.002246379852294922
0.002106904983520508
0.0018415451049804688
0.0018508434295654297
0.0019714832305908203
0.0015935897827148438
0.001981496810913086
0.002011537551879883
0.0015180110931396484
0.0017695426940917969
0.0016281604766845703
0.001638650894165039
0.0022585391998291016
0.002195119857788086
0.004073619842529297
0.007961750030517578
0.001859903335571289
0.0015892982482910156
0.0018427371978759766
0.0017552375793457031
0.0018382072448730469
0.0018372535705566406
0.0017964839935302734
0.0013515949249267578
0.001651763916015625
0.0019352436065673828
0.0018324851989746094
0.0022563934326171875
0.0018115043640136719
0.0023925304412841797
0.0025987625122070312
0.0017843246459960938
0.0018033981323242188
0.0017080307006835938
0.001642465591430664
0.002003192901611328
0.0019102096557617188
0.002037525177001953
0.0019347667694091797
0.0018153190612792969
0.00170135498046875
0.0017936229705810547
0.0015571117401123047
0.0018229484558105469
0.002160787582397461
0.0019047260284423828
0.0018684864044189453
0.0019075870513916016
0.0019073486328125
0.0030579566955566406
0.002027750015258789
0.0014495849609375
0.002126455307006836
0.0019028186798095703
0.0017135143280029297
0.002018451690673828
0.001810312271118164
0.0017859935760498047
0.0017533302307128906
0.0018689632415771484
0.0018608570098876953
0.002613544464111328
0.001741170883178711
0.001992464065551758
0.0019931793212890625
0.0019333362579345703
0.0016646385192871094
0.002088308334350586
0.002012014389038086
0.0020759105682373047
0.00179290771484375
0.002514362335205078
0.0019516944885253906
0.0017054080963134766
0.0017957687377929688
0.002229452133178711
0.001983165740966797
0.0016362667083740234
0.0017266273498535156
0.001737833023071289
0.0015218257904052734
0.0023589134216308594
0.0016281604766845703
0.00188446044921875
0.001438140869140625
0.002023458480834961
0.001712799072265625
0.001711130142211914
0.0017657279968261719
0.0016832351684570312
0.00176239013671875
0.0018379688262939453
0.0020291805267333984
0.0017571449279785156
0.0021228790283203125
0.0016515254974365234
0.0018033981323242188
0.0017652511596679688
0.0020737648010253906
0.002165079116821289
0.002413511276245117
0.0017850399017333984
0.0019953250885009766
0.0019230842590332031
0.0021162033081054688
0.002500295639038086
0.0019254684448242188
0.0018815994262695312
0.0019681453704833984
0.0018029212951660156
0.002153635025024414
0.0016663074493408203
0.0015799999237060547
0.0018436908721923828
0.0017609596252441406
0.002574443817138672
0.0017139911651611328
0.003674030303955078
0.0018260478973388672
0.0019371509552001953
0.0017461776733398438
0.0014955997467041016
0.0019898414611816406
0.0016393661499023438
0.0018296241760253906
0.001772165298461914
0.0019037723541259766
0.002011537551879883
0.0024819374084472656
0.0023386478424072266
0.0016682147979736328
0.0019006729125976562
0.0019850730895996094
0.0018978118896484375
0.0017828941345214844
0.0016062259674072266
0.0023429393768310547
0.0015168190002441406
0.0015208721160888672
0.0017185211181640625
0.0016732215881347656
0.002058744430541992
0.0015213489532470703
0.0016078948974609375
0.0018112659454345703
0.001760244369506836
0.0018506050109863281
0.0018672943115234375
0.0019426345825195312
0.0018036365509033203
0.0028057098388671875
0.0020325183868408203
0.0017333030700683594
0.0019435882568359375
0.0019736289978027344
0.001973867416381836
0.0021066665649414062
0.0018749237060546875
0.0017409324645996094
0.0036478042602539062
0.0017702579498291016
0.0024042129516601562
0.0017924308776855469
0.002355813980102539
0.0015404224395751953
0.0018105506896972656
0.0017802715301513672
0.0017867088317871094
0.0017237663269042969
0.0018582344055175781
0.0016646385192871094
0.0017979145050048828
0.001997709274291992
0.0016875267028808594
0.0016715526580810547
0.0017087459564208984
0.001474618911743164
0.0017576217651367188
0.002160310745239258
0.001964569091796875
0.001756429672241211
0.001596212387084961
0.0022399425506591797
0.0019750595092773438
0.001692056655883789
0.0014948844909667969
0.002032756805419922
0.001977682113647461
0.0014355182647705078
0.0016796588897705078
0.0018622875213623047
0.0020999908447265625
0.0018382072448730469
0.0018172264099121094
0.0020275115966796875
0.0017139911651611328
0.0015540122985839844
0.0016596317291259766
0.001825571060180664
0.003593921661376953
0.002161741256713867
0.0019371509552001953
0.0014841556549072266
0.0019567012786865234
0.0013225078582763672
0.0021877288818359375
0.0014646053314208984
0.0017197132110595703
0.0016379356384277344
0.0018954277038574219
0.0019364356994628906
0.0019931793212890625
0.0017452239990234375
0.0030248165130615234
0.001739501953125
0.0016858577728271484
0.0015406608581542969
0.0016052722930908203
0.0014996528625488281
0.0016880035400390625
0.0017600059509277344
0.0017807483673095703
0.0018875598907470703
0.0014560222625732422
0.001468658447265625
0.0018336772918701172
0.0014848709106445312
0.0017163753509521484
0.001993894577026367
0.0016651153564453125
0.002192974090576172
0.0015478134155273438
0.0018231868743896484
0.0017731189727783203
0.0020093917846679688
0.0015895366668701172
0.002183198928833008
0.0017752647399902344
0.0019826889038085938
0.0020685195922851562
0.0015056133270263672
0.0018603801727294922
0.001988649368286133
0.001725912094116211
0.0016541481018066406
0.0023000240325927734
0.0014727115631103516
0.002004384994506836
0.0018105506896972656
0.0014820098876953125
0.0022809505462646484
0.0015828609466552734
0.0019664764404296875
0.002103090286254883
0.0071773529052734375
0.0020110607147216797
0.0018520355224609375
0.002040386199951172
0.0020570755004882812
0.001787424087524414
0.001972198486328125
0.001901865005493164
0.0019683837890625
0.0018460750579833984
0.0015037059783935547
0.0015819072723388672
0.0018439292907714844
0.0018486976623535156
0.0018837451934814453
0.0016019344329833984
0.00160980224609375
0.0017902851104736328
0.0017261505126953125
0.0015091896057128906
0.0017821788787841797
0.001825094223022461
0.0016639232635498047
0.002278566360473633
0.0018587112426757812
0.0016841888427734375
0.001802206039428711
0.002072572708129883
0.0016322135925292969
0.0016965866088867188
0.0019443035125732422
0.0015130043029785156
0.001707315444946289
0.0017349720001220703
0.0015869140625
0.0018253326416015625
0.0022475719451904297
0.0016474723815917969
0.0015535354614257812
0.0018105506896972656
0.0015819072723388672
0.0020935535430908203
0.0017194747924804688
0.0016214847564697266
0.0016942024230957031
0.0019872188568115234
0.0015101432800292969
0.0020253658294677734
0.0022058486938476562
0.0022156238555908203
0.0018818378448486328
0.0018210411071777344
0.002235889434814453
0.001734018325805664
0.0017735958099365234
0.002690553665161133
0.0016405582427978516
0.0016252994537353516
0.001626729965209961
0.00153350830078125
0.0016846656799316406
0.002017498016357422
0.0022003650665283203
0.0018665790557861328
0.0022521018981933594
0.0014941692352294922
0.0016636848449707031
0.005844831466674805
0.0015785694122314453
0.0016772747039794922
0.0017306804656982422
0.0015687942504882812
0.0017960071563720703
0.0016512870788574219
0.0017631053924560547
0.0016717910766601562
0.001688241958618164
0.0015568733215332031
0.002043485641479492
0.0016906261444091797
0.001547098159790039
0.001436471939086914
0.002101898193359375
0.001758575439453125
0.001786947250366211
0.0017287731170654297
0.0018644332885742188
0.0017559528350830078
0.0015513896942138672
0.0015249252319335938
0.0017371177673339844
0.0021572113037109375
0.0018253326416015625
0.0063495635986328125
0.0013971328735351562
0.0017080307006835938
0.0019268989562988281
0.002277851104736328
0.0019295215606689453
0.0017366409301757812
0.0023474693298339844
0.0023827552795410156
0.0018434524536132812
0.001794576644897461
0.0018734931945800781
0.001783609390258789
0.0015799999237060547
0.0018854141235351562
0.0014483928680419922
0.0017354488372802734
0.0015079975128173828
0.0016968250274658203
0.0017876625061035156
0.0017971992492675781
0.0014388561248779297
0.0018076896667480469
0.0018324851989746094
0.0018024444580078125
0.001733541488647461
0.001789093017578125
0.001758575439453125
0.0019049644470214844
0.0018210411071777344
0.0015211105346679688
0.0014462471008300781
0.0015974044799804688
0.0017976760864257812
0.0033066272735595703
0.001905202865600586
0.0019779205322265625
0.0018172264099121094
0.0018084049224853516
0.0019168853759765625
0.0018010139465332031
0.0016515254974365234
0.001995563507080078
0.0020236968994140625
0.0018336772918701172
0.0016455650329589844
0.0017518997192382812
0.0015053749084472656
0.0016021728515625
0.0017218589782714844
0.001828908920288086
0.0014333724975585938
0.001771688461303711
0.0017383098602294922
0.0020999908447265625
0.0020134449005126953
0.002062559127807617
0.001781463623046875
0.0016717910766601562
0.0023179054260253906
0.006122112274169922
0.0016891956329345703
0.0017993450164794922
0.002620697021484375
0.001994609832763672
0.0017180442810058594
0.0016438961029052734
0.002088785171508789
0.0022013187408447266
0.0019185543060302734
0.0019347667694091797
0.001840353012084961
0.0018818378448486328
0.0018410682678222656
0.0019681453704833984
0.0017132759094238281
0.0016548633575439453
0.0016739368438720703
0.0018842220306396484
0.0015611648559570312
0.006526947021484375
0.0013589859008789062
0.0021424293518066406
0.002497434616088867
0.0018596649169921875
0.0020346641540527344
0.0019130706787109375
0.0016071796417236328
0.001987934112548828
0.0034422874450683594
0.001928091049194336
0.001901865005493164
0.0016446113586425781
0.0018010139465332031
0.002715587615966797
0.002254962921142578
0.0021283626556396484
0.001833200454711914
0.0017559528350830078
0.0017719268798828125
0.0017096996307373047
0.0016217231750488281
0.0015683174133300781
0.002143383026123047
0.0019745826721191406
0.008124828338623047
0.0015034675598144531
0.0020656585693359375
0.0019290447235107422
0.0015861988067626953
0.0018291473388671875
0.0020360946655273438
0.0017230510711669922
0.0019729137420654297
0.0018389225006103516
0.0019693374633789062
0.0016794204711914062
0.0017032623291015625
0.001817464828491211
0.0017693042755126953
0.0018296241760253906
0.0016312599182128906
0.0019855499267578125
0.001558065414428711
0.0019268989562988281
0.001744985580444336
0.0020127296447753906
0.001575469970703125
0.0018436908721923828
0.0013928413391113281
0.0017960071563720703
0.0017714500427246094
0.0014781951904296875
0.002409696578979492
0.0020666122436523438
0.0019152164459228516
0.0016589164733886719
0.0018820762634277344
0.001856088638305664
0.002046823501586914
0.0017817020416259766
0.0019676685333251953
0.0017199516296386719
0.001470327377319336
0.0018358230590820312
0.0015263557434082031
0.0018155574798583984
0.0016562938690185547
0.0019681453704833984
0.0021064281463623047
0.0021953582763671875
0.0018875598907470703
0.001432180404663086
0.002248048782348633
0.0014955997467041016
0.0016703605651855469
0.0015065670013427734
0.0018799304962158203
0.0017409324645996094
0.001466512680053711
0.0016057491302490234
0.0017518997192382812
0.001476287841796875
0.0017371177673339844
0.0016183853149414062
0.0016117095947265625
0.0016913414001464844
0.00197601318359375
0.0017299652099609375
0.0017066001892089844
0.0018050670623779297
0.0017004013061523438
0.0017235279083251953
0.0016994476318359375
0.0015146732330322266
0.00183868408203125
0.0017714500427246094
0.005267143249511719
0.0019221305847167969
0.0019428730010986328
0.0016984939575195312
0.001909494400024414
0.0054111480712890625
0.0018913745880126953
0.002257823944091797
0.002061605453491211
0.0070037841796875
0.0015423297882080078
0.0019397735595703125
0.0016982555389404297
0.0018434524536132812
0.0017817020416259766
0.0020246505737304688
0.001623392105102539
0.0018053054809570312
0.0016202926635742188
0.0018017292022705078
0.005435943603515625
