18.850000 18.550365
18.850000 18.550365
18.850000 18.550365
18.850000 18.550365
18.850000 18.550365
18.850000 18.550365
18.850000 18.550365
18.850000 18.550365
18.850000 18.550365
18.850000 18.550365
18.850000 18.550365
18.850000 18.550365
18.850000 18.550365
18.850000 18.550365
18.850000 18.550365
18.850000 18.550365
18.850000 18.550365
18.850000 18.550365
18.850000 18.550365
18.850000 18.550365
18.850000 18.550365
18.850000 18.550365
18.850000 18.550365
18.850000 18.550365
18.850000 18.550365
18.850000 18.550365
18.850000 18.550365
18.850000 18.550365
18.850000 18.550365
18.850002 18.550365
18.850002 18.550365
18.850002 18.550365
18.850002 18.550365
18.850002 18.550365
18.850002 18.550365
18.850002 18.550365
18.850002 18.550365
18.850002 18.550365
18.850002 18.550365
18.850002 18.550365
18.850002 18.550365
18.850002 18.550365
18.850002 18.550365
18.850002 18.550365
18.850002 18.550365
18.850002 18.550365
18.850002 18.550365
18.850002 18.550365
18.850002 18.550365
18.850002 18.550365
18.850002 18.550365
18.850002 18.550365
18.850002 18.550365
18.846014 18.550289
18.832994 18.549059
18.815210 18.543652
18.796730 18.536495
18.775181 18.526926
18.753571 18.516514
18.731543 18.506401
18.710278 18.497515
18.687845 18.488033
18.665609 18.479023
18.644800 18.470720
18.621744 18.462004
18.600615 18.454552
18.583286 18.449043
18.557487 18.441563
18.539242 18.436178
18.518778 18.429945
18.498020 18.422571
18.478231 18.414618
18.458992 18.405884
18.440174 18.396744
18.421696 18.387447
18.403122 18.377935
18.383118 18.367626
18.364874 18.358181
18.345346 18.347931
18.329899 18.339764
18.306082 18.327265
18.288326 18.317614
18.268349 18.306677
18.253666 18.298523
18.232355 18.286692
18.212454 18.275372
18.193703 18.264633
18.176405 18.254625
18.157873 18.243505
18.141079 18.233246
18.122795 18.222027
18.105806 18.211271
18.087666 18.199818
18.070333 18.188627
18.053354 18.177500
18.036627 18.166327
18.019165 18.154528
18.002954 18.143415
17.986326 18.131876
17.969587 18.120199
17.953226 18.108681
17.937296 18.097254
17.920565 18.085077
17.907274 18.075388
17.889053 18.061794
17.872246 18.049088
17.857098 18.037457
17.842100 18.025721
17.826094 18.013212
17.811064 18.001215
17.796141 17.988928
17.781250 17.976614
17.765314 17.963106
17.754585 17.953787
17.736101 17.937683
17.722401 17.925465
17.708019 17.912325
17.693542 17.898943
17.679707 17.885880
17.666849 17.873550
17.651964 17.859245
17.639540 17.847261
17.625065 17.832838
17.611414 17.818970
17.597900 17.805170
17.585102 17.792082
17.572838 17.779282
17.559982 17.765732
17.547579 17.752420
17.535851 17.739656
17.523849 17.726219
17.511431 17.711891
17.500120 17.698841
17.488829 17.685799
17.477871 17.672491
17.466843 17.658951
17.455225 17.644192
17.444998 17.631365
17.434599 17.617912
17.424259 17.604620
17.413506 17.590368
17.405279 17.579521
17.392338 17.562067
17.384878 17.551912
17.372643 17.534594
17.362926 17.520475
17.354137 17.508156
17.343014 17.492029
17.332979 17.477020
17.323854 17.463657
17.314833 17.450344
17.305605 17.435942
17.296133 17.420956
17.287691 17.407528
17.279152 17.394209
17.270784 17.380690
17.261719 17.365820
17.253656 17.351690
17.246328 17.337626
17.238743 17.322979
17.231697 17.309282
17.224716 17.296688
17.217163 17.282238
17.209963 17.268045
17.202894 17.253437
17.197784 17.242516
17.191742 17.228958
17.184246 17.212402
17.177635 17.198095
17.172369 17.185577
17.165380 17.170435
17.159657 17.157738
17.153734 17.144600
17.147194 17.130013
17.141487 17.116892
17.135468 17.101988
17.130419 17.088898
17.124474 17.074400
17.118849 17.060711
17.114107 17.047926
17.109148 17.033949
17.104107 17.019678
17.099543 17.005814
17.095358 16.993652
17.090704 16.978807
17.086847 16.966002
17.082556 16.952085
17.078777 16.939230
17.075588 16.928232
17.071177 16.912210
17.068396 16.899450
17.065054 16.884560
17.062077 16.872431
17.058912 16.858427
17.056452 16.845427
17.053720 16.831944
17.051714 16.818327
17.049063 16.804689
17.046768 16.792074
17.044668 16.778723
17.042587 16.765938
17.040051 16.753036
17.037395 16.740650
17.034697 16.726236
17.032644 16.715738
17.029860 16.700933
17.027254 16.686722
17.024883 16.673010
17.022797 16.660614
17.020746 16.648006
17.018440 16.634758
17.016563 16.621738
17.014997 16.611288
17.012569 16.596247
17.010473 16.583012
17.008303 16.569485
17.006199 16.556263
17.004429 16.544205
17.002995 16.533447
17.001198 16.518328
17.000328 16.505249
16.999504 16.492508
16.998877 16.479897
16.998541 16.467112
16.998285 16.454994
16.997940 16.442810
16.997961 16.431162
16.998440 16.420504
16.998587 16.406845
16.998417 16.394688
16.998363 16.382452
16.998779 16.370642
16.998812 16.358566
16.998747 16.345951
16.998680 16.333387
16.998606 16.322130
16.998541 16.309151
16.998583 16.296640
16.998547 16.284687
16.998529 16.271914
16.998526 16.262577
16.998537 16.247715
16.998493 16.234852
16.998476 16.222448
16.998417 16.210747
16.998363 16.198074
16.998274 16.185930
16.998205 16.173534
16.998167 16.161793
16.998095 16.150549
16.998022 16.137745
16.997971 16.126123
16.997999 16.116091
16.997908 16.100834
16.997904 16.089191
16.997929 16.076736
16.997976 16.064898
16.998047 16.053076
16.998154 16.041122
16.998259 16.029770
16.998415 16.017805
16.998520 16.005142
16.998631 15.993298
16.998726 15.984113
16.998867 15.970114
16.999004 15.957926
16.999117 15.945690
16.999296 15.932715
16.999428 15.921926
16.999557 15.908904
16.999659 15.896582
16.999763 15.885731
16.999891 15.873743
16.999985 15.861235
17.000034 15.848562
17.000130 15.836128
17.000166 15.826866
17.000240 15.811415
17.000334 15.799724
17.000336 15.788214
17.000357 15.775124
17.000389 15.763310
17.000439 15.750562
17.000494 15.737975
17.000509 15.726881
17.000542 15.713616
17.000580 15.701894
17.000626 15.689299
17.000650 15.677895
17.000738 15.665495
17.000824 15.652708
17.000847 15.643737
17.000956 15.629251
17.001060 15.616313
17.001163 15.604111
17.001230 15.593181
17.001381 15.580360
17.001528 15.568981
17.001637 15.559068
17.001835 15.544373
17.002005 15.532655
17.002188 15.521089
17.002363 15.509766
17.002525 15.500163
17.002733 15.484856
17.002872 15.474064
17.003023 15.460834
17.003128 15.449346
17.003244 15.436855
17.003355 15.424609
17.003471 15.412785
17.003616 15.401174
17.003704 15.388992
17.003777 15.376731
17.003901 15.364875
17.004025 15.352864
17.004091 15.340731
17.004049 15.328396
17.004061 15.315812
17.004063 15.306445
17.004061 15.291303
17.004139 15.278668
17.004137 15.266802
17.004173 15.254516
17.004171 15.241171
17.004238 15.231571
17.004213 15.217341
17.004190 15.204348
17.004150 15.192426
17.004147 15.180069
17.004074 15.167744
17.004061 15.155295
17.004042 15.142904
17.004049 15.131531
17.004114 15.119655
17.004131 15.107595
17.004145 15.095778
17.004139 15.083536
17.004154 15.070902
17.004185 15.058957
17.004232 15.046795
17.004265 15.035293
17.004286 15.023260
17.004341 15.011842
17.004375 14.998967
17.004425 14.987106
17.004410 14.974934
17.004452 14.962529
17.004425 14.950750
17.004440 14.939279
17.004452 14.927606
17.004438 14.914817
17.004402 14.902763
17.004337 14.890714
17.004269 14.878684
17.004164 14.866470
17.003836 14.853623
17.003668 14.841018
17.003531 14.828531
17.003336 14.816474
17.003082 14.804252
17.002785 14.791933
17.002539 14.779860
17.002289 14.767534
17.002016 14.754885
17.001740 14.741668
17.001732 14.729680
17.001812 14.717156
17.001633 14.705178
17.001202 14.692942
17.000778 14.680983
17.000225 14.668274
16.999691 14.655635
16.999149 14.644140
16.998552 14.631921
16.998178 14.619274
16.997770 14.606221
16.997124 14.594340
16.996399 14.582350
16.995634 14.569919
16.994843 14.557280
16.994036 14.546217
16.993170 14.533457
16.992128 14.520430
16.991175 14.508210
16.990265 14.495863
16.989264 14.483075
16.988340 14.471748
16.987461 14.458350
16.986832 14.446310
16.985973 14.433510
16.985319 14.421295
16.984859 14.411326
16.984177 14.396178
16.983494 14.384525
16.982868 14.372354
16.982126 14.358719
16.981657 14.347278
16.981302 14.333742
16.980772 14.321021
16.980442 14.309275
16.979879 14.295965
16.979498 14.284545
16.979156 14.271844
16.978991 14.259509
16.978683 14.246466
16.978363 14.234346
16.978098 14.222747
16.977791 14.209655
16.977507 14.197440
16.977209 14.185160
16.976995 14.172885
16.976740 14.160946
16.976515 14.148944
16.976252 14.136196
16.976023 14.123846
16.975773 14.111138
16.975595 14.099921
16.975407 14.087915
16.975239 14.075375
16.975040 14.063862
16.974894 14.051097
16.974775 14.039126
16.974630 14.027324
16.974451 14.014790
16.974304 14.002794
16.974443 13.991445
16.974592 13.978980
16.974550 13.967029
16.974833 13.954584
16.974850 13.943018
16.974844 13.931214
16.974831 13.918841
16.974785 13.906917
16.974766 13.894855
16.974422 13.882670
16.973795 13.870405
16.973223 13.857536
16.972694 13.845467
16.972305 13.832365
16.971951 13.819393
16.971603 13.806878
16.971327 13.795200
16.970917 13.782576
16.970543 13.769189
16.970177 13.757574
16.969795 13.745440
16.969406 13.732808
16.969011 13.720083
16.968706 13.707643
16.968363 13.695557
16.968056 13.682688
16.967842 13.670361
16.967445 13.657913
16.967310 13.645816
16.967209 13.634485
16.967075 13.621503
16.966902 13.609351
16.966833 13.597059
16.966764 13.584760
16.966709 13.573804
16.966717 13.560905
16.966763 13.549220
16.966770 13.536975
16.966803 13.525098
16.966887 13.512785
16.966942 13.501176
16.967009 13.489560
16.967083 13.477429
16.967161 13.464959
16.967213 13.453655
16.967367 13.441640
16.967659 13.428755
16.967899 13.417063
16.968039 13.404526
16.968090 13.393750
16.968203 13.380967
16.968279 13.370810
16.968309 13.356289
16.968313 13.344701
16.968336 13.331476
16.968313 13.319371
16.968296 13.307867
16.968266 13.295494
16.968388 13.283330
16.968506 13.270453
16.968588 13.258326
16.968662 13.245909
16.968723 13.233287
16.968822 13.222071
16.968901 13.209271
16.969000 13.196928
16.968845 13.196043
16.968054 13.195991
16.966953 13.195591
16.965399 13.194333
16.963831 13.192540
16.964439 13.192450
16.967093 13.193620
16.969660 13.194742
16.980469 13.202047
16.995937 13.216718
17.015209 13.237849
17.029339 13.254276
17.042408 13.270983
17.052263 13.284743
17.063625 13.299977
17.074869 13.314009
17.083374 13.323969
17.098007 13.340057
17.109955 13.352408
17.119377 13.361625
17.136244 13.377609
17.150185 13.390328
17.164284 13.402441
17.178944 13.414721
17.193153 13.426092
17.209312 13.438567
17.224369 13.449492
17.239740 13.460127
17.255178 13.470056
17.272142 13.480221
17.289755 13.490416
17.309996 13.500767
17.327744 13.509793
17.346205 13.518284
17.364454 13.526267
17.384390 13.533990
17.404346 13.541425
17.425074 13.547789
17.444590 13.554107
17.467150 13.560661
17.487677 13.565800
17.509035 13.571293
17.532837 13.577298
17.554111 13.583129
17.577557 13.588652
17.598124 13.593781
17.620642 13.599916
17.638996 13.605142
17.664869 13.611621
17.689114 13.617587
17.709658 13.622072
17.733025 13.625699
17.756536 13.629553
17.779922 13.632820
17.803244 13.635581
17.825413 13.637835
17.848343 13.639606
17.872778 13.640804
17.895893 13.641372
17.919096 13.641726
17.943071 13.642410
17.967363 13.642824
17.990561 13.642967
18.015057 13.642389
18.037930 13.641707
18.042229 13.642257
18.036392 13.644918
18.022684 13.646786
18.008007 13.648251
17.993977 13.649787
17.977633 13.650578
17.961872 13.650326
17.943237 13.646673
17.924454 13.642404
17.903271 13.636217
17.879461 13.628253
17.858932 13.621006
17.835770 13.612938
17.814756 13.605994
17.794102 13.600293
17.774710 13.595241
17.754972 13.587483
17.737715 13.577372
17.719299 13.565142
17.703646 13.553332
17.687016 13.540133
17.671320 13.527205
17.656067 13.514400
17.642467 13.502728
17.627567 13.489631
17.611996 13.475809
17.598150 13.463202
17.584389 13.450730
17.570724 13.438065
17.556063 13.424134
17.542967 13.411404
17.529341 13.398002
17.516554 13.385208
17.503263 13.371951
17.493055 13.361401
17.478642 13.346346
17.466400 13.333341
17.452887 13.318631
17.440989 13.305231
17.431604 13.294553
17.418184 13.279449
17.405565 13.264604
17.394375 13.251493
17.382633 13.237416
17.373581 13.226598
17.359568 13.209464
17.348167 13.195615
17.337063 13.181610
17.326429 13.167849
17.316120 13.154120
17.305237 13.140176
17.294872 13.126534
17.284830 13.113201
17.273867 13.098174
17.264320 13.084661
17.254398 13.070913
17.245138 13.057671
17.235922 13.044370
17.226332 13.030455
17.217573 13.016594
17.208220 13.001818
17.199913 12.988531
17.191154 12.974739
17.183401 12.962017
17.175089 12.947723
17.166922 12.933880
17.158180 12.919485
17.150068 12.906058
17.142530 12.892580
17.134914 12.879045
17.126974 12.864999
17.118809 12.849922
17.110889 12.835449
17.104275 12.823015
17.096443 12.808193
17.088964 12.793978
17.081535 12.779615
17.074244 12.766110
17.066769 12.751640
17.060057 12.738768
17.052668 12.724616
17.045443 12.710574
17.037838 12.696055
17.032501 12.685397
17.023407 12.667377
17.016853 12.654055
17.010479 12.641035
17.003300 12.626372
16.996368 12.612174
16.989565 12.598064
16.983513 12.585719
16.976389 12.570876
16.969936 12.557370
16.963085 12.543168
16.957649 12.531895
16.950096 12.516181
16.943108 12.501353
16.937374 12.488952
16.931313 12.475471
16.924858 12.461767
16.918520 12.448459
16.911638 12.434061
16.904888 12.419898
16.898628 12.406831
16.891703 12.392348
16.886761 12.381819
16.879473 12.365816
16.872217 12.350660
16.866016 12.337743
16.858831 12.322746
16.852201 12.308958
16.845728 12.295474
16.839222 12.281856
16.832354 12.267393
16.825636 12.253233
16.819475 12.240142
16.812433 12.225241
16.807575 12.214901
16.799314 12.197288
16.793026 12.183754
16.786657 12.170026
16.780537 12.156789
16.775202 12.145264
16.768559 12.130904
16.761017 12.114656
16.755888 12.103607
16.749674 12.090202
16.741650 12.072797
16.735718 12.059918
16.729063 12.045506
16.722557 12.031495
16.716118 12.017904
16.709942 12.004935
16.703735 11.991931
16.697023 11.977794
16.691612 11.966498
16.683191 11.948755
16.677137 11.936088
16.669888 11.920952
16.663185 11.906996
16.656822 11.893793
16.649965 11.879532
16.642929 11.864897
16.636826 11.852220
16.630030 11.838012
16.623581 11.824481
16.616793 11.810259
16.610952 11.797976
16.603550 11.782411
16.596540 11.767636
16.590124 11.754036
16.585289 11.743738
16.577093 11.726137
16.570498 11.711987
16.564005 11.697981
16.558163 11.685429
16.551247 11.670527
16.545055 11.657177
16.538433 11.642824
16.532558 11.629807
16.525925 11.615324
16.520205 11.602967
16.513615 11.588850
16.507053 11.574735
16.500113 11.559981
16.494335 11.547729
16.488466 11.535301
16.481283 11.519940
16.474241 11.505143
16.469353 11.494919
16.461519 11.478611
16.454937 11.464966
16.448101 11.450812
16.441172 11.436492
16.434523 11.422491
16.428213 11.409414
16.421143 11.394827
16.413969 11.380186
16.407372 11.366662
16.400909 11.353333
16.395380 11.341896
16.387230 11.325007
16.380981 11.311839
16.374044 11.297286
16.368063 11.284541
16.361658 11.270799
16.354511 11.255404
16.348568 11.242581
16.342419 11.229261
16.335663 11.214473
16.330427 11.203093
16.322794 11.186518
16.316801 11.173532
16.310137 11.159226
16.303602 11.145225
16.297817 11.132822
16.291456 11.119158
16.284353 11.103912
16.278212 11.090764
16.271872 11.077240
16.264736 11.062313
16.258884 11.050035
16.252119 11.035890
16.245548 11.022207
16.238337 11.007139
16.232201 10.994345
16.225555 10.980503
16.218168 10.965114
16.211983 10.951941
16.205256 10.937649
16.200140 10.927183
16.192047 10.909598
16.185940 10.896276
16.179428 10.881704
16.173862 10.868680
16.167471 10.854445
16.162895 10.843062
16.156414 10.825487
16.150894 10.811319
16.146082 10.798068
16.141237 10.784379
16.136251 10.769613
16.131462 10.755797
16.126915 10.742827
16.121681 10.727998
16.117176 10.714955
16.112404 10.701035
16.108444 10.689682
16.103409 10.674124
16.099039 10.660372
16.095221 10.649708
16.089230 10.632085
16.084816 10.618430
16.080799 10.605796
16.076504 10.592327
16.072437 10.579007
16.068085 10.565175
16.064041 10.552126
16.059723 10.537515
16.055614 10.523877
16.051510 10.510245
16.047606 10.496989
16.044058 10.485295
16.039694 10.470478
16.036034 10.458228
16.031891 10.444134
16.028635 10.433019
16.024059 10.416883
16.020342 10.403088
16.016451 10.389461
16.012579 10.376383
16.009207 10.362345
16.005962 10.348943
16.003010 10.335936
15.999855 10.323382
15.996597 10.309269
15.993960 10.298353
15.990842 10.285078
15.987275 10.269677
15.983985 10.254959
15.981131 10.241851
15.977819 10.228338
15.974755 10.215174
15.971785 10.202023
15.968471 10.187933
15.965295 10.174551
15.961945 10.160575
15.959032 10.147177
15.955984 10.133429
15.953234 10.120998
15.949839 10.107131
15.946627 10.093188
15.944110 10.080603
15.941699 10.066698
15.939642 10.052932
15.937793 10.040697
15.935926 10.028093
15.934085 10.015663
15.932263 10.001333
15.930695 9.989150
15.929068 9.977217
15.927474 9.963252
15.925861 9.950912
15.924537 9.938114
15.923270 9.925916
15.921889 9.912369
15.921006 9.900270
15.920006 9.887367
15.918857 9.875875
15.918289 9.862226
15.917641 9.849684
15.916786 9.838523
15.916279 9.825506
15.915618 9.812138
15.914744 9.799404
15.914158 9.787167
15.913604 9.774967
15.912853 9.761497
15.912133 9.749296
15.911365 9.737164
15.910670 9.724304
15.909925 9.710937
15.909294 9.698910
15.908780 9.689522
15.907912 9.673884
15.907233 9.661225
15.906625 9.649367
15.905967 9.636412
15.905262 9.623108
15.904679 9.610927
15.904114 9.598285
15.903461 9.586585
15.902822 9.574081
15.902285 9.561954
15.901918 9.549639
15.901424 9.537339
15.901035 9.525271
15.900637 9.512673
15.900380 9.501754
15.900161 9.489264
15.900002 9.476478
15.899898 9.465097
15.899750 9.452227
15.899675 9.440804
15.899578 9.428368
15.899496 9.416920
15.899719 9.404160
15.899684 9.391752
15.899663 9.381084
15.899604 9.368199
15.899162 9.356245
15.898181 9.344808
15.896900 9.331127
15.896338 9.319051
15.895921 9.306277
15.895583 9.293490
15.895042 9.281038
15.894605 9.268713
15.893888 9.255370
15.893212 9.243306
15.892557 9.231487
15.891905 9.219210
15.891081 9.205081
15.890430 9.193096
15.889649 9.180883
15.888792 9.167983
15.888004 9.155018
15.887280 9.142519
15.886547 9.131253
15.885616 9.118026
15.884983 9.108800
15.884124 9.092841
15.883489 9.081033
15.882430 9.068309
15.881745 9.056613
15.881207 9.043747
15.880731 9.031346
15.880397 9.019728
15.880017 9.007517
15.879587 8.994175
15.879178 8.982369
15.878767 8.970000
15.878948 8.956900
15.879110 8.945372
15.879113 8.933150
15.879427 8.921226
15.880605 8.908822
15.881606 8.896947
15.882703 8.885145
15.883755 8.874751
15.885890 8.862494
15.887861 8.851501
15.889769 8.839959
15.891592 8.829026
15.894064 8.817304
15.896111 8.806876
15.897637 8.798388
15.900380 8.785022
15.902715 8.774470
15.904886 8.762952
15.906933 8.752316
15.909184 8.741048
15.911282 8.730741
15.913660 8.719137
15.915729 8.708735
15.917947 8.697478
15.919849 8.687610
15.922331 8.675739
15.924713 8.664976
15.927067 8.654397
15.929016 8.645784
15.932030 8.632485
15.934410 8.622548
15.936859 8.611849
15.939599 8.600242
15.941977 8.590398
15.944677 8.579245
15.946565 8.571326
15.949678 8.558435
15.952386 8.547310
15.954774 8.537201
15.957336 8.526549
15.959965 8.515618
15.962368 8.505539
15.964964 8.494843
15.967196 8.486155
15.970509 8.473627
15.973016 8.464025
15.975837 8.453121
15.978724 8.441961
15.981515 8.431526
15.984166 8.422054
15.986918 8.411562
15.989897 8.400239
15.992667 8.389858
15.995418 8.379544
15.998210 8.368847
16.000933 8.358496
16.003633 8.348104
16.006130 8.338128
16.008928 8.327484
16.011757 8.316355
16.014400 8.305764
16.017084 8.294957
16.019394 8.285453
16.021925 8.276062
16.025248 8.263727
16.027847 8.254179
16.030846 8.243014
16.033646 8.232759
16.036705 8.221962
16.039665 8.211748
16.042475 8.201823
16.045328 8.191661
16.048435 8.180943
16.051525 8.170561
16.054447 8.160286
16.057465 8.149865
16.060293 8.140234
16.063232 8.129270
16.066034 8.119985
16.069332 8.109330
16.072512 8.099174
16.075943 8.088313
16.079000 8.078616
16.082445 8.068132
16.085468 8.058961
16.088718 8.049096
16.092464 8.037956
16.095697 8.028472
16.099060 8.018672
16.102415 8.008853
16.105980 7.998442
16.109324 7.988629
16.112837 7.978266
16.116272 7.968325
16.119356 7.959343
16.122955 7.949214
16.126621 7.938703
16.129461 7.930541
16.133366 7.919045
16.137178 7.908592
16.140598 7.899326
16.144365 7.889253
16.147736 7.880276
16.151360 7.870461
16.154512 7.861783
16.158852 7.850167
16.162346 7.840644
16.166079 7.830654
16.169542 7.820908
16.173096 7.811704
16.176497 7.803232
16.180975 7.792028
16.184895 7.782234
16.188953 7.772057
16.192747 7.762681
16.196428 7.753922
16.200472 7.744145
16.204670 7.734440
16.207937 7.727003
16.212725 7.716022
16.216091 7.708721
16.221720 7.696950
16.225428 7.688941
16.229139 7.681636
16.235201 7.669998
16.239201 7.661450
16.242752 7.654037
16.248018 7.643054
16.252556 7.633655
16.256872 7.624714
16.261108 7.615969
16.265684 7.606546
16.270220 7.597482
16.273941 7.589991
16.279285 7.579536
16.284122 7.569982
16.288376 7.561554
16.292957 7.552658
16.297445 7.544000
16.302361 7.534497
16.306854 7.525864
16.311485 7.517321
16.316124 7.508361
16.320972 7.500079
16.326126 7.490725
16.330580 7.482006
16.334854 7.473837
16.339794 7.464534
16.344585 7.455480
16.349279 7.446782
16.353786 7.438252
16.358578 7.429313
16.363190 7.420487
16.367464 7.412098
16.372370 7.402862
16.377131 7.394047
16.381588 7.385927
16.386251 7.377299
16.391361 7.368506
16.396072 7.360271
16.401131 7.351537
16.405779 7.343564
16.410839 7.335024
16.416059 7.326340
16.419899 7.319942
16.426138 7.309734
16.431213 7.301763
16.436562 7.293303
16.441763 7.285143
16.447124 7.276912
16.452578 7.268555
16.457485 7.261117
16.462866 7.253003
16.466978 7.246909
16.473715 7.237098
16.479252 7.229264
16.484921 7.221496
16.490593 7.213404
16.495974 7.205698
16.501328 7.198081
16.506804 7.190225
16.512108 7.182757
16.517887 7.174498
16.523027 7.167045
16.527784 7.159950
16.533758 7.151291
16.539434 7.143459
16.543144 7.138224
16.548838 7.128608
16.552692 7.120276
16.557093 7.112230
16.561573 7.103417
16.565935 7.093757
16.570284 7.083447
16.574135 7.072984
16.578079 7.062745
16.581839 7.051492
16.585436 7.038975
16.590012 7.029181
16.594160 7.019491
16.598421 7.010756
16.603020 7.001043
16.605984 6.991054
16.609192 6.981277
16.612570 6.971326
16.615644 6.961666
16.619272 6.951772
16.622591 6.942189
16.626333 6.931856
16.630213 6.921530
16.633295 6.912642
16.636707 6.901885
16.638998 6.894126
16.643057 6.883151
16.646980 6.873693
16.650400 6.864738
16.654146 6.856183
16.659361 6.846340
16.664515 6.837797
16.669783 6.829611
16.675779 6.821631
16.681269 6.814344
16.686781 6.806933
16.692760 6.799234
16.698807 6.791818
16.703878 6.785896
16.710863 6.777613
16.717157 6.770590
16.723492 6.763745
16.728273 6.758818
16.736216 6.750674
16.742737 6.744158
16.749092 6.738522
16.755997 6.732618
16.762932 6.726946
16.769117 6.721424
16.776140 6.715673
16.782719 6.709905
16.789473 6.704630
16.796474 6.698778
16.803131 6.693282
16.809433 6.688869
16.814831 6.684708
16.821789 6.679754
16.828943 6.674463
16.836702 6.669331
16.843361 6.665470
16.852262 6.661171
16.860035 6.657088
16.867588 6.652854
16.875595 6.649246
16.882969 6.646054
16.890753 6.642625
16.898882 6.639678
16.906481 6.637426
16.914862 6.634579
16.922102 6.632015
16.928442 6.629608
16.936584 6.628276
16.944670 6.627246
16.952824 6.625867
16.957825 6.624298
16.967894 6.622433
16.976034 6.620603
16.983789 6.618335
16.991447 6.616926
16.999062 6.616242
17.007343 6.614679
17.014521 6.613553
17.022532 6.612733
17.030848 6.611901
17.037516 6.610562
17.046867 6.609161
17.055038 6.608243
17.062729 6.607062
17.069300 6.606227
17.077707 6.605181
17.087404 6.603787
17.095341 6.602516
17.103069 6.601536
17.110868 6.600513
17.119965 6.599343
17.125637 6.598699
17.133873 6.597795
17.143599 6.596577
17.152157 6.595505
17.158188 6.594729
17.168634 6.593206
17.176268 6.592386
17.184599 6.591846
17.192699 6.590789
17.200970 6.589995
17.208941 6.589533
17.217670 6.588979
17.225351 6.588609
17.233303 6.588460
17.241480 6.588291
17.250441 6.588329
17.257774 6.588511
17.266140 6.588565
17.274206 6.588672
17.282602 6.589036
17.290905 6.589250
17.299076 6.589660
17.305914 6.590302
17.315874 6.591203
17.323496 6.591890
17.330614 6.592409
17.340250 6.593327
17.348402 6.594151
17.356495 6.595022
17.362614 6.595824
17.371191 6.596977
17.380903 6.598061
17.388933 6.598987
17.397419 6.599966
17.405327 6.600698
17.413687 6.601480
17.422232 6.602767
17.429840 6.603777
17.437881 6.604701
17.446037 6.605999
17.454210 6.607181
17.462193 6.607937
17.470495 6.608984
17.478552 6.610007
17.486410 6.610872
17.495064 6.612126
17.502687 6.613026
17.509424 6.614457
17.518923 6.615840
17.527407 6.615914
17.535938 6.616090
17.544651 6.616245
17.552389 6.616294
17.560549 6.616402
17.568436 6.616626
17.576694 6.616914
17.584175 6.617294
17.592607 6.617482
17.599737 6.617687
17.608953 6.618083
17.616751 6.618242
17.625036 6.619030
17.633827 6.619564
17.641617 6.620222
17.649466 6.620890
17.657913 6.621306
17.666050 6.621694
17.674555 6.622283
17.682789 6.622920
17.690619 6.623692
17.699196 6.624656
17.707127 6.625646
17.715364 6.626800
17.723570 6.627719
17.731262 6.628686
17.739752 6.630215
17.746132 6.631111
17.755997 6.632458
17.763975 6.633702
17.772120 6.635264
17.780685 6.637055
17.787941 6.638356
17.796602 6.639921
17.804764 6.641559
17.813412 6.642953
17.820803 6.642334
17.826315 6.640464
17.831144 6.636103
17.832016 6.627425
17.831118 6.619552
17.829651 6.612042
17.828327 6.605553
17.827280 6.600783
17.826817 6.597707
17.826773 6.595500
17.826454 6.594180
17.826313 6.593450
17.825890 6.593037
17.825441 6.592754
17.824947 6.592294
17.823711 6.591075
17.822441 6.589877
17.821346 6.589135
17.820601 6.588134
17.820364 6.587758
17.819683 6.587654
17.818924 6.586950
17.818235 6.586247
17.817730 6.585159
17.816956 6.583653
17.815647 6.583175
17.814348 6.582987
17.812780 6.582039
17.811819 6.581021
17.809996 6.580597
17.808676 6.579871
17.810600 6.570500
17.813175 6.559171
17.817366 6.546402
17.822144 6.533811
17.828012 6.519371
17.833876 6.504685
17.840359 6.488842
17.847601 6.472682
17.854433 6.457270
17.860727 6.442697
17.867353 6.426125
17.872551 6.411888
17.876820 6.397576
17.880390 6.383043
17.882618 6.370033
17.884323 6.357167
17.886744 6.345604
17.890718 6.332109
17.895096 6.319284
17.899822 6.306990
17.906105 6.292828
17.912073 6.280339
17.919388 6.265538
17.926609 6.251061
17.933695 6.237006
17.941004 6.222819
17.948235 6.208933
17.954998 6.196128
17.962221 6.182374
17.970310 6.166941
17.977480 6.153457
17.984533 6.140224
17.992149 6.125921
17.999924 6.111366
18.007265 6.097570
18.014366 6.084159
18.021549 6.070639
18.027416 6.059571
18.036345 6.042560
18.043232 6.029552
18.051043 6.014936
18.058260 6.001000
18.065588 5.986875
18.072962 5.972891
18.079790 5.960189
18.087015 5.946249
18.094179 5.932760
18.102079 5.917583
18.107286 5.907704
18.115864 5.890496
18.123026 5.876666
18.129431 5.863769
18.136496 5.849597
18.143404 5.835797
18.150465 5.821721
18.156374 5.809347
18.163456 5.794549
18.170040 5.780646
18.176516 5.766904
18.182198 5.754633
18.188766 5.739962
18.194748 5.726030
18.201015 5.711195
18.206476 5.698382
18.212877 5.683637
18.218102 5.670698
18.224310 5.656117
18.229582 5.642489
18.234888 5.628343
18.240219 5.614534
18.245012 5.601949
18.249884 5.588323
18.254938 5.574790
18.260019 5.560517
18.264036 5.548422
18.268806 5.534698
18.274246 5.519772
18.278442 5.508077
18.282705 5.494991
18.289143 5.476720
18.293484 5.464280
18.298256 5.450620
18.302126 5.438331
18.306580 5.423348
18.310446 5.410128
18.314116 5.396823
18.317911 5.382416
18.321514 5.369170
18.324982 5.355808
18.328485 5.342500
18.331741 5.329840
18.335308 5.315572
18.338640 5.302194
18.341509 5.290140
18.344881 5.276439
18.348269 5.262496
18.351166 5.250473
18.354401 5.237312
18.357897 5.222378
18.361053 5.209009
18.364153 5.195774
18.367199 5.182698
18.370134 5.170033
18.373446 5.155677
18.376451 5.142801
18.379063 5.131320
18.382647 5.115721
18.385721 5.102273
18.388752 5.088824
18.391979 5.074609
18.394783 5.062392
18.398098 5.047979
18.401190 5.034359
18.404091 5.021883
18.407352 5.007717
18.410120 4.995442
18.413256 4.981440
18.416033 4.969119
18.419220 4.954910
18.421219 4.945335
18.424673 4.929067
18.427650 4.915680
18.430401 4.902536
18.432697 4.890678
18.435232 4.877612
18.437857 4.864583
18.440386 4.851851
18.442890 4.838326
18.444855 4.826421
18.446653 4.815932
18.448708 4.799593
18.450253 4.786448
18.451504 4.774471
18.452713 4.761797
18.453560 4.750911
18.454563 4.738663
18.455774 4.723836
18.456461 4.711765
18.457464 4.698668
18.458578 4.685777
18.459246 4.674113
18.459858 4.663389
18.460985 4.648840
18.462114 4.636020
18.463152 4.623682
18.464260 4.610960
18.465420 4.597191
18.466316 4.585099
18.467258 4.572263
18.468094 4.559626
18.469006 4.546998
18.469934 4.533711
18.470644 4.521405
18.471373 4.508421
18.472050 4.496559
18.472610 4.485106
18.473251 4.471989
18.473719 4.459215
18.474186 4.448542
18.474703 4.435869
18.475088 4.424065
18.475410 4.411175
18.475658 4.399427
18.475981 4.386641
18.476379 4.374232
18.476669 4.361856
18.476967 4.350001
18.477068 4.337453
18.477316 4.325609
18.477539 4.316322
18.477867 4.301474
18.478125 4.289132
18.478308 4.279522
18.478565 4.265160
18.478724 4.253170
18.478916 4.240551
18.478971 4.230401
18.478413 4.215132
18.477968 4.204288
18.477373 4.192183
18.477095 4.180481
18.476721 4.167291
18.476086 4.155435
18.475588 4.143554
18.475224 4.132401
18.474850 4.121755
18.474426 4.109167
18.473850 4.094921
18.473343 4.083284
18.472960 4.073966
18.472492 4.061647
18.471857 4.047161
18.471233 4.035669
18.470736 4.023993
18.470119 4.011681
18.469500 3.999964
18.468832 3.988077
18.468061 3.976913
18.467340 3.964879
18.466555 3.952368
18.465721 3.943012
18.464655 3.930120
18.463619 3.918104
18.462542 3.906169
18.461393 3.894224
18.460310 3.883766
18.458904 3.871243
18.457600 3.860795
18.456085 3.848307
18.454721 3.838037
18.452887 3.825748
18.451481 3.817614
18.448753 3.803021
18.446873 3.792363
18.445061 3.783329
18.442562 3.770468
18.440933 3.762205
18.438215 3.748955
18.435797 3.738016
18.433352 3.727066
18.431173 3.715386
18.428612 3.703834
18.426634 3.693490
18.424486 3.682126
18.422571 3.673922
18.419855 3.661474
18.417168 3.649983
18.414845 3.639809
18.412495 3.629569
18.409639 3.618486
18.406912 3.607367
18.404100 3.596949
18.401213 3.586631
18.398619 3.576437
18.395464 3.565879
18.392384 3.555704
18.389236 3.545851
18.385328 3.534905
18.382395 3.525603
18.378633 3.514977
18.375051 3.505150
18.371532 3.494649
18.367334 3.484380
18.363731 3.474281
18.359457 3.464138
18.355635 3.454190
18.352234 3.445420
18.347673 3.434599
18.344141 3.425575
18.339794 3.416101
18.334993 3.405924
18.331005 3.395912
18.326559 3.385710
18.322678 3.376086
18.318787 3.367222
18.314909 3.358274
18.310692 3.349020
18.306293 3.339815
18.302410 3.330478
18.298279 3.320959
18.293869 3.312011
18.289423 3.302902
18.284855 3.293730
18.280334 3.284160
18.276117 3.276048
18.271868 3.268328
18.266361 3.258184
18.261284 3.249727
18.256077 3.241248
18.251446 3.233701
18.246286 3.225164
18.241007 3.216955
18.235918 3.209447
18.230057 3.200575
18.226067 3.194846
18.219938 3.186219
18.214472 3.178789
18.208448 3.170785
18.202850 3.163231
18.197279 3.155718
18.192083 3.148846
18.185722 3.140885
18.180285 3.133913
18.174294 3.126411
18.167839 3.118688
18.161737 3.111575
18.156155 3.105381
18.149624 3.098120
18.144751 3.092741
18.138306 3.085783
18.131325 3.078497
18.124767 3.072085
18.118710 3.066357
18.112242 3.060303
18.105146 3.053483
18.098505 3.047287
18.092556 3.041884
18.085886 3.035741
18.078903 3.029356
18.072268 3.023393
18.066271 3.017804
18.059374 3.011848
18.053125 3.006569
18.046474 3.000891
18.040546 2.996104
18.033014 2.990041
18.025841 2.984622
18.019314 2.979361
18.012310 2.974202
18.006485 2.970013
17.998400 2.964226
17.991114 2.959322
17.985662 2.955575
17.977102 2.949812
17.971697 2.946453
17.962484 2.940750
17.955318 2.936419
17.948011 2.932422
17.941668 2.928843
17.934010 2.924462
17.926723 2.919991
17.918276 2.915400
17.911449 2.911719
17.903080 2.907765
17.897125 2.905100
17.888641 2.900803
17.880306 2.897067
17.873354 2.894150
17.865150 2.890332
17.857428 2.887100
17.850042 2.883828
17.842295 2.880923
17.836281 2.878571
17.827065 2.874772
17.819122 2.871169
17.812077 2.868143
17.803600 2.865341
17.795801 2.862653
17.788460 2.859673
17.780148 2.857078
17.772497 2.854467
17.763641 2.851903
17.755598 2.849420
17.748074 2.846771
17.739727 2.844223
17.732416 2.842324
17.723751 2.840357
17.716000 2.838365
17.709965 2.836610
17.700459 2.834677
17.692333 2.833159
17.685766 2.831860
17.675688 2.830128
17.667603 2.828849
17.660309 2.827898
17.651716 2.826831
17.643656 2.826141
17.635382 2.825712
17.627842 2.825301
17.619846 2.824965
17.611053 2.824852
17.602875 2.824511
17.594694 2.824470
17.586494 2.824505
17.578384 2.824436
17.569836 2.824491
17.561808 2.824302
17.554102 2.823997
17.545345 2.823703
17.537661 2.822964
17.528864 2.821949
17.521179 2.821331
17.512444 2.820348
17.504198 2.819609
17.496248 2.818930
17.488239 2.817739
17.480112 2.816974
17.471680 2.816319
17.463760 2.815264
17.454947 2.814278
17.446993 2.813565
17.438705 2.813073
17.430960 2.812516
17.422632 2.812390
17.414806 2.812759
17.406275 2.813157
17.397783 2.813630
17.390150 2.814132
17.382059 2.814537
17.373154 2.814833
17.365541 2.815186
17.357113 2.815968
17.349300 2.816694
17.340828 2.817428
17.332727 2.818320
17.325182 2.819185
17.316858 2.820358
17.308655 2.821604
17.301041 2.822731
17.292776 2.823868
17.284388 2.824989
17.276634 2.826179
17.269711 2.827242
17.260303 2.828655
17.252028 2.829892
17.243908 2.830973
17.236113 2.831995
17.227440 2.833178
17.219690 2.834302
17.211369 2.835273
17.203304 2.836270
17.194759 2.837340
17.187147 2.838268
17.178555 2.839451
17.170046 2.840523
17.162518 2.841410
17.154501 2.842396
17.146317 2.843364
17.137976 2.844372
17.131493 2.845097
17.121078 2.846324
17.113277 2.847247
17.104998 2.848238
17.096786 2.849186
17.088671 2.850146
17.080717 2.851092
17.071936 2.852121
17.063744 2.853070
17.056042 2.853971
17.047523 2.854998
17.039253 2.855934
17.030910 2.856953
17.022898 2.857971
17.014893 2.858945
17.006239 2.859982
16.998903 2.860873
16.990417 2.861931
16.982262 2.862919
16.973993 2.863929
16.966177 2.864891
16.957903 2.865950
16.949699 2.866962
16.941265 2.867898
16.933638 2.868807
16.925709 2.869782
16.917501 2.870756
16.908833 2.871763
16.901215 2.872680
16.892977 2.873647
16.885057 2.874563
16.877306 2.875459
16.868597 2.876467
16.860363 2.877344
16.853205 2.878198
16.844753 2.879099
16.836319 2.879947
16.828611 2.880708
16.820110 2.881632
16.812319 2.882437
16.804411 2.883195
16.796154 2.884049
16.787981 2.884798
16.781261 2.885412
16.771841 2.886322
16.763975 2.887081
16.756008 2.887766
16.747395 2.888304
16.739336 2.888975
16.731274 2.889535
16.723289 2.889872
16.715137 2.890232
16.706476 2.890701
16.698212 2.891300
16.690617 2.891830
16.682089 2.892317
16.673950 2.892633
16.665398 2.892875
16.657930 2.893156
16.648905 2.893650
16.641163 2.893886
16.633120 2.894339
16.624788 2.894827
16.616411 2.895226
16.607849 2.895602
16.599808 2.896003
16.591930 2.896460
16.585602 2.896785
16.574902 2.897392
16.567404 2.897760
16.558796 2.898237
16.550734 2.898638
16.542233 2.899029
16.534107 2.899373
16.525452 2.899801
16.517179 2.900150
16.509054 2.900538
16.501276 2.900878
16.493250 2.901234
16.485273 2.901550
16.477100 2.901874
16.468485 2.902247
16.459967 2.902592
16.452436 2.902845
16.443727 2.903164
16.435989 2.903445
16.427443 2.903716
16.419554 2.904000
16.411921 2.904232
16.403475 2.904466
16.395044 2.904701
16.387032 2.904926
16.378702 2.905148
16.371141 2.905369
16.363020 2.905599
16.356617 2.905740
16.346220 2.905976
16.338522 2.906168
16.330759 2.906297
16.322149 2.906432
16.314528 2.906584
16.306736 2.906623
16.298405 2.906722
16.289886 2.906881
16.281227 2.907019
16.273333 2.907143
16.265602 2.907229
16.256968 2.907271
16.249189 2.907358
16.241049 2.907456
16.232632 2.907540
16.224386 2.907677
16.215961 2.907756
16.208256 2.907854
16.201277 2.907913
16.191614 2.908029
16.183247 2.908108
16.175373 2.908217
16.167410 2.908276
16.158863 2.908366
16.150976 2.908443
16.142097 2.908545
16.134611 2.908589
16.127617 2.908655
16.117573 2.908751
16.109324 2.908808
16.101772 2.908842
16.093344 2.908924
16.085207 2.908990
16.076643 2.909067
16.068743 2.909085
16.060516 2.909153
16.051796 2.909232
16.043489 2.909258
16.035521 2.909299
16.026976 2.909357
16.019054 2.909416
16.010502 2.909432
16.003056 2.909475
15.994843 2.909522
15.986745 2.909528
15.978152 2.909554
15.970390 2.909574
15.961806 2.909607
15.953812 2.909590
15.945733 2.909591
15.937016 2.909587
15.929436 2.909603
15.921053 2.909567
15.914687 2.909571
15.904671 2.909572
15.896822 2.909586
15.888868 2.909536
15.880258 2.909541
15.874090 2.909499
15.864105 2.909477
15.855829 2.909426
15.847551 2.909414
15.839926 2.909370
15.831927 2.909333
15.823827 2.909297
15.815702 2.909283
15.808966 2.909248
15.799141 2.909212
15.791178 2.909185
15.782485 2.909170
15.775246 2.909136
15.766860 2.909130
15.758403 2.909103
15.750243 2.909103
15.742165 2.909087
15.734087 2.909091
15.726087 2.909083
15.719388 2.909088
15.709823 2.909086
15.701227 2.909080
15.693202 2.909083
15.684764 2.909093
15.676887 2.909114
15.668684 2.909117
15.659979 2.909138
15.653654 2.909144
15.643874 2.909177
15.637794 2.909181
15.627562 2.909234
15.619182 2.909255
15.611111 2.909271
15.603300 2.909286
15.594651 2.909356
15.586755 2.909342
15.578272 2.909399
15.569721 2.909398
15.561571 2.909460
15.553185 2.909443
15.545206 2.909486
15.536716 2.909501
15.528674 2.909528
15.520707 2.909507
15.512419 2.909553
15.504412 2.909559
15.495830 2.909568
15.487955 2.909559
15.479286 2.909583
15.471107 2.909566
15.463178 2.909564
15.455014 2.909538
15.446690 2.909534
15.438863 2.909496
15.430634 2.909506
15.422330 2.909458
15.413869 2.909439
15.405895 2.909394
15.398172 2.909389
15.390371 2.909348
15.381439 2.909305
15.373183 2.909269
15.365331 2.909244
15.358994 2.909226
15.348863 2.909160
15.341474 2.909148
15.333196 2.909093
15.324754 2.909058
15.316721 2.909024
15.308848 2.908990
15.300809 2.908954
15.292682 2.908941
15.284422 2.908905
15.276221 2.908866
15.269742 2.908839
15.259558 2.908820
15.251783 2.908772
15.243552 2.908748
15.235314 2.908703
15.226908 2.908713
15.218737 2.908674
15.210469 2.908626
15.202374 2.908576
15.194105 2.908582
15.186648 2.908538
15.180010 2.908547
15.170330 2.908523
15.162283 2.908523
15.153168 2.908507
15.145692 2.908534
15.137147 2.908517
15.128999 2.908530
15.122175 2.908530
15.112465 2.908555
15.103824 2.908539
15.096005 2.908579
15.088022 2.908567
15.079873 2.908588
15.073025 2.908612
15.062658 2.908635
15.054919 2.908636
15.046941 2.908647
15.038226 2.908666
15.032228 2.908674
15.022008 2.908695
15.013732 2.908707
15.005683 2.908726
14.997081 2.908721
14.989132 2.908729
14.980779 2.908735
14.972514 2.908726
14.964260 2.908711
14.956491 2.908720
14.948092 2.908704
14.939607 2.908679
14.932113 2.908648
14.923703 2.908659
14.915703 2.908614
14.907657 2.908612
14.899634 2.908581
14.890788 2.908581
14.882981 2.908514
14.875094 2.908500
14.866805 2.908445
14.858702 2.908424
14.850740 2.908364
14.842466 2.908348
14.833947 2.908292
14.826401 2.908253
14.817960 2.908194
14.810086 2.908188
14.801805 2.908145
14.793842 2.908098
14.785302 2.908054
14.777655 2.908059
14.769354 2.908026
14.761121 2.907998
14.753147 2.907977
14.744915 2.907967
14.736355 2.907938
14.728436 2.907937
14.720354 2.907922
14.711936 2.907917
14.704494 2.907914
14.696198 2.907914
14.687940 2.907917
14.679905 2.907925
14.671033 2.907938
14.663486 2.907944
14.654698 2.907960
14.646267 2.907977
14.638056 2.908023
14.630267 2.908031
14.621787 2.908063
14.613797 2.908092
14.605394 2.908125
14.597228 2.908152
14.588716 2.908217
14.580509 2.908212
14.573098 2.908263
14.564410 2.908279
14.556084 2.908347
14.547968 2.908354
14.539311 2.908414
14.531243 2.908434
14.523317 2.908473
14.514549 2.908468
14.506910 2.908496
14.498865 2.908510
14.492307 2.908511
14.482075 2.908509
14.474217 2.908537
14.465550 2.908541
14.457717 2.908537
14.449796 2.908524
14.441222 2.908533
14.433399 2.908518
14.425010 2.908508
14.417272 2.908491
14.408650 2.908481
14.400679 2.908438
14.392545 2.908430
14.384261 2.908390
14.376708 2.908362
14.367754 2.908314
14.360375 2.908298
14.351771 2.908256
14.343741 2.908218
14.335626 2.908189
14.327106 2.908148
14.319476 2.908110
14.311524 2.908076
14.303404 2.908051
14.295042 2.908005
14.288948 2.908004
14.279113 2.907944
14.270985 2.907903
14.262688 2.907855
14.253983 2.907840
14.246324 2.907809
14.238416 2.907773
14.230180 2.907733
14.222016 2.907746
14.213675 2.907706
14.205418 2.907692
14.197321 2.907660
14.190934 2.907649
14.180532 2.907642
14.174629 2.907650
14.164377 2.907632
14.156407 2.907641
14.147785 2.907616
14.140060 2.907660
14.131598 2.907652
14.123862 2.907655
14.115233 2.907669
14.107190 2.907705
14.098454 2.907688
14.090230 2.907736
14.082326 2.907712
14.074178 2.907767
14.065940 2.907772
14.057223 2.907814
14.049745 2.907832
14.040886 2.907866
14.033353 2.907878
14.024404 2.907897
14.016481 2.907902
14.007976 2.907917
14.000285 2.907933
13.992326 2.907930
13.983727 2.907932
13.977340 2.907935
13.967524 2.907935
13.959424 2.907921
13.950768 2.907922
13.942614 2.907918
13.934371 2.907891
13.926873 2.907864
13.918647 2.907873
13.910659 2.907827
13.902263 2.907806
13.893602 2.907781
13.885985 2.907784
13.877774 2.907719
13.869331 2.907691
13.861210 2.907643
13.853418 2.907634
13.845387 2.907567
13.837667 2.907552
13.829457 2.907506
13.821022 2.907470
13.813148 2.907405
13.804304 2.907403
13.796187 2.907360
13.787984 2.907323
13.780344 2.907263
13.771823 2.907258
13.763861 2.907231
13.756160 2.907195
13.748118 2.907184
13.739691 2.907177
13.731387 2.907153
13.723211 2.907141
13.715135 2.907134
13.706632 2.907135
13.698865 2.907125
13.690740 2.907130
13.682691 2.907141
13.674258 2.907156
13.665796 2.907173
13.659393 2.907185
13.649353 2.907198
13.641246 2.907218
13.632941 2.907261
13.624290 2.907274
13.616356 2.907305
13.608312 2.907363
13.599632 2.907392
13.591994 2.907411
13.583507 2.907476
13.575516 2.907473
13.566707 2.907538
13.559055 2.907537
13.550781 2.907603
13.542451 2.907614
13.534271 2.907644
13.525959 2.907668
13.517488 2.907722
13.509446 2.907712
13.501319 2.907741
13.492878 2.907760
13.484762 2.907785
13.476490 2.907770
13.468633 2.907794
13.460076 2.907802
13.452332 2.907804
13.444160 2.907777
13.435841 2.907801
13.427371 2.907794
13.419952 2.907779
13.411651 2.907758
13.403673 2.907765
13.395218 2.907742
13.387250 2.907719
13.379209 2.907703
13.371007 2.907690
13.363052 2.907655
13.354445 2.907634
13.346502 2.907610
13.338170 2.907577
13.329844 2.907535
13.322557 2.907512
13.313950 2.907471
13.305595 2.907439
13.297884 2.907424
13.290012 2.907381
13.281229 2.907352
13.273643 2.907339
13.265030 2.907315
13.256727 2.907284
13.250866 2.907292
13.240523 2.907263
13.232291 2.907245
13.224706 2.907227
13.216542 2.907247
13.210171 2.907198
13.201739 2.907224
13.191846 2.907215
13.185463 2.907226
13.175467 2.907225
13.167267 2.907244
13.160213 2.907258
13.150805 2.907286
13.142529 2.907273
13.134544 2.907318
13.125921 2.907336
13.117937 2.907367
13.111524 2.907376
13.101399 2.907422
13.093116 2.907416
13.085067 2.907480
13.078478 2.907486
13.068107 2.907539
13.060620 2.907560
13.051964 2.907590
13.043416 2.907618
13.035848 2.907661
13.027467 2.907685
13.018964 2.907711
13.010895 2.907736
13.002696 2.907776
12.994492 2.907787
12.986211 2.907804
12.978349 2.907817
12.970082 2.907853
12.962062 2.907853
12.953810 2.907858
12.944988 2.907860
12.937153 2.907879
12.928829 2.907868
12.920767 2.907860
12.914248 2.907881
12.904456 2.907856
12.896245 2.907832
12.887872 2.907818
12.880510 2.907831
12.872132 2.907787
12.864008 2.907770
12.855615 2.907736
12.847505 2.907734
12.839629 2.907676
12.831284 2.907647
12.824850 2.907609
12.815279 2.907583
12.807157 2.907525
12.799179 2.907520
12.790967 2.907469
12.782535 2.907447
12.774404 2.907380
12.766356 2.907388
12.758216 2.907355
12.750160 2.907320
12.742013 2.907284
12.733864 2.907292
12.725299 2.907269
12.717465 2.907243
12.709130 2.907228
12.701535 2.907239
12.693282 2.907219
12.685222 2.907235
12.676149 2.907225
12.668331 2.907241
12.659815 2.907241
12.652172 2.907267
12.644130 2.907280
12.635234 2.907304
12.627511 2.907338
12.618934 2.907365
12.610806 2.907386
12.602326 2.907420
12.594671 2.907458
12.585703 2.907482
12.577847 2.907547
12.570125 2.907545
12.561639 2.907613
12.552764 2.907619
12.545408 2.907669
12.536745 2.907685
12.528669 2.907708
12.520351 2.907734
12.511895 2.907793
12.503435 2.907793
12.495805 2.907812
12.487036 2.907827
12.479411 2.907862
12.472861 2.907833
12.462466 2.907874
12.454642 2.907881
12.446165 2.907895
12.437954 2.907867
12.430597 2.907884
12.422287 2.907879
12.413812 2.907875
12.405926 2.907816
12.397892 2.907834
12.389116 2.907834
12.381558 2.907816
12.373271 2.907789
12.365147 2.907787
12.356624 2.907766
12.349345 2.907743
12.340805 2.907735
12.332868 2.907714
12.324843 2.907698
12.316424 2.907677
12.308446 2.907660
12.300180 2.907645
12.291892 2.907614
12.284261 2.907601
12.276299 2.907585
12.267622 2.907581
12.259574 2.907564
12.251352 2.907544
12.243295 2.907544
12.234986 2.907540
12.227400 2.907532
12.219244 2.907529
12.210421 2.907526
12.202170 2.907522
12.194889 2.907512
12.186137 2.907514
12.177849 2.907541
12.170070 2.907528
12.161789 2.907546
12.153394 2.907560
12.145188 2.907606
12.137054 2.907593
12.128420 2.907627
12.120695 2.907650
12.112221 2.907698
12.103585 2.907694
12.095726 2.907751
12.087822 2.907752
12.079671 2.907809
12.071033 2.907813
12.062717 2.907876
12.054408 2.907906
12.046362 2.907931
12.038160 2.907947
12.029595 2.907996
12.021302 2.908020
12.013901 2.908044
12.005263 2.908061
11.996571 2.908092
11.988777 2.908102
11.980220 2.908119
11.972785 2.908118
11.964624 2.908148
11.956294 2.908174
11.948194 2.908177
11.940110 2.908178
11.931624 2.908182
11.925023 2.908176
11.915499 2.908181
11.906915 2.908170
11.898638 2.908164
11.892752 2.908143
11.882758 2.908125
11.874304 2.908106
11.866427 2.908093
11.857889 2.908058
11.850519 2.908019
11.841618 2.908008
11.833649 2.907980
11.825866 2.907940
11.817508 2.907899
11.809634 2.907886
11.801598 2.907832
11.792993 2.907806
11.785274 2.907755
11.777232 2.907748
11.769188 2.907676
11.761057 2.907680
11.753169 2.907639
11.744480 2.907617
11.736456 2.907538
11.728250 2.907571
11.720090 2.907543
11.712115 2.907523
11.705433 2.907513
11.695581 2.907519
11.687108 2.907505
11.678939 2.907490
11.671229 2.907495
11.662954 2.907513
11.654177 2.907516
11.646599 2.907538
11.638234 2.907546
11.629380 2.907571
11.621433 2.907573
11.613111 2.907621
11.605222 2.907639
11.597322 2.907664
11.588794 2.907710
11.580415 2.907731
11.571753 2.907766
11.563606 2.907794
11.555706 2.907835
11.547560 2.907865
11.539001 2.907900
11.531100 2.907944
11.523209 2.907963
11.514993 2.907987
11.506122 2.908033
11.498384 2.908050
11.490204 2.908083
11.482020 2.908102
11.473900 2.908148
11.465552 2.908135
11.457694 2.908155
11.449032 2.908155
11.440940 2.908183
11.432370 2.908159
11.424700 2.908172
11.416639 2.908169
11.408571 2.908167
11.401815 2.908134
11.391979 2.908156
11.383697 2.908156
11.375697 2.908141
11.367985 2.908099
11.359860 2.908102
11.351096 2.908079
11.343266 2.908051
11.334681 2.908027
11.326716 2.908009
11.318520 2.907979
11.310729 2.907959
11.302698 2.907938
11.294820 2.907922
11.286468 2.907888
11.278505 2.907879
11.269894 2.907861
11.262177 2.907850
11.253635 2.907825
11.245824 2.907819
11.237484 2.907812
11.229433 2.907807
11.221662 2.907812
11.213431 2.907804
11.204872 2.907810
11.196767 2.907829
11.189010 2.907833
11.180426 2.907809
11.172726 2.907828
11.163873 2.907839
11.155514 2.907857
11.147193 2.907871
11.139360 2.907913
11.133018 2.907887
11.122738 2.907945
11.115011 2.907963
11.106460 2.908021
11.098647 2.908002
11.089579 2.908073
11.081964 2.908087
11.073328 2.908156
11.065868 2.908140
11.057212 2.908210
11.049069 2.908242
11.040633 2.908279
11.032587 2.908272
11.023698 2.908335
11.016352 2.908349
11.007816 2.908374
10.999682 2.908384
10.991560 2.908423
10.982949 2.908436
10.975148 2.908455
10.966968 2.908463
10.958781 2.908480
10.950028 2.908477
10.942017 2.908490
10.933851 2.908483
10.926022 2.908488
10.917458 2.908472
10.909716 2.908477
10.901135 2.908455
10.893417 2.908452
10.884627 2.908430
10.878860 2.908420
10.869268 2.908405
10.860499 2.908376
10.852458 2.908361
10.844669 2.908328
10.836146 2.908308
10.828334 2.908293
10.819661 2.908261
10.811952 2.908220
10.803561 2.908205
10.795495 2.908179
10.787946 2.908146
10.779340 2.908106
10.771469 2.908108
10.762796 2.908062
10.755426 2.908041
10.747067 2.908002
10.738914 2.908009
10.730450 2.907959
10.722702 2.907965
10.714104 2.907935
10.705896 2.907950
10.697662 2.907907
10.690134 2.907933
10.681305 2.907918
10.673606 2.907917
10.665401 2.907928
10.657020 2.907965
10.648742 2.907969
10.640692 2.907974
10.632895 2.907995
10.623692 2.908030
10.615553 2.908041
10.607706 2.908073
10.599173 2.908094
10.590700 2.908133
10.583130 2.908158
10.574401 2.908204
10.566397 2.908223
10.558342 2.908261
10.550190 2.908288
10.541634 2.908331
10.533240 2.908354
10.525267 2.908388
10.516799 2.908428
10.508663 2.908445
10.500693 2.908476
10.492806 2.908514
10.484114 2.908520
10.476082 2.908530
10.468216 2.908567
10.459537 2.908569
10.451248 2.908566
10.443249 2.908565
10.434690 2.908596
10.427365 2.908565
10.418301 2.908569
10.410221 2.908554
10.402891 2.908572
10.394343 2.908531
10.386044 2.908534
10.377600 2.908506
10.369561 2.908505
10.361511 2.908448
10.353773 2.908452
10.345823 2.908426
10.337812 2.908396
10.329363 2.908364
10.321173 2.908350
10.313057 2.908313
10.304944 2.908281
10.296503 2.908247
10.288715 2.908244
10.280671 2.908214
10.272714 2.908199
10.263938 2.908167
10.256217 2.908166
10.247759 2.908142
10.240188 2.908137
10.231864 2.908128
10.223643 2.908120
10.215237 2.908104
10.207474 2.908114
10.198823 2.908117
10.192856 2.908132
10.182880 2.908136
10.174943 2.908137
10.166671 2.908153
10.157988 2.908171
10.150438 2.908191
10.141414 2.908209
10.133286 2.908241
10.125081 2.908270
10.117267 2.908289
10.108883 2.908316
10.100732 2.908362
10.092257 2.908378
10.083942 2.908407
10.075883 2.908435
10.069377 2.908475
10.059257 2.908510
10.051425 2.908571
10.043232 2.908591
10.034740 2.908653
10.026279 2.908648
10.018627 2.908695
10.010245 2.908724
10.002111 2.908753
9.994222 2.908748
9.985525 2.908799
9.977108 2.908818
9.969014 2.908833
9.961341 2.908838
9.952823 2.908864
9.944487 2.908868
9.936228 2.908876
9.928388 2.908876
9.919740 2.908884
9.911833 2.908868
9.903680 2.908877
9.897495 2.908876
9.887964 2.908864
9.879256 2.908845
9.870995 2.908841
9.863265 2.908818
9.854750 2.908809
9.846804 2.908807
9.839060 2.908780
9.830387 2.908751
9.822187 2.908732
9.814642 2.908722
9.807913 2.908682
9.798416 2.908668
9.789816 2.908648
9.782344 2.908617
9.773659 2.908594
9.766347 2.908604
9.757325 2.908565
9.749564 2.908541
9.741036 2.908525
9.733293 2.908544
9.724989 2.908503
9.717010 2.908511
9.708858 2.908501
9.700201 2.908533
9.692689 2.908494
9.684077 2.908521
9.675735 2.908520
9.667544 2.908548
9.660011 2.908523
9.651716 2.908578
9.643483 2.908600
9.634710 2.908623
9.626484 2.908621
9.618854 2.908682
9.610718 2.908709
9.602132 2.908735
9.594078 2.908770
9.585749 2.908815
9.577623 2.908834
9.570456 2.908881
9.561241 2.908906
9.552931 2.908958
9.544305 2.908996
9.536578 2.909046
9.528103 2.909073
9.520047 2.909114
9.511743 2.909152
9.505180 2.909178
9.495370 2.909214
9.487012 2.909248
9.478553 2.909270
9.470430 2.909283
9.464532 2.909315
9.454309 2.909327
9.445881 2.909328
9.437466 2.909333
9.429413 2.909359
9.421431 2.909347
9.414980 2.909347
9.405040 2.909333
9.396938 2.909362
9.390762 2.909296
9.380708 2.909358
9.372270 2.909332
9.364242 2.909340
9.356033 2.909280
9.348318 2.909278
9.340202 2.909234
9.331760 2.909214
9.324294 2.909168
9.315936 2.909152
9.307661 2.909104
9.299911 2.909063
9.291479 2.909022
9.283118 2.909024
9.274810 2.908972
9.267183 2.908943
9.258876 2.908895
9.250999 2.908877
9.242537 2.908828
9.234884 2.908827
9.227561 2.908807
9.218107 2.908773
9.210012 2.908747
9.202104 2.908753
9.193691 2.908720
9.185193 2.908713
9.177094 2.908709
9.169159 2.908723
9.160975 2.908720
9.153153 2.908716
9.144145 2.908732
9.136093 2.908741
9.128132 2.908757
9.119900 2.908766
9.112906 2.908796
9.103234 2.908813
9.095409 2.908848
9.087024 2.908864
9.079195 2.908892
9.071054 2.908895
9.062160 2.908973
9.054185 2.908957
9.045454 2.909030
9.037393 2.909004
9.029414 2.909060
9.023161 2.909035
9.012873 2.909084
9.005168 2.909089
8.996358 2.909121
8.988159 2.909096
8.979783 2.909147
8.972070 2.909148
8.963712 2.909149
8.955521 2.909140
8.947173 2.909166
8.938916 2.909155
8.930906 2.909153
8.923059 2.909135
8.914828 2.909147
8.908072 2.909152
8.898227 2.909141
8.890285 2.909104
8.882149 2.909091
8.873523 2.909046
8.865637 2.909053
8.857351 2.909006
8.849637 2.908977
8.841029 2.908944
8.833157 2.908926
8.825355 2.908895
8.817401 2.908864
8.809043 2.908832
8.800765 2.908787
8.792650 2.908754
8.784857 2.908707
8.776900 2.908678
8.768620 2.908628
8.760006 2.908599
8.751963 2.908545
8.743716 2.908518
8.736322 2.908458
8.727376 2.908449
8.719537 2.908429
8.711689 2.908396
8.703206 2.908326
8.695370 2.908313
8.686387 2.908268
8.678368 2.908265
8.670844 2.908206
8.662250 2.908199
8.653971 2.908174
8.647988 2.908172
8.637737 2.908135
8.629356 2.908147
8.621560 2.908126
8.612686 2.908147
8.605067 2.908113
8.598163 2.908147
8.588548 2.908113
8.579724 2.908161
8.571596 2.908144
8.563734 2.908180
8.555355 2.908159
8.547035 2.908190
8.538625 2.908179
8.530896 2.908226
8.522474 2.908217
8.514263 2.908223
8.505957 2.908236
8.497561 2.908265
8.489912 2.908258
8.481874 2.908255
8.473517 2.908259
8.464580 2.908258
8.457124 2.908254
8.448452 2.908244
8.440455 2.908264
8.432135 2.908237
8.423931 2.908231
8.415868 2.908210
8.407785 2.908200
8.399475 2.908136
8.391412 2.908113
8.383356 2.908071
8.375216 2.908043
8.366762 2.907970
8.358962 2.907940
8.350755 2.907881
8.342797 2.907850
8.334275 2.907770
8.326565 2.907734
8.318772 2.907679
8.310009 2.907633
8.302303 2.907553
8.293620 2.907506
8.286153 2.907449
8.277701 2.907430
8.269710 2.907352
8.261516 2.907319
8.253784 2.907261
8.245334 2.907234
8.237277 2.907171
8.228885 2.907147
8.221072 2.907096
8.212915 2.907077
8.204385 2.907039
8.196704 2.907032
8.188139 2.906989
8.180058 2.906986
8.171996 2.906971
8.163665 2.906971
8.155301 2.906943
8.147350 2.906933
8.139076 2.906957
8.131364 2.906960
8.122882 2.906970
8.114457 2.906961
8.106088 2.906986
8.097939 2.906992
8.089398 2.907016
8.081413 2.907032
8.072937 2.907065
8.065202 2.907069
8.056722 2.907138
8.048152 2.907125
8.040660 2.907182
8.032025 2.907164
8.023872 2.907224
8.015978 2.907216
8.007173 2.907255
7.999371 2.907268
7.991234 2.907308
7.982614 2.907298
7.974735 2.907333
7.966211 2.907341
7.958424 2.907351
7.951464 2.907341
7.941478 2.907367
7.933303 2.907364
7.925957 2.907353
7.917139 2.907333
7.908988 2.907363
7.902805 2.907362
7.892880 2.907351
7.884323 2.907316
7.876759 2.907320
7.868626 2.907282
7.860819 2.907280
7.852620 2.907243
7.844434 2.907223
7.836290 2.907205
7.829372 2.907186
7.821093 2.907160
7.811681 2.907115
7.803812 2.907095
7.795777 2.907058
7.787167 2.907021
7.779391 2.906993
7.771185 2.906978
7.762824 2.906936
7.754518 2.906914
7.746929 2.906898
7.738721 2.906868
7.731824 2.906835
7.724082 2.906843
7.713821 2.906819
7.705745 2.906796
7.697919 2.906777
7.689384 2.906796
7.683348 2.906744
7.673043 2.906765
7.665523 2.906760
7.656759 2.906798
7.649060 2.906765
7.640500 2.906797
7.634007 2.906799
7.624483 2.906822
7.615695 2.906815
7.607804 2.906866
7.599833 2.906878
7.591689 2.906893
7.582876 2.906893
7.574366 2.906953
7.566644 2.906945
7.558078 2.907010
7.550184 2.906991
7.541877 2.907081
7.533335 2.907128
7.524980 2.907160
7.517344 2.907196
7.508743 2.907240
7.500134 2.907267
7.492561 2.907296
7.484013 2.907317
7.476207 2.907374
7.468034 2.907394
7.459279 2.907409
7.450915 2.907424
7.442823 2.907462
7.434484 2.907488
7.426985 2.907492
7.418240 2.907501
7.410529 2.907516
7.402076 2.907535
7.394348 2.907533
7.385548 2.907540
7.377816 2.907532
7.370088 2.907512
7.361800 2.907504
7.353021 2.907510
7.345467 2.907472
7.337334 2.907439
7.329045 2.907417
7.321265 2.907422
7.313392 2.907375
7.305041 2.907368
7.296847 2.907343
7.288490 2.907333
7.280771 2.907286
7.272166 2.907289
7.264536 2.907270
7.255922 2.907256
7.248125 2.907208
7.239913 2.907222
7.231618 2.907213
7.223559 2.907199
7.215171 2.907171
7.207510 2.907194
7.199358 2.907190
7.191355 2.907186
7.182744 2.907189
7.174417 2.907209
7.166070 2.907218
7.157685 2.907224
7.149492 2.907249
7.141541 2.907275
7.133177 2.907292
7.125624 2.907313
7.117332 2.907346
7.109201 2.907382
7.100403 2.907412
7.092597 2.907449
7.083663 2.907470
7.075731 2.907537
7.068120 2.907567
7.059658 2.907607
7.051168 2.907678
7.043111 2.907687
7.035281 2.907745
7.026141 2.907771
7.018229 2.907833
7.009918 2.907862
7.001561 2.907897
6.993541 2.907932
6.985560 2.907987
6.976946 2.907994
6.969474 2.908020
6.961196 2.908051
6.952590 2.908088
6.944567 2.908081
6.936633 2.908114
6.928537 2.908122
6.919713 2.908131
6.912039 2.908099
6.903880 2.908126
6.895158 2.908120
6.887661 2.908101
6.879106 2.908086
6.870878 2.908110
6.862539 2.908105
6.854694 2.908086
6.846222 2.908050
6.838493 2.908046
6.830543 2.908012
6.822666 2.908000
6.813986 2.907982
6.806038 2.907955
6.797683 2.907926
6.789426 2.907910
6.783629 2.907904
6.773568 2.907874
6.765684 2.907859
6.757323 2.907827
6.749440 2.907809
6.741146 2.907791
6.732730 2.907781
6.724936 2.907756
6.716306 2.907752
6.708398 2.907732
6.700572 2.907720
6.693641 2.907689
6.683728 2.907701
6.675980 2.907696
6.667969 2.907686
6.659267 2.907685
6.651169 2.907715
6.642707 2.907725
6.635067 2.907730
6.626873 2.907732
6.618410 2.907779
6.609790 2.907769
6.602071 2.907815
6.593853 2.907825
6.585301 2.907868
6.576910 2.907847
6.568830 2.907931
6.560616 2.907940
6.553105 2.908018
6.544829 2.908011
6.536691 2.908086
6.527722 2.908113
6.520152 2.908142
6.511846 2.908162
6.502963 2.908200
6.494993 2.908211
6.486855 2.908250
6.478892 2.908260
6.470358 2.908285
6.462156 2.908285
6.454121 2.908314
6.446009 2.908314
6.437747 2.908332
6.429207 2.908334
6.421045 2.908339
6.413200 2.908338
6.405220 2.908343
6.398849 2.908350
6.388367 2.908356
6.380669 2.908354
6.371977 2.908338
6.364074 2.908315
6.355708 2.908289
6.349784 2.908289
6.339514 2.908276
6.331907 2.908236
6.323298 2.908184
6.315318 2.908175
6.307211 2.908127
6.299244 2.908091
6.291461 2.908039
6.282695 2.908020
6.274654 2.907973
6.266599 2.907954
6.258496 2.907902
6.250958 2.907880
6.242317 2.907818
6.234440 2.907825
6.225739 2.907790
6.218413 2.907756
6.210351 2.907728
6.203426 2.907727
6.193883 2.907703
6.185394 2.907684
6.177064 2.907675
6.169051 2.907696
6.160953 2.907687
6.152610 2.907690
6.144500 2.907695
6.136304 2.907712
6.128184 2.907711
6.119560 2.907742
6.112172 2.907755
6.103134 2.907779
6.095489 2.907803
6.086827 2.907830
6.078698 2.907852
6.070140 2.907885
6.062320 2.907930
6.055493 2.907936
6.047993 2.907995
6.037468 2.907996
6.029321 2.908051
6.020929 2.908063
6.012779 2.908108
6.005045 2.908132
5.996169 2.908161
5.988192 2.908172
5.979845 2.908226
5.972146 2.908219
5.963605 2.908243
5.955251 2.908255
5.947465 2.908293
5.938787 2.908281
5.930684 2.908303
5.922518 2.908307
5.914535 2.908315
5.905900 2.908290
5.898219 2.908307
5.890077 2.908311
5.882013 2.908305
5.873549 2.908264
5.865247 2.908281
5.857932 2.908259
5.849395 2.908238
5.841600 2.908208
5.832957 2.908205
5.824765 2.908184
5.817202 2.908165
5.809172 2.908148
5.800416 2.908113
5.792466 2.908075
5.783943 2.908057
5.776634 2.908043
5.767868 2.908021
5.759590 2.907984
5.751793 2.907973
5.744969 2.907965
5.735871 2.907945
5.727081 2.907926
5.719028 2.907905
5.711455 2.907902
5.703637 2.907897
5.694499 2.907887
5.687095 2.907871
5.678297 2.907875
5.670035 2.907878
5.662597 2.907875
5.654415 2.907879
5.645984 2.907914
5.637771 2.907905
5.629906 2.907915
5.621373 2.907934
5.612749 2.907987
5.604702 2.907975
5.596161 2.908004
5.588187 2.908028
5.580210 2.908073
5.571906 2.908056
5.563911 2.908134
5.557054 2.908125
5.547344 2.908195
5.538946 2.908197
5.530386 2.908264
5.522076 2.908293
5.514176 2.908318
5.505950 2.908328
5.497894 2.908378
5.489594 2.908400
5.481453 2.908428
5.473410 2.908446
5.464755 2.908477
5.456414 2.908493
5.448873 2.908521
5.439973 2.908531
5.433932 2.908561
5.424441 2.908558
5.415459 2.908573
5.407228 2.908567
5.399555 2.908577
5.391069 2.908574
5.383573 2.908564
5.374690 2.908554
5.367204 2.908569
5.358846 2.908540
5.350387 2.908518
5.342346 2.908505
5.334463 2.908492
5.326439 2.908453
5.318484 2.908423
5.310197 2.908424
5.302407 2.908378
5.295753 2.908361
5.285995 2.908314
5.277561 2.908314
5.269191 2.908274
5.263006 2.908262
5.253320 2.908220
5.245608 2.908216
5.236506 2.908172
5.229025 2.908168
5.220324 2.908145
5.212834 2.908136
5.204778 2.908088
5.196302 2.908130
5.187857 2.908126
5.179681 2.908124
5.171839 2.908095
5.163664 2.908126
5.155573 2.908128
5.147058 2.908132
5.139604 2.908146
5.130597 2.908174
5.124115 2.908188
5.114428 2.908207
5.105893 2.908230
5.097593 2.908262
5.090361 2.908283
5.081395 2.908315
5.073377 2.908345
5.065162 2.908383
5.056722 2.908448
5.048364 2.908469
5.040319 2.908526
5.032330 2.908524
5.023544 2.908589
5.015662 2.908624
5.007786 2.908667
4.999173 2.908703
4.991109 2.908724
4.982734 2.908753
4.974770 2.908805
4.966831 2.908813
4.957893 2.908837
4.950601 2.908856
4.941828 2.908900
4.933561 2.908889
4.925635 2.908889
4.917399 2.908919
4.909174 2.908952
4.900734 2.908986
4.894498 2.909024
4.885173 2.909104
4.876867 2.909164
4.868007 2.909207
4.860429 2.909264
4.851983 2.909339
4.845838 2.909382
4.836369 2.909491
4.827556 2.909624
4.819450 2.909823
4.811333 2.910056
4.803536 2.910308
4.795419 2.910439
4.787050 2.910706
4.778950 2.910955
4.770894 2.911250
4.762818 2.911815
4.754716 2.912539
4.747129 2.913527
4.739014 2.914715
4.730326 2.915944
4.722856 2.917125
4.714702 2.918700
4.706043 2.920166
4.698341 2.920968
4.689776 2.921796
4.681563 2.922552
4.673615 2.923265
4.665407 2.923962
4.657048 2.924747
4.649336 2.925447
4.640935 2.926065
4.632099 2.926466
4.624004 2.926760
4.616042 2.926859
4.607944 2.926882
4.600315 2.927129
4.591513 2.927640
4.583553 2.928195
4.574676 2.928746
4.566698 2.929343
4.558623 2.929870
4.550170 2.930477
4.542645 2.930963
4.533665 2.931616
4.526267 2.932091
4.517156 2.932688
4.509253 2.933184
4.501144 2.933725
4.493273 2.934196
4.484843 2.934667
4.476727 2.935138
4.468590 2.935561
4.460063 2.936061
4.453285 2.936419
4.443445 2.936960
4.435911 2.937346
4.427807 2.937794
4.419154 2.938238
4.412621 2.938566
4.402978 2.939083
4.395078 2.939500
4.386383 2.939938
4.378350 2.940336
4.370212 2.940741
4.362410 2.941118
4.353961 2.941493
4.346241 2.941864
4.338208 2.942237
4.329526 2.942665
4.321327 2.942984
4.313141 2.943220
4.305431 2.943457
4.297637 2.943645
4.289341 2.943779
4.281116 2.943652
4.273650 2.943498
4.264806 2.943280
4.256447 2.943273
4.248250 2.943327
4.240158 2.943413
4.232291 2.943447
4.224722 2.943518
4.217889 2.943555
4.208365 2.943641
4.199432 2.943698
4.191432 2.943785
4.183770 2.943810
4.175360 2.943893
4.167356 2.943942
4.158825 2.944030
4.150981 2.944054
4.142624 2.944159
4.134345 2.944216
4.126213 2.944303
4.118016 2.944351
4.109636 2.944457
4.101509 2.944505
4.093704 2.944587
4.085319 2.944669
4.076771 2.944768
4.068627 2.944823
4.059957 2.944917
4.052171 2.944986
4.043550 2.945088
4.037211 2.945146
4.027073 2.945236
4.019008 2.945323
4.011358 2.945216
4.002856 2.945184
3.994787 2.945205
3.986350 2.945259
3.977984 2.945277
3.969881 2.945277
3.961480 2.945304
3.953702 2.945345
3.946645 2.945339
3.936573 2.945355
3.928878 2.945367
3.920629 2.945417
3.912459 2.945416
3.904228 2.945436
3.896309 2.945426
3.887904 2.945442
3.880307 2.945408
3.871726 2.945435
3.863319 2.945408
3.855207 2.945426
3.847264 2.945375
3.838922 2.945387
3.831263 2.945354
3.822713 2.945339
3.814517 2.945283
3.806561 2.945272
3.798534 2.945240
3.790173 2.945210
3.782056 2.945147
3.774512 2.945121
3.766067 2.945099
3.757543 2.945059
3.749425 2.944994
3.741709 2.944979
3.733096 2.944963
3.725697 2.944906
3.718949 2.944898
3.708964 2.944871
3.700552 2.944847
3.693151 2.944804
3.684391 2.944807
3.676879 2.944824
3.668290 2.944801
3.660452 2.944787
3.652030 2.944800
3.643514 2.944798
3.635741 2.944773
3.627377 2.944798
3.619670 2.944832
3.610815 2.944835
3.602614 2.944850
3.594304 2.944888
3.586423 2.944946
3.578037 2.944960
3.569981 2.944996
3.561753 2.945030
3.553614 2.945110
3.545628 2.945109
3.536746 2.945186
3.529163 2.945210
3.520267 2.945298
3.512041 2.945303
3.504150 2.945394
3.496096 2.945449
3.487548 2.945518
3.479598 2.945517
3.471044 2.945609
3.462554 2.945628
3.454611 2.945675
3.446371 2.945717
3.438572 2.945891
3.430239 2.945966
3.422375 2.946093
3.413894 2.946016
3.405779 2.946113
3.397460 2.946290
3.388963 2.946534
3.381030 2.946698
3.372798 2.946854
3.365194 2.947008
3.356434 2.947161
3.348516 2.947399
3.340261 2.947583
3.332281 2.947747
3.324188 2.947936
3.316407 2.948111
3.308148 2.948338
3.300284 2.948504
3.291896 2.948704
3.283368 2.948894
3.275658 2.949099
3.267657 2.949267
3.259303 2.949480
3.251166 2.949725
3.243061 2.949940
3.234857 2.950120
3.226725 2.950345
3.219220 2.950540
3.211013 2.950751
3.202790 2.950921
3.194898 2.951161
3.185851 2.951348
3.178435 2.951528
3.169865 2.951707
3.163256 2.951899
3.153528 2.952105
3.145741 2.952301
3.137340 2.952473
3.129167 2.952696
3.120957 2.952881
3.112435 2.953083
3.103893 2.953259
3.096260 2.953461
3.087772 2.953660
3.079479 2.953871
3.071250 2.954063
3.064721 2.954222
3.055507 2.954449
3.046473 2.954665
3.038992 2.954829
3.030381 2.955048
3.022612 2.955220
3.014095 2.955364
3.005776 2.955586
2.998156 2.955860
2.989937 2.956155
2.980892 2.956574
2.973044 2.956928
2.964783 2.956762
2.956711 2.957120
2.948103 2.957428
2.939822 2.957929
2.932201 2.958380
2.924322 2.958193
2.916395 2.958105
2.908124 2.958681
2.900729 2.959148
2.892684 2.960186
2.884392 2.960821
2.876187 2.960890
2.868128 2.960713
2.860164 2.960474
2.851639 2.960177
2.843879 2.959559
2.836298 2.959865
2.827591 2.961450
2.819846 2.963317
2.811515 2.965142
2.804161 2.967038
2.795494 2.969977
2.787966 2.972017
2.779519 2.974669
2.771440 2.977109
2.763963 2.979210
2.755505 2.981796
2.748302 2.984002
2.740003 2.986481
2.732246 2.989028
2.725522 2.991276
2.716159 2.994542
2.709715 2.996876
2.700388 3.000759
2.693259 3.003607
2.685318 3.006899
2.677107 3.009908
2.671259 3.012125
2.661952 3.015253
2.653467 3.018930
2.645969 3.022177
2.637776 3.026119
2.630668 3.029811
2.622521 3.034449
2.614729 3.038635
2.606642 3.042792
2.598234 3.047319
2.590926 3.050592
2.583327 3.054390
2.575703 3.058601
2.567803 3.063188
2.560603 3.067283
2.552943 3.071229
2.547066 3.074492
2.538218 3.079454
2.530529 3.084369
2.523724 3.088889
2.516777 3.094429
2.510878 3.099416
2.502649 3.106670
2.497399 3.111409
2.489674 3.117899
2.482972 3.123396
2.476082 3.129453
2.469141 3.135800
2.462881 3.141689
2.456225 3.148375
2.450455 3.154546
2.443907 3.161600
2.439630 3.166369
2.432349 3.174880
2.426239 3.182140
2.420048 3.189396
2.414583 3.196295
2.409235 3.203059
2.403662 3.209990
2.398723 3.216863
2.392914 3.225228
2.387509 3.232373
2.382339 3.239425
2.378631 3.244181
2.373036 3.252435
2.368019 3.261714
2.363604 3.270103
2.359422 3.278656
2.354782 3.288071
2.350557 3.297026
2.346354 3.306031
2.342224 3.315437
2.338602 3.324041
2.334897 3.334688
2.331563 3.345005
2.328206 3.354896
2.324467 3.365971
2.321615 3.373542
2.317538 3.385687
2.314880 3.395909
2.312785 3.407527
2.310323 3.419178
2.307847 3.430562
2.304858 3.440495
2.301983 3.450110
2.300365 3.459762
2.298661 3.475008
2.297229 3.485732
2.295779 3.497360
2.294698 3.508940
2.293328 3.520207
2.292162 3.529638
2.290869 3.542945
2.290067 3.554158
2.290069 3.565841
2.290106 3.575660
2.290362 3.590328
2.290837 3.602740
2.291714 3.614486
2.292990 3.627013
2.293909 3.639442
2.294468 3.653003
2.295051 3.664017
2.295682 3.677689
2.296060 3.688789
2.296368 3.702397
2.296719 3.713974
2.296971 3.726318
2.297311 3.735990
2.297900 3.750898
2.298347 3.763496
2.298843 3.775653
2.299308 3.788819
2.299750 3.800507
2.300216 3.813211
2.300538 3.823677
2.301034 3.838782
2.301375 3.850509
2.301763 3.863339
2.301914 3.872716
2.302251 3.886806
2.302526 3.900253
2.302666 3.911816
2.302855 3.924142
2.303013 3.936539
2.303141 3.949029
2.303242 3.958730
2.303342 3.973662
2.303389 3.985726
2.303472 3.997954
2.303318 4.010252
2.303356 4.022035
2.303370 4.033748
2.303427 4.046191
2.303450 4.057719
2.303467 4.069495
2.303504 4.082832
2.303549 4.094108
2.303594 4.106393
2.303421 4.119241
2.303373 4.128359
2.303424 4.142358
2.303501 4.155567
2.303546 4.166932
2.303609 4.179581
2.303662 4.190845
2.303759 4.203587
2.303856 4.216345
2.303946 4.227766
2.304041 4.239941
2.304178 4.252715
2.304244 4.264035
2.304330 4.277292
2.304382 4.289518
2.304462 4.300538
2.304508 4.312800
2.304505 4.325135
2.304559 4.337847
2.304583 4.349172
2.304576 4.361685
2.304534 4.373901
2.304540 4.386606
2.304472 4.398183
2.304350 4.411264
2.304242 4.423374
2.304114 4.434805
2.303961 4.446348
2.303807 4.456691
2.303567 4.471859
2.303387 4.482978
2.303155 4.494575
2.302922 4.506977
2.302673 4.519594
2.302486 4.529035
2.302148 4.543576
2.301881 4.554988
2.301558 4.568053
2.301211 4.579586
2.300879 4.591939
2.300574 4.603825
2.300335 4.614679
2.300050 4.624416
2.299638 4.638924
2.299334 4.650921
2.298990 4.663991
2.298793 4.674977
2.298541 4.685230
2.298257 4.698673
2.298005 4.712221
2.297772 4.723900
2.297528 4.736081
2.297329 4.747071
2.297074 4.760067
2.296834 4.770828
2.296577 4.783710
2.296343 4.795528
2.296114 4.804947
2.295805 4.819015
2.295517 4.831956
2.295261 4.843293
2.294910 4.855914
2.294628 4.867601
2.294353 4.877495
2.293977 4.890540
2.293634 4.902443
2.293256 4.914722
2.292898 4.926234
2.292468 4.939764
2.292097 4.951584
2.291753 4.962656
2.291317 4.975182
2.290910 4.987569
2.290547 4.998147
2.290147 5.010828
2.289709 5.023220
2.289343 5.035025
2.288950 5.046961
2.288628 5.056300
2.288215 5.070669
2.287866 5.082785
2.287514 5.095191
2.287160 5.106965
2.286870 5.118402
2.286596 5.130048
2.286255 5.143336
2.285979 5.154960
2.285751 5.166739
2.285554 5.178420
2.285274 5.191321
2.285070 5.202957
2.284907 5.214644
2.284699 5.226736
2.284519 5.238254
2.284367 5.251641
2.284211 5.263496
2.284081 5.275365
2.283941 5.287198
2.283817 5.300090
2.283763 5.311513
2.283694 5.323283
2.283630 5.335417
2.283547 5.348490
2.283443 5.360109
2.283351 5.372528
2.283227 5.384410
2.283093 5.396458
2.282939 5.408306
2.282814 5.418233
2.282615 5.432156
2.282446 5.443737
2.282253 5.455973
2.282029 5.468892
2.281811 5.480942
2.281650 5.491633
2.281409 5.504934
2.281192 5.517045
2.281008 5.528234
2.280799 5.541103
2.280620 5.552772
2.280455 5.563889
2.280277 5.576345
2.280134 5.589266
2.279992 5.601219
2.279884 5.613040
2.279788 5.625581
2.279704 5.637090
2.279634 5.648812
2.279606 5.661247
2.279607 5.673055
2.279552 5.685873
2.279564 5.697349
2.279593 5.708838
2.279608 5.721190
2.279613 5.733478
2.279657 5.745873
2.279718 5.759028
2.279769 5.770527
2.279782 5.780800
2.279845 5.795438
2.279886 5.807574
2.279870 5.818883
2.279884 5.832078
2.279928 5.843651
2.279951 5.856310
2.279923 5.868455
2.279908 5.879410
2.279902 5.891621
2.279861 5.904466
2.279777 5.916572
2.279732 5.928327
2.279672 5.940537
2.279560 5.952870
2.279465 5.964550
2.279369 5.977182
2.279271 5.988383
2.279145 6.001205
2.279064 6.013650
2.278980 6.024686
2.278901 6.037603
2.278815 6.048878
2.278787 6.061242
2.278733 6.074503
2.278679 6.085495
2.278648 6.098572
2.278638 6.110735
2.278613 6.121640
2.278580 6.134822
2.278625 6.146932
2.278633 6.158504
2.278672 6.170763
2.278715 6.182253
2.278849 6.194700
2.278889 6.206917
2.278980 6.220105
2.279063 6.231124
2.279176 6.243923
2.279281 6.256625
2.279360 6.268276
2.279480 6.280419
2.279562 6.292308
2.279657 6.303864
2.279725 6.317643
2.279851 6.328646
2.279914 6.340826
2.279963 6.352882
2.280029 6.365252
2.280077 6.377258
2.280112 6.390621
2.280131 6.400072
2.280169 6.414764
2.280197 6.427105
2.280195 6.438024
2.280191 6.451523
2.280173 6.460692
2.280147 6.474623
2.280114 6.487472
2.280087 6.499307
2.280045 6.509641
2.280005 6.522876
2.279914 6.535106
2.279857 6.548224
2.279782 6.560407
2.279737 6.572606
2.279670 6.584821
2.279654 6.595960
2.279608 6.608902
2.279568 6.620306
2.279607 6.632203
2.279599 6.644690
2.279605 6.657444
2.279635 6.666773
2.279678 6.678696
2.279720 6.691651
2.279783 6.705413
2.279859 6.717555
2.279976 6.729886
2.280053 6.742257
2.280145 6.752139
2.280315 6.766513
2.280412 6.778478
2.280540 6.791051
2.280606 6.802513
2.280718 6.814964
2.280787 6.826789
2.280867 6.839662
2.280937 6.852211
2.280964 6.861464
2.281048 6.876865
2.281059 6.889074
2.281083 6.900637
2.281090 6.913407
2.281094 6.924694
2.281034 6.936319
2.281012 6.949644
2.280950 6.961715
2.280911 6.972947
2.280837 6.985522
2.280787 6.998120
2.280695 7.009090
2.280592 7.021142
2.280551 7.033442
2.280446 7.046353
2.280337 7.058229
2.280269 7.069412
2.280221 7.081894
2.280144 7.093703
2.280074 7.106845
2.280075 7.117885
2.280036 7.129827
2.280015 7.142107
2.280006 7.154294
2.280091 7.167572
2.280095 7.179738
2.280105 7.189543
2.280171 7.203484
2.280248 7.213838
2.280311 7.228334
2.280360 7.240416
2.280461 7.252820
2.280544 7.264126
2.280611 7.274780
2.280687 7.288158
2.280851 7.300984
2.280918 7.313408
2.280976 7.325723
2.281005 7.337942
2.281062 7.347752
2.281080 7.361570
2.281076 7.373648
2.281093 7.385726
2.281083 7.397694
2.281083 7.410658
2.281057 7.422886
2.281064 7.434046
2.281018 7.447176
2.280956 7.456779
2.280890 7.471190
2.280855 7.482660
2.280781 7.494352
2.280682 7.506714
2.280611 7.519755
2.280517 7.531650
2.280460 7.543597
2.280387 7.556228
2.280365 7.568235
2.280330 7.579614
2.280292 7.591558
2.280303 7.603515
2.280298 7.617188
2.280312 7.628901
2.280318 7.640983
2.280390 7.652106
2.280425 7.665197
2.280510 7.677893
2.280590 7.689898
2.280733 7.702218
2.280790 7.713803
2.280905 7.726472
2.281038 7.738007
2.281158 7.750201
2.281298 7.762159
2.281404 7.775225
2.281529 7.785198
2.281656 7.797360
2.281766 7.809400
2.281893 7.821528
2.282047 7.835784
2.282137 7.847787
2.282225 7.860656
2.282310 7.873624
2.282395 7.885387
2.282459 7.897590
2.282481 7.909111
2.282513 7.921521
2.282516 7.933243
2.282521 7.946118
2.282508 7.958573
2.282506 7.969515
2.282474 7.982900
2.282407 7.995020
2.282359 8.006189
2.282291 8.018373
2.282202 8.030240
2.282115 8.042664
2.282047 8.054865
2.281990 8.064223
2.281888 8.079509
2.281816 8.091811
2.281785 8.103854
2.281729 8.116177
2.281706 8.128134
2.281710 8.139215
2.281716 8.152471
2.281699 8.163327
2.281753 8.173223
2.281789 8.188795
2.281821 8.200654
2.281852 8.211702
2.281951 8.224124
2.282045 8.236961
2.282104 8.246887
2.282216 8.260537
2.282380 8.273865
2.282476 8.285893
2.282577 8.298403
2.282659 8.310113
2.282767 8.322268
2.282861 8.331775
2.282932 8.346504
2.282974 8.358273
2.283071 8.371035
2.283100 8.382393
2.283135 8.394610
2.283184 8.407421
2.283180 8.418656
2.283171 8.431743
2.283108 8.444006
2.283092 8.455988
2.283049 8.467066
2.282991 8.477407
2.282915 8.491230
2.282831 8.503607
2.282766 8.516500
2.282676 8.528069
2.282634 8.539691
2.282543 8.552939
2.282461 8.564563
2.282385 8.577187
2.282350 8.589058
2.282285 8.600474
2.282225 8.612399
2.282192 8.625729
2.282207 8.636510
2.282162 8.649457
2.282147 8.661448
2.282184 8.673676
2.282176 8.685486
2.282196 8.698142
2.282252 8.710911
2.282309 8.722611
2.282342 8.734719
2.282393 8.746247
2.282468 8.759067
2.282540 8.771817
2.282604 8.783682
2.282647 8.793040
2.282747 8.808098
2.282786 8.819896
2.282794 8.832642
2.282855 8.843737
2.282878 8.856899
2.282870 8.867829
2.282850 8.881297
2.282852 8.893109
2.282849 8.904730
2.282797 8.916449
2.282748 8.929093
2.282713 8.941736
2.282638 8.952978
2.282551 8.965197
2.282460 8.977390
2.282377 8.989243
2.282240 9.001519
2.282105 9.014097
2.281997 9.026487
2.281893 9.038672
2.281780 9.048412
2.281699 9.059615
2.281559 9.074449
2.281440 9.085942
2.281328 9.099111
2.281267 9.108568
2.281190 9.123207
2.281098 9.133996
2.281066 9.146192
2.281035 9.158751
2.281016 9.171105
2.280982 9.183398
2.280986 9.195943
2.281035 9.208069
2.281033 9.219756
2.281065 9.231692
2.281152 9.243939
2.281204 9.255906
2.281259 9.268486
2.281323 9.280898
2.281392 9.292912
2.281438 9.304292
2.281483 9.317404
2.281544 9.328643
2.281583 9.341660
2.281589 9.353045
2.281598 9.366121
2.281651 9.378553
2.281675 9.390968
2.281631 9.402271
2.281615 9.411810
2.281575 9.426681
2.281513 9.436600
2.281405 9.451474
2.281331 9.463499
2.281272 9.474719
2.281166 9.484259
2.281034 9.499448
2.280971 9.510899
2.280840 9.523713
2.280719 9.535850
2.280632 9.545903
2.280508 9.560006
2.280380 9.571362
2.280286 9.584385
2.280205 9.596439
2.280139 9.607996
2.280041 9.619895
2.279987 9.631550
2.279951 9.644959
2.279908 9.656557
2.279890 9.668331
2.279916 9.678659
2.279906 9.690788
2.279938 9.705800
2.279976 9.716802
2.280046 9.729630
2.280116 9.742371
2.280147 9.753244
2.280250 9.766735
2.280370 9.778538
2.280395 9.787366
2.280544 9.803309
2.280618 9.814369
2.280708 9.827864
2.280761 9.839252
2.280797 9.851368
2.280900 9.860641
2.280925 9.876224
2.280963 9.888234
2.280966 9.900250
2.281047 9.911816
2.281032 9.923734
2.281027 9.936767
2.281037 9.947816
2.281010 9.958138
2.280999 9.973109
2.280933 9.984692
2.280909 9.997558
2.280853 10.008945
2.280804 10.020612
2.280741 10.032503
2.280695 10.044842
2.280632 10.055386
2.280558 10.069890
2.280518 10.081927
2.280443 10.091173
2.280378 10.106317
2.280321 10.117935
2.280307 10.129772
2.280266 10.140349
2.280236 10.154604
2.280271 10.166561
2.280278 10.178727
2.280313 10.190410
2.280351 10.199832
2.280440 10.215627
2.280492 10.227057
2.280562 10.239490
2.280637 10.249561
2.280731 10.263990
2.280797 10.275210
2.280870 10.288058
2.280981 10.299561
2.281070 10.311443
2.281133 10.323755
2.281197 10.337184
2.281310 10.349059
2.281341 10.360393
2.281409 10.373197
2.281425 10.385911
2.281470 10.397886
2.281463 10.410191
2.281443 10.421164
2.281430 10.433409
2.281407 10.445217
2.281363 10.457232
2.281318 10.467530
2.281270 10.481872
2.281197 10.494905
2.281127 10.506847
2.281079 10.516544
2.280988 10.530771
2.280893 10.542345
2.280814 10.554363
2.280737 10.566635
2.280680 10.578806
2.280618 10.591888
2.280573 10.603256
2.280558 10.615029
2.280527 10.626890
2.280520 10.639554
2.280554 10.652438
2.280585 10.664393
2.280628 10.675598
2.280668 10.689000
2.280776 10.700341
2.280821 10.713373
2.280917 10.724320
2.281024 10.737301
2.281167 10.749768
2.281264 10.761272
2.281384 10.773622
2.281537 10.785782
2.281675 10.799280
2.281793 10.810121
2.281869 10.823064
2.281988 10.832588
2.282096 10.847549
2.282178 10.859340
2.282244 10.871616
2.282351 10.884048
2.282398 10.896246
2.282419 10.907988
2.282449 10.920112
2.282469 10.932305
2.282455 10.945292
2.282413 10.956836
2.282408 10.968545
2.282353 10.981549
2.282309 10.993776
2.282239 11.005003
2.282181 11.017352
2.282093 11.029687
2.282003 11.038817
2.281925 11.053156
2.281835 11.066157
2.281692 11.078336
2.281596 11.090217
2.281543 11.101827
2.281465 11.113641
2.281404 11.122920
2.281322 11.137633
2.281285 11.150846
2.281228 11.161798
2.281216 11.174909
2.281212 11.187365
2.281210 11.198686
2.281187 11.211647
2.281219 11.223237
2.281261 11.235862
2.281291 11.247471
2.281317 11.259626
2.281373 11.272494
2.281447 11.284292
2.281495 11.296729
2.281541 11.309063
2.281606 11.320283
2.281658 11.332749
2.281639 11.344921
2.281706 11.357131
2.281719 11.369946
2.281716 11.381575
2.281677 11.394291
2.281651 11.406396
2.281646 11.418631
2.281590 11.429560
2.281528 11.439416
2.281450 11.454287
2.281366 11.467023
2.281260 11.478893
2.281171 11.490843
2.281099 11.500020
2.280936 11.515385
2.280808 11.527421
2.280725 11.538350
2.280590 11.551573
2.280470 11.562402
2.280366 11.574408
2.280277 11.587273
2.280174 11.599879
2.280087 11.611577
2.280038 11.621817
2.279982 11.635071
2.279892 11.647857
2.279849 11.660150
2.279832 11.672574
2.279821 11.684649
2.279798 11.694180
2.279805 11.708625
2.279859 11.719728
2.279855 11.732210
2.279903 11.745114
2.279964 11.756169
2.280006 11.766801
2.280064 11.780659
2.280131 11.794106
2.280209 11.805991
2.280257 11.817067
2.280288 11.830214
2.280353 11.842792
2.280414 11.852134
2.280442 11.866409
2.280453 11.879157
2.280463 11.891001
2.280476 11.903475
2.280459 11.914381
2.280430 11.926655
2.280398 11.938744
2.280347 11.951192
2.280258 11.963239
2.280200 11.975025
2.280132 11.987333
2.280042 11.999691
2.279921 12.012109
2.279862 12.024405
2.279771 12.037024
2.279656 12.047994
2.279557 12.060052
2.279470 12.072342
2.279367 12.085408
2.279275 12.097235
2.279214 12.108740
2.279146 12.121676
2.279106 12.133031
2.279078 12.143169
2.279071 12.158112
2.279039 12.169645
2.279041 12.182003
2.279071 12.193702
2.279133 12.206311
2.279131 12.218676
2.279168 12.229982
2.279239 12.243043
2.279312 12.254631
2.279374 12.266654
2.279441 12.278812
2.279577 12.291926
2.279637 12.303226
2.279732 12.315538
2.279794 12.327580
2.279877 12.340037
2.279916 12.352781
2.279911 12.364142
2.279980 12.376528
2.280008 12.388621
2.280010 12.400405
2.279990 12.413282
2.280030 12.425606
2.279993 12.438008
2.279955 12.448886
2.279899 12.461299
2.279857 12.473750
2.279770 12.485809
2.279663 12.498493
2.279609 12.509516
2.279517 12.522280
2.279414 12.534796
2.279327 12.546391
2.279257 12.557927
2.279173 12.569913
2.279102 12.583118
2.279047 12.595483
2.279009 12.606944
2.278957 12.619703
2.278946 12.631516
2.278940 12.642833
2.278913 12.654984
2.278907 12.667276
2.278948 12.678931
2.278966 12.689322
2.279016 12.703406
2.279076 12.716378
2.279176 12.727853
2.279260 12.740970
2.279356 12.752477
2.279439 12.765458
2.279577 12.776953
2.279692 12.787304
2.279827 12.800943
2.279953 12.813836
2.280103 12.825869
2.280240 12.839018
2.280375 12.851289
2.280475 12.862908
2.280606 12.875478
2.280702 12.886620
2.280780 12.899607
2.280861 12.911628
2.280924 12.923410
2.280981 12.935858
2.281034 12.947845
2.281066 12.960486
2.281087 12.973003
2.281097 12.984902
2.281102 12.997290
2.281093 13.009409
2.281093 13.021469
2.281076 13.033530
2.281040 13.043344
2.281023 13.056723
2.281011 13.069769
2.281003 13.081058
2.281005 13.094472
2.281011 13.105883
2.281032 13.118873
2.281053 13.129568
2.281096 13.142575
2.281145 13.153821
2.281213 13.166561
2.281279 13.178140
2.281336 13.190440
2.281430 13.202415
2.281553 13.215548
2.281636 13.227154
2.281752 13.239758
2.281861 13.251647
2.282014 13.264612
2.282150 13.276842
2.282247 13.285474
2.282437 13.300861
2.282597 13.313392
2.282742 13.325373
2.282877 13.336883
2.282988 13.350217
2.283132 13.361123
2.283257 13.374552
2.283330 13.383171
2.283446 13.398162
2.283526 13.410089
2.283601 13.423251
2.283649 13.434694
2.283686 13.446513
2.283719 13.459711
2.283740 13.471386
2.283746 13.484015
2.283744 13.496167
2.283721 13.507580
2.283693 13.519974
2.283676 13.532982
2.283639 13.544729
2.283619 13.556767
2.283561 13.568211
2.283542 13.580978
2.283469 13.593288
2.283467 13.602763
2.283437 13.617014
2.283436 13.629716
2.283413 13.640863
2.283416 13.653766
2.283467 13.664968
2.283484 13.676813
2.283512 13.689229
2.283564 13.702275
2.283643 13.714638
2.283685 13.726408
2.283773 13.738958
2.283868 13.750423
2.284001 13.763355
2.284075 13.772217
2.284223 13.787172
2.284356 13.797599
2.284494 13.811358
2.284622 13.824099
2.284731 13.836096
2.284868 13.849204
2.284967 13.860509
2.285088 13.873488
2.285151 13.885275
2.285229 13.896619
2.285289 13.909464
2.285337 13.921503
2.285379 13.933877
2.285415 13.946723
2.285414 13.957930
2.285382 13.970705
2.285403 13.978966
2.285365 13.993661
2.285322 14.006261
2.285265 14.018158
2.285227 14.031153
2.285166 14.042500
2.285117 14.055623
2.285085 14.067031
2.285032 14.079182
2.284971 14.091413
2.284931 14.103518
2.284897 14.115910
2.284849 14.128262
2.284831 14.140265
2.284836 14.152480
2.284827 14.163632
2.284860 14.176457
2.284909 14.187989
2.284988 14.200698
2.285058 14.213186
2.285112 14.223289
2.285248 14.236944
2.285363 14.249999
2.285463 14.262202
2.285600 14.274489
2.285732 14.285708
2.285878 14.298930
2.285985 14.310302
2.286128 14.322320
2.286265 14.334706
2.286371 14.346599
2.286494 14.359529
2.286580 14.371599
2.286714 14.384087
2.286791 14.396683
2.286863 14.407796
2.286909 14.420160
2.286954 14.429619
2.287008 14.445389
2.287034 14.456883
2.287047 14.469140
2.287050 14.481663
2.287053 14.493749
2.287050 14.504905
2.287036 14.518010
2.287030 14.530254
2.287019 14.542015
2.287010 14.554503
2.286992 14.566115
2.286992 14.577972
2.286987 14.589711
2.286982 14.601841
2.287010 14.614320
2.287047 14.626060
2.287077 14.639201
2.287142 14.650599
2.287202 14.661323
2.287318 14.674802
2.287416 14.688108
2.287539 14.699308
2.287686 14.712622
2.287803 14.722253
2.287967 14.736082
2.288145 14.748318
2.288328 14.758399
2.288549 14.773005
2.288753 14.786125
2.288980 14.797724
2.289199 14.809529
2.289344 14.819630
2.289637 14.835118
2.289848 14.847203
2.290073 14.858788
2.290270 14.871506
2.290475 14.883989
2.290723 14.896263
2.290992 14.908354
2.291266 14.920371
2.291553 14.933084
2.291896 14.944550
2.292165 14.954399
2.292769 14.969935
2.293124 14.981839
2.293674 14.993928
2.294434 15.005843
2.295026 15.019398
2.295576 15.031873
2.296119 15.041836
2.297060 15.056328
2.298049 15.068631
2.299226 15.081473
2.300437 15.093845
2.301826 15.106497
2.303455 15.119761
2.305059 15.132673
2.305877 15.144328
2.306918 15.157208
2.307721 15.169452
2.308358 15.180274
2.309119 15.194385
2.309809 15.207215
2.310589 15.219457
2.311309 15.231901
2.312139 15.244205
2.312752 15.257036
2.313558 15.270993
2.314181 15.282754
2.314926 15.295151
2.315635 15.307511
2.316426 15.321183
2.317028 15.332191
2.317652 15.344867
2.318352 15.357859
2.318954 15.369930
2.319525 15.382548
2.320102 15.395855
2.320624 15.408220
2.321066 15.419698
2.321468 15.429580
2.321972 15.444436
2.322350 15.456149
2.322625 15.466796
2.322833 15.482289
2.323053 15.494211
2.323114 15.505391
2.323123 15.518865
2.323170 15.531032
2.323273 15.542517
2.323355 15.552556
2.323392 15.566253
2.323435 15.579121
2.323465 15.591328
2.323503 15.603948
2.323527 15.616168
2.323547 15.627456
2.323496 15.639009
2.323508 15.652123
2.323496 15.664235
2.323540 15.676321
2.323593 15.688699
2.323634 15.701249
2.323673 15.712292
2.323711 15.724426
2.323783 15.736902
2.323833 15.749252
2.323897 15.762055
2.323990 15.774364
2.324052 15.785718
2.324143 15.794883
2.324225 15.810615
2.324312 15.822520
2.324392 15.835276
2.324423 15.844470
2.324171 15.859921
2.323756 15.871919
2.323611 15.883153
2.323254 15.895319
2.322809 15.907900
2.322493 15.919472
2.322062 15.931086
2.321336 15.942998
2.320613 15.955317
2.320014 15.966465
2.319017 15.979300
2.318292 15.990417
2.317553 16.002563
2.316825 16.013855
2.315980 16.025635
2.315175 16.037975
2.314206 16.049084
2.313173 16.061493
2.312159 16.072899
2.311263 16.084408
2.310282 16.096844
2.309469 16.107452
2.308490 16.119883
2.307557 16.131596
2.306650 16.143553
2.305728 16.155174
2.304858 16.166344
2.303919 16.178659
2.303066 16.190248
2.302336 16.198969
2.301309 16.212711
2.301078 16.215576
2.301065 16.215567
2.301046 16.215549
2.301029 16.215536
2.301015 16.215525
2.300995 16.215508
2.300980 16.215494
2.300963 16.215481
2.300947 16.215467
2.300929 16.215452
2.300913 16.215439
2.300895 16.215424
2.300883 16.215412
2.300863 16.215397
2.300847 16.215384
2.300828 16.215366
2.300813 16.215355
2.300799 16.215343
2.300779 16.215326
2.300762 16.215313
2.300746 16.215298
2.300730 16.215284
2.300712 16.215269
2.300695 16.215256
2.300679 16.215242
2.300662 16.215227
2.300645 16.215214
2.300628 16.215199
2.300612 16.215185
2.300597 16.215174
2.300579 16.215158
2.300563 16.215145
2.300545 16.215130
2.300530 16.215117
2.300512 16.215101
2.300497 16.215088
2.300478 16.215073
2.300464 16.215061
2.300447 16.215048
2.300430 16.215033
2.300414 16.215019
2.300397 16.215006
2.300379 16.214991
2.300363 16.214977
2.300346 16.214962
2.300328 16.214947
2.300314 16.214935
2.300295 16.214920
2.300280 16.214907
2.300263 16.214893
2.299546 16.223433
2.298594 16.235497
2.297738 16.246822
2.296840 16.258581
2.296000 16.269629
2.295122 16.281523
2.294332 16.291744
2.293524 16.302292
2.292706 16.312813
2.291897 16.323120
2.291135 16.332924
2.290546 16.340464
2.289691 16.350931
2.288888 16.360701
2.288287 16.367907
2.287432 16.377991
2.286768 16.385921
2.286080 16.394100
2.285338 16.402594
2.284680 16.410254
2.283952 16.418308
2.283262 16.425783
2.282480 16.434206
2.281824 16.441158
2.281173 16.448017
2.280669 16.453253
2.279927 16.460997
2.279209 16.468300
2.278558 16.474947
2.277922 16.481306
2.277384 16.486717
2.276850 16.491739
2.276328 16.497330
2.275700 16.503174
2.275260 16.507563
2.275260 16.507565
2.275260 16.507565
2.275260 16.507565
2.275259 16.507565
2.275259 16.507565
2.275259 16.507565
2.275259 16.507565
2.275259 16.507565
2.275259 16.507565
2.275259 16.507565
2.275259 16.507565
2.275259 16.507565
2.275258 16.507565
2.275259 16.507565
2.275258 16.507565
2.275258 16.507565
2.275258 16.507565
2.275258 16.507565
2.275258 16.507565
2.275258 16.507565
2.275258 16.507565
2.275258 16.507565
2.275258 16.507565
2.275258 16.507565
2.275257 16.507565
2.275257 16.507565
2.275257 16.507565
2.275257 16.507565
2.275258 16.507565
2.275258 16.507565
2.275257 16.507565
2.275257 16.507565
2.275257 16.507565
2.275257 16.507565
2.275257 16.507565
2.275257 16.507565
2.275257 16.507565
2.275257 16.507565
2.275257 16.507565
2.275257 16.507565
2.275257 16.507565
2.275256 16.507565
2.275257 16.507565
2.275256 16.507565
2.275256 16.507565
2.275256 16.507565
2.275256 16.507565
2.275257 16.507563
2.275255 16.507563
2.275255 16.507563
2.275255 16.507563
2.275255 16.507563
2.275255 16.507563
2.275257 16.507565
2.275255 16.507565
2.274286 16.516718
2.273082 16.528513
2.271850 16.539982
2.270715 16.550621
2.269448 16.562960
2.268209 16.574474
2.267113 16.584921
2.266026 16.595497
2.265027 16.604954
2.263885 16.616112
2.262785 16.626717
2.261932 16.635303
2.261144 16.642868
2.260026 16.654253
2.259113 16.663309
2.258408 16.670256
2.257525 16.679575
2.256574 16.689049
2.255815 16.697186
2.254997 16.705271
2.254250 16.713411
2.253549 16.720711
2.252809 16.728548
