25.250000 16.500366
25.250000 16.500366
25.250000 16.500366
25.250000 16.500366
25.250000 16.500366
25.250000 16.500366
25.250000 16.500366
25.250000 16.500366
25.250000 16.500366
25.250000 16.500366
25.250002 16.500366
25.250002 16.500366
25.250002 16.500366
25.250002 16.500366
25.250002 16.500366
25.250002 16.500366
25.250002 16.500366
25.250002 16.500366
25.250002 16.500366
25.250002 16.500366
25.250002 16.500366
25.250002 16.500366
25.250002 16.500366
25.250002 16.500366
25.250002 16.500366
25.250002 16.500366
25.250002 16.500366
25.250002 16.500366
25.250002 16.500366
25.250002 16.500366
25.250002 16.500366
25.250002 16.500366
25.250002 16.500366
25.250002 16.500366
25.250002 16.500366
25.250002 16.500366
25.250002 16.500366
25.250002 16.500366
25.250002 16.500366
25.250002 16.500366
25.250002 16.500366
25.250002 16.500366
25.248636 16.500158
25.235800 16.500263
25.219137 16.495712
25.200649 16.488625
25.179918 16.481834
25.159824 16.476551
25.136868 16.470642
25.115555 16.464951
25.091366 16.458323
25.068766 16.451843
25.046307 16.446474
25.022745 16.441521
25.001659 16.437069
24.977285 16.432474
24.960110 16.429558
24.934526 16.425087
24.911114 16.421074
24.890076 16.417267
24.867987 16.411785
24.846226 16.405354
24.826517 16.399242
24.805750 16.392700
24.784189 16.385925
24.762161 16.379614
24.746317 16.375427
24.717970 16.368015
24.696091 16.362490
24.675159 16.356928
24.651798 16.350761
24.629110 16.344839
24.607731 16.339108
24.586153 16.333406
24.563837 16.327276
24.541700 16.321402
24.518118 16.315844
24.495979 16.311075
24.474121 16.306543
24.450165 16.301666
24.428476 16.297386
24.407099 16.293266
24.383402 16.288925
24.361692 16.284885
24.338793 16.280943
24.316238 16.276957
24.295452 16.273390
24.270254 16.268944
24.249758 16.265305
24.226593 16.261311
24.203726 16.257273
24.180691 16.253292
24.162163 16.250099
24.133875 16.245140
24.110561 16.241211
24.086590 16.237286
24.063841 16.233572
24.045580 16.230639
24.019104 16.226501
23.994461 16.222723
23.972822 16.219475
23.948200 16.215803
23.927719 16.212797
23.903149 16.209211
23.879715 16.205858
23.858009 16.202751
23.835598 16.199472
23.812643 16.196306
23.789700 16.193352
23.766447 16.190475
23.741655 16.187510
23.718645 16.184952
23.695953 16.182344
23.673922 16.179878
23.649500 16.177126
23.625465 16.174353
23.601425 16.171667
23.579187 16.169300
23.555639 16.166824
23.531462 16.164612
23.508400 16.162525
23.486591 16.160707
23.461927 16.158894
23.437590 16.157249
23.414227 16.155821
23.392384 16.154402
23.371307 16.153135
23.344643 16.151634
23.320343 16.150175
23.296986 16.148792
23.273138 16.147358
23.250725 16.146036
23.225594 16.144545
23.202236 16.143265
23.179747 16.141943
23.156771 16.140575
23.138084 16.139585
23.110296 16.138025
23.085566 16.136724
23.062439 16.135590
23.038509 16.134533
23.019154 16.133745
22.990707 16.132677
22.974123 16.132122
22.948042 16.131216
22.920723 16.130426
22.898350 16.129757
22.874132 16.129101
22.850199 16.128458
22.825382 16.127903
22.801390 16.127304
22.778271 16.126675
22.755903 16.125971
22.731552 16.125326
22.707603 16.124670
22.683430 16.123997
22.661140 16.123371
22.639030 16.122749
22.619091 16.122206
22.590418 16.121496
22.566687 16.120975
22.544106 16.120567
22.521017 16.120119
22.497206 16.119730
22.473585 16.119368
22.454674 16.119093
22.429384 16.118816
22.401382 16.118467
22.378326 16.118231
22.355478 16.117952
22.331421 16.117750
22.305983 16.117432
22.283895 16.117189
22.258686 16.116787
22.241339 16.116510
22.212818 16.116009
22.188095 16.115580
22.164938 16.115135
22.142056 16.114691
22.116407 16.114218
22.093130 16.113813
22.069145 16.113426
22.046310 16.113115
22.027933 16.112896
21.998911 16.112637
21.976217 16.112486
21.951355 16.112396
21.928577 16.112354
21.903624 16.112335
21.881495 16.112324
21.856062 16.112326
21.832079 16.112350
21.808287 16.112305
21.784794 16.112274
21.761818 16.112085
21.739672 16.111853
21.714705 16.111599
21.690596 16.111147
21.667601 16.111597
21.646456 16.111454
21.621084 16.111408
21.599031 16.109999
21.576218 16.108410
21.553537 16.106209
21.528896 16.103392
21.511610 16.101374
21.481810 16.097744
21.458342 16.094898
21.435381 16.092222
21.412277 16.089499
21.390604 16.086876
21.368679 16.084028
21.343702 16.080732
21.320929 16.077755
21.297647 16.074684
21.275368 16.071838
21.251402 16.068665
21.230423 16.065798
21.207277 16.062805
21.181690 16.059410
21.159117 16.056410
21.135361 16.053236
21.112095 16.050154
21.090218 16.047220
21.065716 16.043846
21.042171 16.040516
21.020868 16.037601
20.997084 16.034325
20.978865 16.031364
20.951719 16.026775
20.926674 16.022736
20.904408 16.019241
20.880611 16.015545
20.857254 16.011820
20.834154 16.008150
20.811153 16.004419
20.788609 16.000675
20.765818 15.996849
20.742783 15.992857
20.719048 15.988641
20.696409 15.984578
20.673473 15.980423
20.650873 15.976297
20.628086 15.972054
20.604710 15.967659
20.581999 15.963341
20.563911 15.959792
20.534687 15.954101
20.512924 15.949941
20.493069 15.946123
20.465775 15.940974
20.443300 15.936770
20.421719 15.932813
20.399689 15.928823
20.375423 15.924430
20.353876 15.920482
20.330896 15.916224
20.307945 15.911906
20.285641 15.907666
20.261017 15.902975
20.239309 15.898803
20.221909 15.895427
20.192356 15.889623
20.173977 15.885960
20.146868 15.880481
20.123915 15.875839
20.101622 15.871326
20.078922 15.866688
20.056435 15.862158
20.031771 15.857161
20.009954 15.852781
19.986500 15.848011
19.963812 15.843389
19.942356 15.839068
19.920906 15.834584
19.896341 15.829483
19.875519 15.825086
19.853724 15.820473
19.831011 15.815617
19.808990 15.810788
19.785778 15.805656
19.761473 15.800163
19.740662 15.795465
19.718098 15.790255
19.694216 15.785019
19.671341 15.779703
19.648609 15.774039
19.625866 15.768323
19.605202 15.763142
19.581446 15.757219
19.558426 15.751444
19.535360 15.745698
19.512625 15.740027
19.492231 15.734981
19.470806 15.729669
19.447603 15.723924
19.424376 15.718207
19.402168 15.712646
19.384598 15.708227
19.358629 15.701646
19.338144 15.696454
19.316320 15.690870
19.292000 15.684613
19.274879 15.680201
19.248709 15.673491
19.225876 15.667549
19.202751 15.661571
19.181635 15.656143
19.159115 15.650324
19.136179 15.644360
19.113501 15.638578
19.091501 15.633031
19.068222 15.627270
19.045874 15.621763
19.029781 15.617835
19.000841 15.610765
18.979015 15.605497
18.957319 15.600301
18.936172 15.595317
18.912502 15.589795
18.890249 15.584558
18.869823 15.579906
18.847441 15.574800
18.824224 15.569521
18.801294 15.564265
18.780609 15.559481
18.755884 15.553813
18.734177 15.548894
18.712244 15.543961
18.687777 15.538505
18.665604 15.533523
18.642967 15.528663
18.619501 15.523656
18.598875 15.519309
18.576279 15.514749
18.553267 15.510154
18.529232 15.505475
18.507185 15.501406
18.484758 15.497254
18.462963 15.493449
18.438522 15.489261
18.416262 15.485505
18.393785 15.481879
18.369537 15.477926
18.346304 15.474319
18.324606 15.470813
18.301027 15.467243
18.279821 15.463911
18.256838 15.460267
18.231892 15.456420
18.209675 15.453068
18.186811 15.449721
18.162680 15.446204
18.140593 15.443140
18.118372 15.440105
18.093622 15.436777
18.072598 15.434118
18.048233 15.431175
18.024521 15.428391
18.001120 15.425735
17.978832 15.423290
17.954081 15.420718
17.936832 15.418994
17.909096 15.416177
17.884605 15.413763
17.862118 15.411452
17.836843 15.409025
17.814489 15.406929
17.790030 15.404605
17.768175 15.402407
17.743662 15.400018
17.719482 15.397669
17.697294 15.395605
17.673264 15.393364
17.649778 15.391251
17.627218 15.389277
17.603477 15.387219
17.578657 15.385218
17.562017 15.383905
17.536926 15.382024
17.513885 15.380405
17.487778 15.378639
17.462925 15.377002
17.438772 15.375502
17.415766 15.374065
17.391617 15.372643
17.367355 15.371200
17.344931 15.369854
17.322332 15.368566
17.297749 15.367164
17.275099 15.365775
17.251917 15.364317
17.226395 15.362718
17.204792 15.361421
17.181705 15.360007
17.161041 15.358810
17.133493 15.357181
17.110708 15.355954
17.086967 15.354685
17.063915 15.353564
17.040356 15.352472
17.015099 15.351347
16.991879 15.350410
16.969830 15.349493
16.944689 15.348573
16.920231 15.347631
16.896240 15.346826
16.874454 15.346034
16.849281 15.345115
16.825331 15.344199
16.803280 15.343321
16.782589 15.342562
16.756712 15.341505
16.732464 15.340511
16.709221 15.339536
16.684639 15.338506
16.661917 15.337547
16.638020 15.336571
16.615276 15.335693
16.591579 15.334777
16.566460 15.333944
16.544827 15.333283
16.519814 15.332582
16.496391 15.331980
16.474096 15.331432
16.449404 15.330898
16.425560 15.330356
16.401083 15.329874
16.383709 15.329516
16.353790 15.328911
16.330399 15.328496
16.306282 15.327964
16.284260 15.327415
16.259291 15.326760
16.236761 15.326159
16.212259 15.325472
16.189440 15.324909
16.165432 15.324301
16.142784 15.323728
16.119566 15.323170
16.095564 15.322611
16.073324 15.322163
16.050795 15.321724
16.026491 15.321324
16.001245 15.320955
15.977353 15.320683
15.955275 15.320455
15.931475 15.320207
15.908413 15.320009
15.882736 15.319751
15.858965 15.319524
15.835428 15.319258
15.811765 15.318947
15.788116 15.318636
15.764772 15.318265
15.746160 15.317974
15.717679 15.317495
15.697721 15.317153
15.669791 15.316698
15.647980 15.316278
15.625214 15.315908
15.601268 15.315568
15.576555 15.315230
15.552951 15.314981
15.530499 15.314736
15.507045 15.314551
15.482344 15.314367
15.458785 15.314229
15.434246 15.314160
15.410587 15.314062
15.386956 15.313979
15.362148 15.313850
15.338118 15.313738
15.315076 15.313589
15.293305 15.313425
15.267596 15.313204
15.243827 15.312901
15.221722 15.312657
15.198496 15.312384
15.175821 15.312109
15.157132 15.311896
15.128340 15.311660
15.109101 15.311556
15.080469 15.311488
15.057229 15.311518
15.032982 15.311593
15.009552 15.311804
14.985587 15.311996
14.962976 15.312282
14.939664 15.312607
14.914382 15.312937
14.891472 15.313265
14.868841 15.313536
14.844347 15.313877
14.819171 15.314129
14.795734 15.314331
14.777084 15.314481
14.748394 15.314633
14.726600 15.314770
14.700933 15.314867
14.682964 15.314958
14.655884 15.315126
14.632534 15.315246
14.609166 15.315403
14.585037 15.315559
14.562944 15.315775
14.538196 15.316070
14.515502 15.316336
14.490376 15.316716
14.468044 15.317047
14.442120 15.317443
14.418494 15.317804
14.396496 15.318146
14.370932 15.318538
14.348776 15.318801
14.324020 15.319116
14.300055 15.319356
14.280434 15.319532
14.253576 15.319777
14.234536 15.319880
14.205204 15.320049
14.182736 15.320116
14.159393 15.320209
14.136048 15.320313
14.112715 15.320374
14.090014 15.320518
14.065851 15.320667
14.042583 15.320870
14.019412 15.321090
13.999259 15.321300
13.970770 15.321693
13.948614 15.321947
13.924742 15.322294
13.898482 15.322654
13.877249 15.322937
13.850810 15.323291
13.828463 15.323553
13.803834 15.323860
13.780442 15.324074
13.757606 15.324293
13.734362 15.324522
13.709540 15.324676
13.688031 15.324848
13.665393 15.325052
13.639578 15.325256
13.616080 15.325546
13.592914 15.326077
13.569496 15.326648
13.546309 15.327369
13.524328 15.328238
13.500067 15.329738
13.477110 15.331197
13.451281 15.332794
13.427052 15.334478
13.404040 15.336096
13.381330 15.337969
13.355678 15.340549
13.331946 15.342721
13.307876 15.344911
13.285110 15.347190
13.261487 15.349575
13.239386 15.352324
13.217402 15.354508
13.195651 15.357001
13.173083 15.359643
13.148745 15.362627
13.127458 15.365356
13.104514 15.368579
13.081559 15.371706
13.059237 15.374759
13.036320 15.378020
13.011644 15.381461
12.989463 15.384831
12.966252 15.388352
12.942198 15.392214
12.919055 15.395881
12.895223 15.399828
12.872479 15.403709
12.848697 15.407947
12.826283 15.412052
12.802655 15.416555
12.779697 15.421008
12.756579 15.425553
12.732499 15.430293
12.709969 15.434826
12.687228 15.439420
12.664710 15.444000
12.648673 15.447658
12.620857 15.453874
12.597320 15.458959
12.576549 15.463528
12.554381 15.468574
12.531282 15.473742
12.507359 15.478246
12.484358 15.482413
12.462864 15.486665
12.439122 15.492500
12.415343 15.497653
12.391272 15.502719
12.368039 15.507558
12.344367 15.512739
12.321153 15.517936
12.298697 15.523162
12.275911 15.528585
12.254836 15.533562
12.231500 15.539128
12.209805 15.544124
12.187689 15.549273
12.165869 15.554438
12.143413 15.559658
12.120652 15.564953
12.099380 15.569882
12.077113 15.575016
12.054540 15.580288
12.031770 15.585559
12.009050 15.590845
11.986943 15.596005
11.963896 15.601463
11.940774 15.606998
11.918046 15.612483
11.894069 15.618465
11.872773 15.622762
11.849584 15.627285
11.828553 15.632342
11.807787 15.637478
11.784835 15.644411
11.764192 15.652225
11.742773 15.661106
11.722149 15.670418
11.701506 15.679901
11.681739 15.689210
11.660252 15.699672
11.640515 15.709685
11.619750 15.720115
11.600455 15.729989
11.581935 15.739415
11.562013 15.749678
11.543816 15.759261
11.528717 15.767308
11.504152 15.780732
11.485353 15.791240
11.466728 15.802101
11.449427 15.812142
11.429675 15.823787
11.412134 15.834288
11.393385 15.845675
11.375805 15.856530
11.359177 15.866947
11.341000 15.878434
11.323358 15.889831
11.306647 15.900729
11.288473 15.912536
11.271583 15.922528
11.255254 15.931844
11.238211 15.941186
11.218699 15.950835
11.200699 15.959564
11.186224 15.966020
11.163623 15.975811
11.144490 15.983420
11.124289 15.991340
11.101742 15.998425
11.080174 16.004225
11.058620 16.009462
11.036363 16.014261
11.014971 16.018288
10.989336 16.022327
10.967049 16.025223
10.941409 16.028570
10.919071 16.031824
10.893263 16.035259
10.869291 16.038555
10.845770 16.042330
10.822735 16.046097
10.800546 16.048429
10.776149 16.049179
10.754161 16.049154
10.730392 16.048700
10.706631 16.046726
10.683554 16.043467
10.659244 16.039268
10.637568 16.035587
10.614412 16.031769
10.590389 16.027786
10.566950 16.023838
10.544871 16.020020
10.522062 16.016136
10.497027 16.011892
10.475388 16.008287
10.453044 16.004454
10.430253 16.000559
10.407260 15.996576
10.383618 15.992326
10.361659 15.988361
10.339821 15.984100
10.316924 15.979669
10.297471 15.976038
10.273977 15.971325
10.252406 15.967026
10.229674 15.962539
10.206871 15.958079
10.189179 15.954680
10.161909 15.949533
10.139595 15.945355
10.116874 15.941230
10.092669 15.937006
10.071887 15.933435
10.047723 15.929338
10.024036 15.925366
10.002632 15.921776
9.978456 15.917857
9.956533 15.914281
9.932558 15.910493
9.911702 15.907242
9.887506 15.903456
9.864877 15.899855
9.841345 15.896074
9.818350 15.892441
9.797898 15.889197
9.775091 15.885682
9.755804 15.882746
9.735035 15.879641
9.715899 15.876849
9.692714 15.873493
9.674490 15.870893
9.654251 15.868106
9.633855 15.865340
9.613988 15.862738
9.593560 15.860126
9.572717 15.857475
9.552439 15.854935
9.535535 15.852834
9.517315 15.850571
9.498444 15.848353
9.476729 15.846012
9.455874 15.843687
9.434501 15.841269
9.409683 15.838582
9.388789 15.836410
9.364251 15.833769
9.341972 15.831236
9.318538 15.828740
9.296885 15.826471
9.273527 15.823985
9.249435 15.821526
9.226566 15.819270
9.202130 15.816972
9.178360 15.814814
9.154943 15.812758
9.132986 15.810933
9.109856 15.809115
9.086449 15.807325
9.062698 15.805517
9.037822 15.803663
9.013848 15.801953
8.990557 15.800313
8.968928 15.798698
8.944448 15.796916
8.920558 15.795132
8.897399 15.793436
8.873275 15.791659
8.850569 15.789922
8.826463 15.788051
8.803307 15.786242
8.781306 15.784569
8.757870 15.782800
8.733964 15.781059
8.711243 15.779427
8.686924 15.777741
8.663957 15.776267
8.639784 15.774762
8.616451 15.773396
8.592123 15.771973
8.570630 15.770774
8.545290 15.769403
8.521857 15.768085
8.502215 15.767050
8.474045 15.765478
8.451300 15.764193
8.426982 15.762808
8.404486 15.761574
8.379064 15.760147
8.358174 15.758919
8.332426 15.757384
8.310422 15.756040
8.286149 15.754600
8.263743 15.753297
8.240887 15.752050
8.216348 15.750752
8.194282 15.749635
8.168354 15.748465
8.144992 15.747438
8.121556 15.746519
8.099043 15.745655
8.073885 15.744768
8.052026 15.744028
8.027353 15.743254
8.004524 15.742633
7.978606 15.741928
7.955438 15.741213
7.931561 15.740482
7.909300 15.739855
7.884422 15.739117
7.860140 15.738336
7.837296 15.737543
7.815257 15.736810
7.789955 15.735911
7.766772 15.735107
7.744535 15.734397
7.720186 15.733646
7.696718 15.732997
7.672981 15.732368
7.649879 15.731836
7.625784 15.731359
7.603306 15.730913
7.578350 15.730520
7.555704 15.730138
7.531571 15.729791
7.507046 15.729425
7.484093 15.729036
7.459491 15.728642
7.434497 15.728194
7.412196 15.727766
7.387361 15.727270
7.365428 15.726788
7.341204 15.726235
7.317486 15.725671
7.295229 15.725096
7.270152 15.724326
7.247306 15.723439
7.224194 15.722553
7.200698 15.721418
7.177596 15.719961
7.154673 15.718293
7.130246 15.716741
7.105709 15.715020
7.081767 15.712931
7.059566 15.711006
7.036268 15.709367
7.011575 15.707223
6.988349 15.704983
6.964888 15.702298
6.942124 15.699461
6.918005 15.696377
6.894980 15.693368
6.871237 15.690260
6.849404 15.687212
6.825596 15.683130
6.802989 15.679308
6.780679 15.675284
6.757441 15.670846
6.732953 15.665846
6.709785 15.661086
6.687523 15.656181
6.665149 15.651433
6.641725 15.646547
6.618985 15.641244
6.596684 15.635847
6.574276 15.630590
6.552164 15.625389
6.529206 15.619958
6.506760 15.614543
6.484695 15.609324
6.461207 15.603558
6.440529 15.598171
6.416908 15.591413
6.395274 15.584447
6.372717 15.576708
6.350564 15.569177
6.328082 15.561045
6.307014 15.553350
6.285648 15.545215
6.263873 15.536992
6.240285 15.528152
6.219497 15.520362
6.197849 15.512167
6.177904 15.504600
6.156167 15.496219
6.135528 15.488268
6.114797 15.480292
6.094771 15.472420
6.073574 15.464016
6.051816 15.455295
6.032782 15.447631
6.012650 15.439416
5.992460 15.431119
5.972692 15.422729
5.952184 15.414072
5.931721 15.405201
5.911221 15.396156
5.890285 15.386940
5.868967 15.377504
5.848918 15.368555
5.828566 15.359354
5.808955 15.350490
5.788094 15.340974
5.767687 15.331642
5.747874 15.322548
5.727404 15.313051
5.706833 15.303392
5.685785 15.293377
5.667580 15.284662
5.648249 15.275301
5.628788 15.265853
5.609812 15.256550
5.589733 15.246672
5.571908 15.237885
5.552377 15.228131
5.534173 15.219006
5.514635 15.209200
5.495024 15.199291
5.476464 15.189943
5.457473 15.180357
5.438431 15.170703
5.418445 15.160468
5.399807 15.150975
5.380946 15.141240
5.362122 15.131525
5.341469 15.120832
5.322023 15.110752
5.303700 15.101142
5.283824 15.090695
5.264662 15.080535
5.245555 15.070382
5.231352 15.062852
5.208378 15.050556
5.189529 15.040436
5.172918 15.031516
5.152893 15.020770
5.134892 15.011063
5.116746 15.001198
5.098514 14.991309
5.081240 14.981961
5.062384 14.971741
5.043040 14.961279
5.024007 14.951005
5.004593 14.940515
4.986284 14.930614
4.967763 14.920568
4.949198 14.910110
4.929457 14.899579
4.911098 14.889080
4.892065 14.877442
4.880438 14.870522
4.873291 14.865820
4.860381 14.857344
4.850207 14.850681
4.836649 14.841603
4.822121 14.831854
4.807231 14.821276
4.794837 14.812222
4.775834 14.797873
4.760650 14.786061
4.752764 14.780066
4.747188 14.775460
4.740582 14.769946
4.727634 14.758932
4.716519 14.749606
4.704933 14.740081
4.692214 14.729867
4.680002 14.720214
4.664788 14.708736
4.649208 14.698056
4.634537 14.688093
4.619319 14.678078
4.602006 14.667830
4.589873 14.660499
4.580455 14.655302
4.570515 14.649013
4.561028 14.642742
4.551547 14.636796
4.537831 14.627393
4.528615 14.621208
4.513836 14.611551
4.496568 14.601064
4.479379 14.590873
4.462393 14.580824
4.444626 14.571072
4.425497 14.560810
4.406200 14.551532
4.387524 14.542706
4.368010 14.533895
4.348089 14.525926
4.327332 14.517727
4.308200 14.510665
4.287430 14.503034
4.265171 14.495354
4.242749 14.488763
4.221752 14.483336
4.198233 14.477606
4.190320 14.473999
4.191277 14.473999
4.191885 14.474209
4.191802 14.474736
4.191969 14.475257
4.192133 14.475106
4.192636 14.474382
4.192905 14.473433
4.196345 14.468112
4.202027 14.459394
4.207721 14.450068
4.213467 14.440060
4.222201 14.429687
4.236132 14.416973
4.255322 14.403128
4.254960 14.407669
4.247056 14.413276
4.237681 14.419576
4.224559 14.428409
4.210954 14.437614
4.196167 14.447091
4.184121 14.455002
4.165578 14.466585
4.148863 14.476155
4.130977 14.486491
4.112031 14.496522
4.094750 14.505118
4.073932 14.514707
4.054312 14.523090
4.036062 14.530935
4.017972 14.538630
3.997903 14.546628
3.979251 14.553370
3.958510 14.560228
3.937819 14.567166
3.917216 14.573883
3.897595 14.579948
3.877805 14.585757
3.859677 14.590958
3.833275 14.598576
3.812036 14.604605
3.790374 14.610346
3.768783 14.615923
3.745325 14.621764
3.722950 14.627162
3.701760 14.632302
3.681109 14.637079
3.662428 14.641423
3.635178 14.647622
3.613405 14.652351
3.590500 14.657442
3.568607 14.662676
3.547127 14.667830
3.523566 14.673257
3.502930 14.678162
3.481304 14.683305
3.462025 14.687924
3.435999 14.694206
3.412566 14.699880
3.390355 14.705286
3.368701 14.710513
3.343555 14.716543
3.321883 14.721733
3.299082 14.727075
3.276747 14.732302
3.255773 14.737179
3.231453 14.742747
3.208523 14.747914
3.191711 14.751719
3.165497 14.757598
3.158803 14.757898
3.160040 14.757893
3.164103 14.754759
3.169435 14.750443
3.175452 14.744760
3.183819 14.736625
3.189707 14.731824
3.196580 14.725880
3.202830 14.721488
3.215636 14.711935
3.229121 14.703965
3.243910 14.694274
3.260954 14.682927
3.279826 14.670474
3.295917 14.660051
3.313227 14.648330
3.332014 14.634829
3.347510 14.623458
3.364460 14.610413
3.381521 14.596763
3.396713 14.584017
3.408719 14.573693
3.427089 14.557335
3.440578 14.544980
3.454838 14.531358
3.468454 14.518091
3.481459 14.504984
3.494724 14.491101
3.506616 14.478454
3.520005 14.463591
3.531087 14.451240
3.543316 14.437318
3.555712 14.422886
3.567490 14.408482
3.577809 14.395808
3.587435 14.383637
3.597933 14.370205
3.611725 14.352487
3.621840 14.339342
3.631408 14.326621
3.642740 14.311649
3.652069 14.299054
3.662246 14.285093
3.672414 14.270937
3.681918 14.257543
3.689323 14.246753
3.700938 14.229551
3.710051 14.216235
3.718633 14.203503
3.727613 14.190125
3.737009 14.176036
3.746426 14.161769
3.754596 14.148942
3.763945 14.134387
3.772435 14.121159
3.781872 14.106423
3.790732 14.092781
3.799115 14.079599
3.808485 14.064978
3.817503 14.050460
3.824847 14.038948
3.835293 14.022070
3.843727 14.008413
3.852879 13.993474
3.860826 13.980559
3.869954 13.965435
3.878459 13.951494
3.886250 13.938724
3.894804 13.924668
3.903753 13.910044
3.911975 13.896273
3.920012 13.882748
3.928274 13.868465
3.936162 13.855134
3.944403 13.841022
3.952351 13.827624
3.959778 13.814746
3.967451 13.801351
3.975290 13.787234
3.983428 13.773108
3.990873 13.759756
3.999029 13.745340
4.006069 13.732635
4.013840 13.718780
4.022134 13.703713
4.029103 13.691164
4.036774 13.676878
4.044848 13.662147
4.052461 13.648410
4.058395 13.637553
4.067712 13.620339
4.074945 13.607042
4.082285 13.593370
4.090555 13.577983
4.097548 13.564889
4.105350 13.550328
4.112991 13.535876
4.120443 13.521649
4.127625 13.508040
4.134651 13.494482
4.140196 13.483694
4.149138 13.466265
4.155689 13.453197
4.162427 13.439707
4.169202 13.425914
4.176208 13.411799
4.182662 13.398705
4.189854 13.383939
4.196150 13.370788
4.202621 13.357323
4.209106 13.343212
4.215899 13.328800
4.221900 13.316113
4.228714 13.301545
4.234879 13.288176
4.241148 13.275088
4.247606 13.261074
4.254203 13.247010
4.260316 13.233448
4.266821 13.219409
4.272736 13.206346
4.279517 13.191565
4.285651 13.177865
4.291646 13.164565
4.298393 13.149652
4.304150 13.136969
4.310318 13.123154
4.316352 13.109267
4.322608 13.093960
4.328159 13.081115
4.334087 13.067537
4.340370 13.053039
4.346617 13.038831
4.352777 13.025298
4.359301 13.011060
4.365271 12.998096
4.371780 12.984214
4.377151 12.972704
4.384912 12.956142
4.391091 12.943051
4.398248 12.928073
4.404356 12.915367
4.410990 12.901697
4.417642 12.888003
4.424189 12.874470
4.431219 12.859961
4.437957 12.846162
4.444313 12.833153
4.451098 12.819351
4.458047 12.805237
4.463627 12.793878
4.471370 12.778031
4.477297 12.766023
4.485747 12.748924
4.492115 12.736129
4.499120 12.722095
4.506205 12.707906
4.513111 12.694189
4.518892 12.682653
4.527070 12.666368
4.534442 12.651588
4.541030 12.638468
4.548854 12.623038
4.555698 12.609355
4.562478 12.595938
4.570057 12.580738
4.576549 12.567781
4.583650 12.553596
4.590757 12.539411
4.597116 12.526663
4.603400 12.514177
4.609966 12.501443
4.618649 12.484389
4.625984 12.469976
4.632973 12.456369
4.639849 12.442898
4.646898 12.428993
4.653507 12.416186
4.660649 12.402259
4.667652 12.388656
4.675045 12.374201
4.681907 12.360928
4.689157 12.346962
4.696478 12.332894
4.703883 12.318882
4.710762 12.305898
4.718552 12.291330
4.726687 12.276639
4.733982 12.263492
4.741796 12.249321
4.750357 12.234036
4.758471 12.219826
4.766086 12.206502
4.774373 12.192005
4.780451 12.181680
4.790949 12.163774
4.799703 12.149005
4.807930 12.135360
4.816050 12.121955
4.824670 12.107763
4.832751 12.094498
4.840794 12.081256
4.849944 12.066370
4.857511 12.054053
4.866695 12.039151
4.872738 12.029281
4.881719 12.014788
4.892192 11.997955
4.900640 11.984406
4.908431 11.971907
4.918008 11.956573
4.926193 11.943485
4.934809 11.929858
4.943855 11.915457
4.952552 11.901682
4.961488 11.887465
4.969742 11.874432
4.979630 11.858809
4.987782 11.846040
4.995174 11.834432
5.005972 11.817503
5.014578 11.803993
5.023475 11.789997
5.030675 11.778667
5.039978 11.764024
5.050607 11.747410
5.059350 11.733583
5.068056 11.719913
5.076630 11.706324
5.085065 11.693011
5.094326 11.678336
5.102797 11.664896
5.111622 11.650883
5.120222 11.637252
5.128971 11.623331
5.137411 11.609775
5.146283 11.595555
5.153863 11.583403
5.163192 11.568353
5.170796 11.555980
5.180214 11.540733
5.188519 11.527263
5.196682 11.513933
5.203655 11.502622
5.213278 11.486871
5.221834 11.472757
5.231129 11.457582
5.239381 11.444077
5.247802 11.430243
5.256047 11.416698
5.264963 11.401694
5.273160 11.388183
5.281316 11.374411
5.287898 11.363472
5.298171 11.346382
5.307022 11.331678
5.314898 11.318446
5.323566 11.303954
5.331632 11.290380
5.340492 11.275435
5.348643 11.261683
5.356942 11.247595
5.365124 11.233761
5.372673 11.220929
5.379022 11.210080
5.388576 11.193919
5.396911 11.179667
5.404538 11.166458
5.412533 11.152534
5.418652 11.141846
5.428902 11.123972
5.436149 11.111287
5.443745 11.097848
5.452328 11.082977
5.459605 11.070036
5.467760 11.055654
5.475525 11.041922
5.483806 11.027352
5.491737 11.013434
5.499635 10.999356
5.507665 10.985139
5.514817 10.972234
5.523130 10.957314
5.530787 10.943407
5.537459 10.930728
5.544790 10.916839
5.551623 10.904027
5.558816 10.890220
5.565695 10.876922
5.573543 10.861830
5.580809 10.847762
5.587617 10.834675
5.594759 10.820780
5.601496 10.807144
5.608865 10.792079
5.615350 10.778837
5.622063 10.764907
5.628324 10.751647
5.635205 10.737328
5.641389 10.724074
5.647583 10.710867
5.654534 10.695839
5.660754 10.682522
5.667408 10.668082
5.673882 10.654127
5.680052 10.640663
5.686315 10.627072
5.692686 10.612925
5.698800 10.599804
5.703981 10.588353
5.711635 10.571480
5.717699 10.558071
5.723743 10.544683
5.730472 10.529757
5.736476 10.516401
5.742580 10.502859
5.749337 10.487815
5.755416 10.474006
5.761446 10.460365
5.767384 10.446958
5.773510 10.433016
5.779955 10.418367
5.785939 10.404682
5.791519 10.391844
5.797988 10.376847
5.803950 10.362899
5.809454 10.349966
5.815139 10.336562
5.821353 10.321773
5.827080 10.308115
5.832653 10.294753
5.838393 10.281061
5.844301 10.266982
5.850155 10.252929
5.855655 10.239752
5.861423 10.225977
5.867169 10.212265
5.872941 10.198644
5.879324 10.183475
5.885050 10.170118
5.891096 10.156043
5.896634 10.143226
5.902775 10.129022
5.909005 10.114632
5.913574 10.104047
5.920657 10.087646
5.926791 10.073499
5.932638 10.059904
5.938927 10.045392
5.945032 10.031281
5.950313 10.019073
5.956984 10.003563
5.962811 9.989860
5.968246 9.977106
5.974161 9.963145
5.979300 9.950933
5.985744 9.935364
5.991814 9.920864
5.997109 9.907855
6.003120 9.893257
6.008464 9.880202
6.014124 9.865846
6.019642 9.851972
6.025190 9.838084
6.030317 9.824734
6.035929 9.810372
6.040997 9.796824
6.045784 9.784079
6.050709 9.770613
6.055941 9.756383
6.061270 9.741865
6.066197 9.728211
6.070754 9.715740
6.076046 9.701394
6.080882 9.688138
6.086002 9.674279
6.089984 9.663436
6.096093 9.646827
6.100725 9.633810
6.105403 9.620584
6.110388 9.606601
6.114604 9.594322
6.119157 9.580861
6.124007 9.566687
6.128325 9.553621
6.132699 9.539454
6.137085 9.526522
6.141512 9.512243
6.145612 9.498968
6.149516 9.485445
6.152622 9.474773
6.157291 9.459186
6.160625 9.445626
6.164268 9.432096
6.167606 9.419451
6.171076 9.405629
6.174528 9.391536
6.177837 9.378247
6.180942 9.365465
6.184079 9.351141
6.187142 9.338529
6.190100 9.324462
6.192899 9.310987
6.195780 9.297775
6.198364 9.285521
6.201415 9.271201
6.204291 9.258000
6.206435 9.248313
6.209538 9.232318
6.212177 9.219638
6.214663 9.205593
6.217307 9.192236
6.219565 9.180129
6.222221 9.166080
6.224348 9.153615
6.226640 9.140721
6.228768 9.128471
6.231204 9.114854
6.233422 9.101465
6.235281 9.089868
6.237310 9.076233
6.238857 9.063622
6.240658 9.051191
6.242562 9.037553
6.244111 9.025345
6.245600 9.012276
6.247212 8.999112
6.248679 8.986161
6.249893 8.974811
6.251281 8.961596
6.252669 8.948746
6.253879 8.936323
6.255239 8.923742
6.256579 8.910632
6.257800 8.897641
6.259181 8.884495
6.260431 8.871547
6.261414 8.858965
6.262572 8.845710
6.263649 8.833257
6.264727 8.820332
6.265707 8.807969
6.266824 8.795042
6.267782 8.781856
6.268830 8.769258
6.269696 8.757048
6.270719 8.744146
6.271595 8.731739
6.272463 8.719218
6.273357 8.706148
6.274271 8.693959
6.275046 8.681934
6.275879 8.669176
6.276687 8.657483
6.277371 8.645463
6.278075 8.632654
6.278808 8.619553
6.279387 8.607468
6.279998 8.595301
6.280604 8.582898
6.281236 8.570284
6.281707 8.558867
6.282198 8.545985
6.282579 8.533704
6.282861 8.522359
6.283297 8.510063
6.283669 8.497158
6.284050 8.485277
6.284354 8.472796
6.284701 8.461010
6.285062 8.447663
6.285378 8.435374
6.285712 8.423364
6.286066 8.410821
6.286315 8.398684
6.286630 8.386395
6.286948 8.373374
6.287221 8.360638
6.287408 8.348507
6.287666 8.335964
6.287904 8.323872
6.288142 8.312108
6.288352 8.298973
6.288553 8.286857
6.288767 8.274570
6.289011 8.262858
6.289187 8.250669
6.289375 8.238126
6.289563 8.224813
6.289736 8.213123
6.289848 8.203301
6.290000 8.188959
6.290141 8.176722
6.290298 8.164979
6.290406 8.152351
6.290527 8.140041
6.290605 8.128801
6.290712 8.116021
6.290773 8.106693
6.290846 8.091916
6.290894 8.079775
6.290968 8.067606
6.290998 8.056292
6.290998 8.044335
6.291017 8.031286
6.291022 8.019603
6.291033 8.007663
6.291030 7.995454
6.291011 7.983558
6.291015 7.971654
6.291014 7.959679
6.291000 7.946371
6.290976 7.934624
6.290998 7.921797
6.290951 7.909706
6.290945 7.897675
6.290948 7.885786
6.290944 7.872530
6.290922 7.860133
6.290913 7.848647
6.290945 7.836303
6.290940 7.824347
6.290900 7.811782
6.290900 7.799911
6.290898 7.786924
6.290866 7.774112
6.290855 7.762531
6.290841 7.749656
6.290812 7.737600
6.290748 7.726376
6.290691 7.713517
6.290669 7.702005
6.290602 7.689154
6.290527 7.677662
6.290467 7.665731
6.290427 7.654325
6.290319 7.641728
6.290228 7.629181
6.290191 7.618260
6.290112 7.605734
6.290025 7.593717
6.289946 7.581769
6.289883 7.569390
6.289781 7.558256
6.289689 7.545386
6.289612 7.533267
6.289536 7.521453
6.289409 7.509401
6.289326 7.498055
6.289237 7.485951
6.289156 7.473868
6.289050 7.461578
6.288979 7.451993
6.288905 7.437037
6.288788 7.425179
6.288678 7.412223
6.288604 7.401339
6.288520 7.388217
6.288407 7.376360
6.288348 7.364647
6.288264 7.351966
6.288189 7.339657
6.288087 7.326968
6.288043 7.314752
6.287990 7.302885
6.287900 7.290527
6.287837 7.278415
6.287794 7.265929
6.287728 7.253269
6.287620 7.241054
6.287577 7.228836
6.287547 7.220272
6.287426 7.205523
6.287347 7.193747
6.287297 7.181728
6.287218 7.169038
6.287130 7.157546
6.287046 7.145158
6.286982 7.132801
6.286894 7.120987
6.286804 7.109630
6.286697 7.096921
6.286600 7.084809
6.286474 7.073767
6.286397 7.061644
6.286301 7.049148
6.286221 7.037070
6.286109 7.025198
6.286006 7.012945
6.285918 7.001088
6.285819 6.991431
6.285700 6.976760
6.285615 6.965275
6.285557 6.953349
6.285401 6.940553
6.285326 6.928843
6.285249 6.916716
6.285162 6.904183
6.285035 6.892346
6.284963 6.880765
6.284898 6.868286
6.284815 6.856374
6.284739 6.843289
6.284661 6.831920
6.284577 6.818755
6.284449 6.807168
6.284369 6.794983
6.284276 6.782212
6.284166 6.770431
6.284069 6.757819
6.283984 6.746303
6.283907 6.734221
6.283785 6.721365
6.283693 6.709795
6.283600 6.697736
6.283478 6.685400
6.283349 6.673553
6.283256 6.661699
6.283145 6.649721
6.282981 6.637263
6.282869 6.626070
6.282753 6.614037
6.282613 6.601504
6.282463 6.589561
6.282358 6.577463
6.282245 6.566315
6.282100 6.554184
6.281965 6.542130
6.281837 6.530547
6.281696 6.517937
6.281544 6.506120
6.281429 6.494566
6.281310 6.482150
6.281161 6.469652
6.281035 6.458525
6.280900 6.445836
6.280812 6.433849
6.280678 6.421879
6.280569 6.409393
6.280452 6.396651
6.280369 6.384684
6.280247 6.372956
6.280159 6.360125
6.280072 6.347874
6.279957 6.335743
6.279878 6.324028
6.279800 6.310940
6.279731 6.298842
6.279611 6.286515
6.279560 6.274549
6.279495 6.262116
6.279399 6.250169
6.279315 6.238225
6.279223 6.226153
6.279151 6.213675
6.279021 6.201762
6.278942 6.189683
6.278852 6.178457
6.278762 6.165766
6.278644 6.154375
6.278571 6.142453
6.278482 6.129882
6.278392 6.117984
6.278290 6.105977
6.278206 6.094250
6.278118 6.082465
6.277985 6.070610
6.277885 6.057994
6.277779 6.046239
6.277682 6.034830
6.277567 6.022066
6.277495 6.010597
6.277409 5.998048
6.277325 5.986492
6.277240 5.974588
6.277164 5.961574
6.277088 5.949609
6.276995 5.937831
6.276923 5.925503
6.276884 5.913453
6.276796 5.901433
6.276733 5.888819
6.276722 5.876753
6.276683 5.864688
6.276628 5.852197
6.276589 5.840031
6.276557 5.827202
6.276512 5.816303
6.276452 5.803075
6.276461 5.790765
6.276438 5.779039
6.276414 5.766654
6.276369 5.754294
6.276353 5.742035
6.276301 5.730242
6.276265 5.718456
6.276229 5.706093
6.276207 5.693961
6.276151 5.681609
6.276090 5.669996
6.276050 5.657987
6.275999 5.645555
6.275949 5.633598
6.275880 5.622124
6.275841 5.609585
6.275761 5.598382
6.275687 5.585834
6.275640 5.574134
6.275579 5.561719
6.275481 5.549519
6.275397 5.537898
6.275370 5.526413
6.275283 5.513995
6.275177 5.501313
6.275112 5.489853
6.275065 5.478441
6.274967 5.466040
6.274880 5.453550
6.274827 5.440841
6.274758 5.428859
6.274680 5.417236
6.274592 5.404590
6.274571 5.392843
6.274482 5.379851
6.274399 5.368606
6.274338 5.356489
6.274306 5.346035
6.274204 5.330985
6.274146 5.319420
6.274113 5.306886
6.274167 5.295341
6.274220 5.282753
6.274282 5.270818
6.274148 5.258868
6.273771 5.245574
6.272674 5.234406
6.271039 5.222039
6.269165 5.210436
6.267405 5.199436
6.266545 5.187914
6.266170 5.176669
6.266212 5.164832
6.266725 5.153020
6.267598 5.140892
6.268607 5.129688
6.270525 5.117085
6.272947 5.104608
6.275695 5.092210
6.278977 5.079327
6.283267 5.065878
6.287348 5.052859
6.291975 5.039715
6.296588 5.026002
6.300738 5.013054
6.305643 4.998310
6.309992 4.985520
6.314729 4.971972
6.319890 4.957834
6.324059 4.946360
6.329858 4.930491
6.335491 4.916170
6.341355 4.901999
6.347422 4.887833
6.352954 4.873849
6.358554 4.859625
6.363815 4.846030
6.369421 4.832337
6.374965 4.819117
6.380765 4.805328
6.387297 4.790447
6.393134 4.777166
6.399714 4.762640
6.405640 4.749462
6.412317 4.734971
6.418514 4.721668
6.424963 4.708049
6.431721 4.693718
6.438280 4.680099
6.435234 4.672186
6.432947 4.666812
6.432006 4.664636
6.431840 4.661275
6.433218 4.658270
6.436170 4.640934
6.431896 4.626428
6.428388 4.613216
6.426538 4.604889
6.425701 4.599689
6.425295 4.595839
6.425423 4.592990
6.427073 4.590884
6.430140 4.589416
6.435535 4.588064
6.444456 4.586174
6.452788 4.571218
6.471058 4.531933
6.487906 4.497989
6.496691 4.483127
6.504485 4.468203
6.511571 4.454601
6.518780 4.440778
6.525970 4.426880
6.533084 4.413161
6.540461 4.399021
6.547565 4.385395
6.554824 4.371614
6.561966 4.357841
6.569114 4.344197
6.576400 4.330285
6.583904 4.315916
6.591074 4.302143
6.598142 4.288693
6.605400 4.274878
6.612908 4.260670
6.619932 4.247404
6.627619 4.232827
6.634906 4.218988
6.641970 4.205554
6.649472 4.191259
6.656506 4.177940
6.663308 4.164031
6.670156 4.150661
6.677555 4.136555
6.684609 4.123044
6.691750 4.109347
6.698888 4.095473
6.705949 4.081733
6.713214 4.067523
6.720167 4.053898
6.727164 4.040216
6.734424 4.025967
6.741367 4.012263
6.748435 3.998540
6.755828 3.984212
6.762783 3.970770
6.769702 3.957293
6.775511 3.945576
6.783592 3.929303
6.790609 3.914917
6.797363 3.900801
6.804193 3.886222
6.810773 3.872010
6.816985 3.858333
6.822906 3.843162
6.827699 3.828534
6.833395 3.815138
6.838540 3.800556
6.843802 3.786875
6.848154 3.771812
6.853496 3.758780
6.858521 3.744794
6.862173 3.731840
6.866563 3.716968
6.870409 3.703935
6.873722 3.690438
6.877157 3.675970
6.879855 3.662661
6.882671 3.649055
6.884869 3.636165
6.886760 3.622887
6.888365 3.609416
6.889957 3.596228
6.891298 3.582979
6.892524 3.570059
6.893345 3.557292
6.894000 3.544296
6.894659 3.531437
6.895126 3.519363
6.895534 3.506233
6.895955 3.494359
6.895982 3.481305
6.895941 3.469394
6.896091 3.457039
6.896051 3.445068
6.895657 3.432664
6.895173 3.420896
6.894215 3.409672
6.893225 3.397263
6.891970 3.386179
6.890570 3.374955
6.888965 3.363417
6.887128 3.352230
6.884687 3.341086
6.882457 3.329540
6.879843 3.318438
6.877345 3.307819
6.874669 3.296393
6.872434 3.286232
6.869998 3.275832
6.867185 3.265042
6.864430 3.254038
6.861981 3.243753
6.859446 3.233099
6.856328 3.222245
6.853534 3.211081
6.850755 3.200644
6.848126 3.189991
6.845497 3.179493
6.842354 3.167867
6.839535 3.157921
6.836722 3.148089
6.833395 3.137030
6.830429 3.127130
6.827329 3.116170
6.824289 3.106364
6.821132 3.096064
6.817564 3.085175
6.814172 3.075062
6.810894 3.065054
6.807839 3.055362
6.804248 3.045071
6.800902 3.035745
6.797451 3.025880
6.793965 3.016747
6.790152 3.006768
6.786414 2.996732
6.782705 2.987382
6.778899 2.977809
6.774972 2.967973
6.771244 2.958548
6.768386 2.951328
6.763675 2.939820
6.759438 2.929708
6.755535 2.920366
6.751288 2.910884
6.747227 2.901172
6.742497 2.891678
6.738194 2.882847
6.733845 2.873482
6.728735 2.863899
6.724690 2.855650
6.720246 2.847724
6.716008 2.839357
6.711418 2.830838
6.707384 2.823311
6.703973 2.817106
6.697968 2.807432
6.693831 2.800267
6.689691 2.793327
6.685270 2.786885
6.681283 2.780416
6.677044 2.774095
6.673084 2.768156
6.669704 2.763078
6.663534 2.754322
6.660202 2.749394
6.654218 2.741389
6.650323 2.735844
6.643632 2.727355
6.639896 2.722323
6.633426 2.714448
6.627274 2.706828
6.629389 2.709198
6.631284 2.711677
6.631339 2.711988
6.630700 2.711855
6.630452 2.711314
6.630004 2.711056
6.629555 2.710729
6.629068 2.710182
6.628604 2.709741
6.628001 2.708717
6.626788 2.708190
6.625249 2.707808
6.623929 2.707625
6.622349 2.707605
6.620665 2.707654
6.618521 2.707883
6.616243 2.707985
6.614491 2.707280
6.612828 2.706388
6.610717 2.705709
6.608631 2.704958
6.607048 2.703819
6.613167 2.693952
6.622509 2.680482
6.633417 2.666593
6.647693 2.650305
6.664265 2.632075
6.680856 2.612816
6.695656 2.594932
6.710755 2.574901
6.723674 2.556145
6.733756 2.540086
6.743091 2.524740
6.751850 2.509994
6.761062 2.496621
6.772238 2.482134
6.782720 2.469298
6.794719 2.455798
6.806244 2.443544
6.818606 2.430905
6.831326 2.418410
6.844859 2.405699
6.858705 2.393342
6.873606 2.380403
6.886863 2.369509
6.901762 2.357853
6.917256 2.346070
6.934165 2.334099
6.949521 2.323867
6.965338 2.313616
6.982416 2.302950
7.000358 2.292589
7.017495 2.283079
7.031954 2.274983
7.053963 2.263857
7.071783 2.255087
7.090511 2.247108
7.109499 2.239137
7.127814 2.232382
7.150844 2.224548
7.173301 2.217662
7.193042 2.211626
7.215107 2.204916
7.236215 2.198870
7.256155 2.193251
7.279870 2.187467
7.299838 2.182442
7.322981 2.177079
7.342404 2.172958
7.364623 2.168530
7.386339 2.164831
7.409441 2.161503
7.433546 2.158210
7.456313 2.154966
7.478957 2.151547
7.502311 2.148321
7.525024 2.145568
7.548128 2.142632
7.570854 2.140028
7.593566 2.137573
7.617753 2.135275
7.641500 2.132723
7.660760 2.130908
7.689056 2.128377
7.710007 2.126653
7.733890 2.124868
7.757631 2.123280
7.776799 2.122132
7.801875 2.120740
7.825768 2.119507
7.848511 2.118484
7.871464 2.117618
7.893519 2.116900
7.918326 2.115904
7.940889 2.115213
7.963675 2.114439
7.986398 2.113817
8.012132 2.113110
8.034960 2.112513
8.058821 2.111821
8.082721 2.111167
8.107080 2.110557
8.129570 2.109999
8.155068 2.109478
8.178736 2.109084
8.202807 2.108718
8.226784 2.108396
8.243805 2.108190
8.273939 2.107955
8.297574 2.107862
8.318594 2.107863
8.343701 2.107831
8.366651 2.107831
8.385139 2.107874
8.411300 2.107916
8.437009 2.107925
8.458660 2.107947
8.482511 2.107897
8.507692 2.107853
8.529458 2.107773
8.555586 2.107687
8.579660 2.107584
8.602513 2.107494
8.627727 2.107409
8.646883 2.107365
8.673687 2.107370
8.694739 2.107374
8.721619 2.107468
8.744743 2.107558
8.769647 2.107699
8.793797 2.107854
8.814578 2.108056
8.840013 2.108250
8.862397 2.108447
8.885233 2.108648
8.908475 2.108835
8.933276 2.109053
8.957016 2.109190
8.979239 2.109267
9.002614 2.109351
9.023561 2.109416
9.050336 2.109458
9.074095 2.109480
9.098609 2.109516
9.122842 2.109527
9.142756 2.109551
9.166704 2.109604
9.195372 2.109663
9.218361 2.109787
9.237280 2.109900
9.264839 2.110096
9.288786 2.110297
9.312651 2.110529
9.332737 2.110729
9.359983 2.111017
9.382581 2.111239
9.401224 2.111423
9.430087 2.111613
9.451637 2.111761
9.476805 2.111871
9.495004 2.111920
9.518019 2.111987
9.546159 2.112012
9.570756 2.112039
9.594952 2.112003
9.614348 2.112001
9.643561 2.112000
9.665857 2.112014
9.687170 2.112076
9.710742 2.112156
9.738713 2.112318
9.762139 2.112465
9.785677 2.112658
9.808908 2.112842
9.828978 2.113039
9.855223 2.113286
9.878457 2.113498
9.901520 2.113683
9.926952 2.113885
9.948743 2.113997
9.967098 2.114069
9.997561 2.114158
10.018958 2.114181
10.040440 2.114190
10.066760 2.114140
10.090992 2.114100
10.116940 2.114078
10.139774 2.114055
10.163571 2.114045
10.187303 2.114051
10.212998 2.114096
10.236305 2.114184
10.259068 2.114268
10.283100 2.114426
10.306767 2.114562
10.328977 2.114736
10.352325 2.114897
10.375181 2.115062
10.400115 2.115198
10.423685 2.115323
10.446170 2.115411
10.470385 2.115496
10.491631 2.115517
10.516785 2.115538
10.541590 2.115504
10.564581 2.115448
10.587603 2.115364
10.613279 2.115276
10.636510 2.115219
10.661650 2.115146
10.681243 2.115113
10.709619 2.115127
10.731723 2.115179
10.754919 2.115236
10.778915 2.115325
10.803544 2.115435
10.826548 2.115571
10.849250 2.115703
10.872687 2.115848
10.895699 2.115975
10.919193 2.116100
10.943468 2.116188
10.966266 2.116230
10.988912 2.116264
11.012336 2.116245
11.032977 2.116216
11.054626 2.116154
11.084267 2.116041
11.102373 2.115966
11.132484 2.115880
11.156641 2.115791
11.174390 2.115726
11.197788 2.115680
11.227442 2.115644
11.250218 2.115672
11.276109 2.115754
11.298635 2.115835
11.321787 2.115948
11.344544 2.116039
11.365052 2.116148
11.390880 2.116270
11.409094 2.116337
11.438356 2.116421
11.460879 2.116428
11.485581 2.116436
11.508485 2.116401
11.531214 2.116341
11.556700 2.116277
11.578675 2.116143
11.603251 2.116042
11.627658 2.115916
11.652530 2.115808
11.675217 2.115730
11.698833 2.115661
11.718474 2.115645
11.746747 2.115645
11.770474 2.115682
11.792969 2.115749
11.816808 2.115819
11.840848 2.115926
11.862547 2.116009
11.887029 2.116100
11.910603 2.116214
11.935349 2.116318
11.958085 2.116363
11.980392 2.116353
12.004456 2.116342
12.027940 2.116290
12.045787 2.116243
12.075438 2.116122
12.094151 2.116053
12.123869 2.115905
12.148570 2.115784
12.171572 2.115715
12.196944 2.115627
12.218624 2.115613
12.243795 2.115610
12.265999 2.115624
12.289556 2.115684
12.313457 2.115787
12.336351 2.115885
12.361763 2.116007
12.382707 2.116095
12.406692 2.116201
12.431434 2.116267
12.447771 2.116320
12.476369 2.116340
12.502054 2.116307
12.521004 2.116279
12.546904 2.116195
12.571948 2.116115
12.595198 2.116003
12.619638 2.115878
12.645279 2.115758
12.667562 2.115657
12.691510 2.115607
12.717176 2.115586
12.738524 2.115579
12.762790 2.115630
12.786026 2.115670
12.809078 2.115753
12.833005 2.115847
12.856459 2.115956
12.874105 2.116060
12.901325 2.116141
12.926726 2.116249
12.948689 2.116289
12.972134 2.116324
12.993077 2.116318
13.021345 2.116288
13.037448 2.116221
13.067193 2.116120
13.092472 2.115993
13.115218 2.115906
13.140143 2.115776
13.162201 2.115692
13.187829 2.115601
13.210300 2.115561
13.231022 2.115544
13.259205 2.115541
13.282063 2.115580
13.306707 2.115636
13.327992 2.115708
13.352542 2.115830
13.374002 2.115924
13.399242 2.116071
13.421215 2.116137
13.447215 2.116199
13.468626 2.116243
13.493233 2.116239
13.516033 2.116227
13.535573 2.116168
13.564762 2.116079
13.587784 2.115944
13.612550 2.115845
13.636333 2.115720
13.660371 2.115607
13.683896 2.115512
13.709539 2.115450
13.728580 2.115429
13.755568 2.115440
13.778922 2.115491
13.799370 2.115540
13.827466 2.115629
13.845679 2.115721
13.873427 2.115802
13.896047 2.115910
13.920074 2.116026
13.944378 2.116129
13.966666 2.116177
13.990216 2.116181
14.013427 2.116174
14.036282 2.116131
14.061840 2.116038
14.085540 2.115947
14.103271 2.115882
14.133546 2.115747
14.158307 2.115646
14.182785 2.115559
14.205288 2.115512
14.228199 2.115485
14.253834 2.115484
14.275558 2.115501
14.300497 2.115583
14.323977 2.115679
14.347416 2.115788
14.368632 2.115872
14.395127 2.115969
14.413315 2.116021
14.440634 2.116096
14.464695 2.116141
14.488358 2.116172
14.512167 2.116150
14.534243 2.116130
14.558071 2.116068
14.582223 2.115990
14.602327 2.115889
14.625573 2.115783
14.653693 2.115631
14.671721 2.115579
14.701713 2.115445
14.725857 2.115421
14.748915 2.115406
14.772802 2.115445
14.797042 2.115486
14.821682 2.115556
14.842957 2.115644
14.867675 2.115752
14.890272 2.115863
14.913336 2.115955
14.937396 2.116077
14.961035 2.116133
14.983352 2.116171
15.006932 2.116169
15.027698 2.116129
15.054057 2.116048
15.077690 2.115962
15.102604 2.115853
15.126132 2.115759
15.149686 2.115631
15.175636 2.115554
15.199379 2.115466
15.219151 2.115434
15.246880 2.115370
15.271446 2.115397
15.294026 2.115464
15.315876 2.115530
15.339915 2.115655
15.359301 2.115729
15.385447 2.115867
15.409703 2.115980
15.433069 2.116072
15.457197 2.116116
15.482038 2.116145
15.503214 2.116152
15.527040 2.116129
15.546911 2.116069
15.574207 2.116005
15.600483 2.115882
15.622753 2.115781
15.640505 2.115685
15.664984 2.115587
15.695210 2.115477
15.719606 2.115423
15.742502 2.115428
15.766509 2.115430
15.790121 2.115460
15.812479 2.115515
15.838511 2.115582
15.859274 2.115664
15.884681 2.115768
15.906131 2.115852
15.931465 2.115958
15.954340 2.116010
15.976809 2.116057
15.996796 2.116044
16.023293 2.116038
16.048044 2.115962
16.071966 2.115874
16.094732 2.115772
16.113949 2.115701
16.138449 2.115578
16.164419 2.115461
16.191805 2.115381
16.215767 2.115303
16.240580 2.115263
16.264105 2.115266
16.286764 2.115290
16.311432 2.115372
16.329891 2.115414
16.356844 2.115534
16.379173 2.115644
16.400604 2.115744
16.421101 2.115797
16.446960 2.115898
16.468561 2.115932
16.496189 2.115940
16.521694 2.115921
16.544632 2.115909
16.568138 2.115848
16.592438 2.115771
16.615627 2.115659
16.639589 2.115551
16.662367 2.115451
16.687712 2.115344
16.711342 2.115249
16.730082 2.115220
16.757442 2.115189
16.781221 2.115213
16.804440 2.115243
16.827936 2.115327
16.852123 2.115408
16.874441 2.115522
16.900026 2.115629
16.921446 2.115709
16.945278 2.115817
16.967770 2.115888
16.988667 2.115934
17.015795 2.115972
17.039486 2.115944
17.063446 2.115893
17.087517 2.115812
17.106133 2.115761
17.134647 2.115623
17.160576 2.115524
17.176907 2.115478
17.206163 2.115396
17.231043 2.115359
17.254623 2.115334
17.277643 2.115371
17.302168 2.115418
17.325382 2.115493
17.348497 2.115599
17.372013 2.115718
17.394556 2.115831
17.420120 2.115958
17.440859 2.116022
17.466068 2.116076
17.487627 2.116129
17.513275 2.116102
17.530270 2.116113
17.559416 2.116025
17.583492 2.115968
17.601646 2.115870
17.631365 2.115756
17.654419 2.115661
17.678448 2.115544
17.703634 2.115445
17.727566 2.115384
17.750956 2.115350
17.775183 2.115380
17.798613 2.115436
17.821180 2.115504
17.845003 2.115573
17.867899 2.115671
17.892223 2.115760
17.915325 2.115879
17.938429 2.115990
17.958511 2.116069
17.982162 2.116134
18.009474 2.116201
18.032417 2.116214
18.056456 2.116176
18.080801 2.116103
18.104246 2.116006
18.127729 2.115922
18.152021 2.115805
18.176027 2.115725
18.200037 2.115636
18.225218 2.115572
18.248388 2.115544
18.265991 2.115508
18.294508 2.115499
18.318636 2.115550
18.342619 2.115637
18.365459 2.115728
18.388227 2.115851
18.411736 2.115968
18.435980 2.116091
18.459328 2.116166
18.481789 2.116235
18.505732 2.116254
18.529057 2.116242
18.553486 2.116221
18.575788 2.116156
18.599474 2.116074
18.623575 2.115999
18.648737 2.115876
18.673067 2.115767
18.695030 2.115695
18.718603 2.115635
18.743801 2.115594
18.767229 2.115585
18.789694 2.115625
18.814699 2.115697
18.839144 2.115789
18.860678 2.115895
18.884499 2.116006
18.909443 2.116122
18.930937 2.116199
18.956039 2.116315
18.977188 2.116359
19.002665 2.116410
19.026148 2.116395
19.048803 2.116332
19.072809 2.116266
19.096193 2.116172
19.120394 2.116061
19.144159 2.115948
19.167973 2.115826
19.190781 2.115721
19.215719 2.115657
19.239592 2.115620
19.263660 2.115574
19.287560 2.115587
19.311888 2.115628
19.333515 2.115670
19.358345 2.115773
19.380732 2.115861
19.406130 2.116001
19.427996 2.116083
19.450356 2.116153
19.475254 2.116217
19.497686 2.116262
19.517645 2.116262
19.545456 2.116240
19.568087 2.116163
19.587109 2.116128
19.616226 2.115990
19.640686 2.115897
19.664963 2.115785
19.687304 2.115680
19.713634 2.115590
19.735134 2.115517
19.760609 2.115478
19.783611 2.115489
19.806479 2.115515
19.830679 2.115597
19.854582 2.115650
19.873266 2.115719
19.900343 2.115829
19.923431 2.115921
19.946985 2.116019
19.972467 2.116082
19.995872 2.116145
20.017536 2.116149
20.038088 2.116111
20.066034 2.116075
20.088827 2.115984
20.112476 2.115876
20.135887 2.115754
20.160093 2.115649
20.183336 2.115553
20.207685 2.115448
20.231485 2.115402
20.256224 2.115344
20.279556 2.115346
20.302721 2.115357
20.320961 2.115405
20.346243 2.115480
20.374716 2.115596
20.397068 2.115714
20.418917 2.115797
20.443277 2.115906
20.466801 2.115991
20.488720 2.116020
20.513264 2.116033
20.531096 2.116035
20.559921 2.115973
20.585135 2.115891
20.609289 2.115788
20.632822 2.115704
20.655430 2.115593
20.679304 2.115493
20.703131 2.115393
20.728085 2.115284
20.749598 2.115238
20.770660 2.115234
20.799021 2.115208
20.820438 2.115255
20.844837 2.115315
20.868502 2.115408
20.886511 2.115462
20.911716 2.115589
20.939798 2.115744
20.962784 2.115880
20.985472 2.116023
21.010313 2.116144
21.032236 2.116238
21.055841 2.116327
21.081278 2.116403
21.105200 2.116452
21.128159 2.116547
21.152109 2.116578
21.175171 2.116688
21.199169 2.116763
21.223068 2.116853
21.244078 2.116983
21.265041 2.117123
21.294941 2.117407
21.318005 2.117624
21.342466 2.117946
21.365219 2.118234
21.388603 2.118531
21.412195 2.118868
21.435276 2.119152
21.459093 2.119481
21.482977 2.119717
21.506674 2.119935
21.529221 2.120128
21.554409 2.120234
21.575710 2.120353
21.600866 2.120403
21.623510 2.120392
21.647690 2.120417
21.671473 2.120407
21.697157 2.120422
21.719263 2.120446
21.744169 2.120461
21.767048 2.120521
21.791134 2.120568
21.809666 2.120649
21.833025 2.120752
21.861929 2.120929
21.885504 2.121086
21.908005 2.121219
21.932756 2.121382
21.955849 2.121479
21.978745 2.121562
22.002800 2.121624
22.021875 2.121656
22.047400 2.121634
22.069784 2.121585
22.091145 2.121534
22.113102 2.121418
22.132370 2.121335
22.151518 2.121225
22.166349 2.121135
22.185230 2.121028
22.206356 2.120816
22.223003 2.120726
22.246618 2.120628
22.267036 2.120609
22.288424 2.120643
22.305275 2.120673
22.324455 2.120800
22.342293 2.120964
22.358448 2.121117
22.374313 2.121287
22.390270 2.121488
22.407410 2.121683
22.422962 2.121879
22.438242 2.122096
22.452942 2.122298
22.466654 2.122485
22.481710 2.122740
22.494644 2.122930
22.508764 2.123105
22.521776 2.123312
22.534161 2.123510
22.545385 2.124074
22.563353 2.125140
22.574169 2.125376
22.589935 2.126662
22.605530 2.128149
22.619772 2.129220
22.631405 2.129937
22.640587 2.130199
22.651102 2.130871
22.665461 2.133039
22.680077 2.135223
22.693842 2.137061
22.708225 2.138931
22.721022 2.139995
22.733232 2.141201
22.745434 2.142648
22.757322 2.144739
22.769148 2.146233
22.780239 2.147676
22.792149 2.149407
22.803507 2.151204
22.813725 2.152883
22.825136 2.154968
22.836309 2.156301
22.847235 2.158747
22.856955 2.160548
22.869524 2.164482
22.883085 2.168702
22.899578 2.174031
22.907391 2.175576
22.907387 2.175575
22.907389 2.175575
22.907389 2.175576
22.907387 2.175576
22.907387 2.175576
22.907387 2.175576
22.907387 2.175576
22.907389 2.175577
22.907389 2.175577
22.907389 2.175577
22.907389 2.175577
22.907387 2.175577
22.907387 2.175577
22.907387 2.175578
22.907387 2.175578
22.907389 2.175578
22.907387 2.175578
22.907387 2.175578
22.907389 2.175579
22.907387 2.175579
22.907387 2.175579
22.907387 2.175579
22.907387 2.175580
22.907387 2.175580
22.907387 2.175580
22.907387 2.175580
22.907387 2.175581
22.907387 2.175581
22.907387 2.175581
22.907387 2.175581
22.907387 2.175581
22.907385 2.175581
22.907387 2.175582
22.907385 2.175582
22.907387 2.175582
22.907385 2.175582
22.907387 2.175583
22.907385 2.175582
22.907387 2.175583
22.907387 2.175583
22.907387 2.175583
22.907385 2.175583
22.907387 2.175584
22.907387 2.175584
22.907385 2.175584
22.907387 2.175584
22.907385 2.175584
22.907387 2.175585
22.907387 2.175585
22.907385 2.175585
22.907387 2.175585
22.907385 2.175585
22.907385 2.175586
22.907385 2.175586
22.907385 2.175586
22.907385 2.175586
22.907385 2.175586
22.907385 2.175586
22.907385 2.175587
22.907385 2.175587
22.907385 2.175587
22.907385 2.175587
22.907385 2.175587
22.907383 2.175588
22.907383 2.175588
22.907383 2.175588
22.907383 2.175588
22.907385 2.175589
22.907383 2.175589
22.907385 2.175589
22.907383 2.175589
22.907383 2.175589
22.907385 2.175590
22.907385 2.175590
22.907383 2.175590
22.914341 2.177700
22.928110 2.182752
22.945908 2.189447
22.963938 2.195695
22.983042 2.203001
23.003128 2.210647
23.023165 2.218598
23.044683 2.227100
23.065348 2.235161
23.084686 2.243009
23.106215 2.253056
23.124315 2.262343
23.143280 2.273064
23.162630 2.284696
23.180794 2.296304
23.198521 2.308042
23.215654 2.319967
23.232109 2.332280
23.248905 2.344884
23.264399 2.357239
23.280819 2.371054
23.296070 2.384203
23.310524 2.397238
23.323732 2.409648
23.338106 2.423782
23.351824 2.437603
23.363703 2.450040
23.375546 2.463109
23.388126 2.477483
23.398552 2.489809
23.410017 2.503732
23.420736 2.517501
23.431377 2.531396
23.440781 2.544376
23.450434 2.557945
23.460239 2.572269
23.469551 2.586309
23.478550 2.600285
23.487093 2.613714
23.495586 2.627641
23.504330 2.642472
23.512653 2.657358
23.520531 2.671971
23.527937 2.686013
23.535442 2.700693
23.542501 2.715601
23.549553 2.730797
23.556103 2.746047
23.562866 2.762397
23.568724 2.777370
23.574930 2.793272
23.580702 2.809044
23.586380 2.825103
23.592453 2.842078
23.597799 2.858317
23.602966 2.874535
23.607761 2.890246
23.612837 2.906536
23.617910 2.922614
23.623335 2.939538
23.628191 2.956373
23.633266 2.973583
23.637951 2.988912
23.643190 3.006850
23.648344 3.023592
23.652906 3.039323
23.657452 3.056074
23.661095 3.072263
23.664433 3.089842
23.666927 3.105939
23.668673 3.122193
23.669399 3.140266
23.669371 3.155870
23.668354 3.173673
23.667112 3.189446
23.665020 3.206916
23.662355 3.224020
23.659470 3.240211
23.655888 3.256265
23.652132 3.271986
23.647655 3.288244
23.642830 3.304921
23.637205 3.321364
23.631348 3.336975
23.625450 3.351562
23.618738 3.367265
23.611984 3.381939
23.603312 3.398387
23.596270 3.412086
23.587368 3.427652
23.579020 3.441669
23.569799 3.456636
23.560156 3.471453
23.550810 3.485418
23.541182 3.499429
23.531284 3.513475
23.520443 3.528028
23.510515 3.541358
23.509048 3.543795
23.503235 3.552807
23.497747 3.559856
23.492517 3.566632
23.486731 3.574899
23.481163 3.583003
23.476099 3.590933
23.471506 3.599178
23.466896 3.608490
23.462500 3.618197
23.458017 3.629048
23.453714 3.639408
23.449402 3.650429
23.445261 3.661251
23.441751 3.671370
23.438221 3.682405
23.435003 3.694623
23.431248 3.706929
23.426506 3.717056
23.422636 3.728038
23.419395 3.738511
23.415964 3.747904
23.412739 3.757487
23.409903 3.767658
23.408833 3.779487
23.407564 3.790936
23.406105 3.801971
23.404680 3.812816
23.403732 3.824661
23.402424 3.836833
23.400959 3.848543
23.400095 3.859632
23.400291 3.870369
23.401960 3.883101
23.404581 3.895964
23.407795 3.908539
23.411192 3.922178
23.415083 3.936249
23.418747 3.950635
23.422373 3.963794
23.426680 3.977893
23.430929 3.992088
23.435110 4.005671
23.439627 4.020179
23.443962 4.033458
23.448982 4.048597
23.453398 4.062133
23.458286 4.076569
23.463455 4.090215
23.468597 4.104012
23.474215 4.118545
23.479830 4.132545
23.485683 4.146816
23.491625 4.160997
23.497515 4.174977
23.503267 4.188371
23.509453 4.201921
23.515787 4.215889
23.521894 4.228747
23.528215 4.242373
23.534723 4.256107
23.540804 4.268996
23.547226 4.282178
23.553160 4.293955
23.558969 4.305498
23.564653 4.316542
23.569225 4.325732
23.574575 4.335943
23.579521 4.344898
23.584108 4.353572
23.589066 4.362386
23.594048 4.371344
23.601530 4.384016
23.608994 4.397140
23.616194 4.410176
23.623739 4.423882
23.630901 4.437043
23.638483 4.451694
23.645988 4.465539
23.652912 4.479187
23.660236 4.493559
23.667744 4.508296
23.674486 4.521552
23.681599 4.535864
23.688358 4.548870
23.695744 4.563594
23.702257 4.576900
23.709240 4.590834
23.715641 4.604462
23.722042 4.617476
23.728235 4.631126
23.734846 4.645572
23.741114 4.659971
23.746382 4.672382
23.751822 4.685407
23.756819 4.698518
23.761894 4.711619
23.766790 4.726158
23.771553 4.739329
23.775848 4.752624
23.780247 4.766047
23.784288 4.778436
23.788364 4.791545
23.792593 4.805416
23.796534 4.818877
23.800217 4.831727
23.803974 4.845157
23.807581 4.857648
23.811396 4.871112
23.815149 4.884643
23.818678 4.898514
23.822182 4.911709
23.825550 4.924277
23.828535 4.936490
23.831903 4.949440
23.835102 4.962877
23.838295 4.975982
23.841402 4.989425
23.844385 5.002257
23.847193 5.014524
23.850084 5.027091
23.852516 5.039067
23.855083 5.052262
23.857594 5.065109
23.859995 5.077593
23.862204 5.089884
23.864384 5.103222
23.866756 5.116719
23.868551 5.129516
23.870134 5.142647
23.871691 5.155131
23.873119 5.167682
23.874460 5.180282
23.875860 5.193233
23.876863 5.204950
23.878019 5.217910
23.879196 5.230321
23.880365 5.243696
23.881260 5.256355
23.882421 5.269291
23.883343 5.281670
23.884230 5.293902
23.885098 5.306563
23.885910 5.319056
23.886566 5.330728
23.887495 5.343346
23.888000 5.355853
23.888805 5.369189
23.889473 5.381820
23.890110 5.393495
23.890787 5.405759
23.891514 5.418400
23.892050 5.430692
23.892576 5.442993
23.893030 5.455716
23.893454 5.468515
23.893894 5.480857
23.894346 5.492415
23.894661 5.504436
23.894993 5.517291
23.895269 5.528574
23.895523 5.541869
23.895790 5.553416
23.896021 5.566071
23.896132 5.578236
23.896284 5.590336
23.896482 5.603139
23.896616 5.614736
23.896673 5.627034
23.896694 5.639683
23.896751 5.651707
23.896770 5.664383
23.896793 5.676713
23.896807 5.689200
23.896847 5.701286
23.896818 5.713753
23.896805 5.725519
23.896791 5.737157
23.896753 5.750385
23.896751 5.762656
23.896700 5.774544
23.896650 5.786953
23.896652 5.799249
23.896616 5.810860
23.896559 5.823272
23.896515 5.835215
23.896477 5.847637
23.896412 5.858870
23.896358 5.871190
23.896301 5.883239
23.896255 5.895588
23.896154 5.907144
23.896091 5.918924
23.895988 5.931366
23.895922 5.943444
23.895794 5.955607
23.895727 5.967635
23.895630 5.979291
23.895527 5.991301
23.895405 6.003098
23.895266 6.015635
23.895117 6.027674
23.894962 6.039597
23.894802 6.051308
23.894629 6.063287
23.894409 6.075714
23.894213 6.087653
23.894018 6.099536
23.893806 6.111253
23.893576 6.123751
23.893360 6.136198
23.893129 6.148080
23.892902 6.160091
23.892683 6.172314
23.892450 6.184288
23.892178 6.196898
23.891935 6.208947
23.891693 6.220816
23.891447 6.233168
23.891199 6.245300
23.890978 6.257383
23.890736 6.269421
23.890512 6.281471
23.890331 6.293458
23.890104 6.305497
23.889893 6.317567
23.889696 6.330437
23.889530 6.341831
23.889320 6.354287
23.889141 6.366350
23.888964 6.378117
23.888792 6.389793
23.888638 6.401578
23.888462 6.413578
23.888329 6.425555
23.888166 6.437160
23.888014 6.449839
23.887877 6.461185
23.887730 6.472846
23.887556 6.485469
23.887386 6.496802
23.887211 6.509290
23.887037 6.521115
23.886856 6.533485
23.886663 6.545255
23.886490 6.557400
23.886280 6.569332
23.886086 6.580899
23.885885 6.593598
23.885700 6.605659
23.885483 6.618189
23.885262 6.630355
23.885063 6.642091
23.884840 6.654181
23.884617 6.666346
23.884392 6.678541
23.884161 6.690800
23.883947 6.703067
23.883764 6.715294
23.883545 6.727363
23.883356 6.739437
23.883162 6.751178
23.882975 6.764078
23.882788 6.775693
23.882616 6.787935
23.882475 6.799487
23.882292 6.812414
23.882133 6.824609
23.882013 6.836071
23.881903 6.847969
23.881742 6.860733
23.881659 6.872612
23.881565 6.884050
23.881468 6.896242
23.881376 6.908355
23.881300 6.920315
23.881241 6.932428
23.881126 6.944524
23.881056 6.956086
23.880966 6.968512
23.880901 6.980266
23.880781 6.992324
23.880733 7.004242
23.880650 7.015768
23.880543 7.027792
23.880447 7.039944
23.880348 7.052411
23.880245 7.064131
23.880114 7.076302
23.880013 7.087843
23.879915 7.100801
23.879780 7.112521
23.879641 7.125085
23.879526 7.137372
23.879412 7.149084
23.879257 7.161401
23.879148 7.173130
23.879021 7.185347
23.878880 7.197868
23.878742 7.210207
23.878647 7.222088
23.878553 7.233981
23.878424 7.246579
23.878330 7.258501
23.878275 7.270982
23.878185 7.283087
23.878107 7.295622
23.878063 7.307086
23.878023 7.319915
23.877951 7.331971
23.877914 7.343804
23.877882 7.356121
23.877848 7.368110
23.877825 7.379865
23.877821 7.391613
23.877836 7.404526
23.877825 7.416645
23.877823 7.428179
23.877867 7.440536
23.877884 7.452201
23.877907 7.464581
23.877897 7.475881
23.877920 7.488985
23.877922 7.500618
23.877951 7.512691
23.877958 7.524537
23.877991 7.536371
23.877974 7.548285
23.877968 7.561475
23.877968 7.573548
23.877956 7.584779
23.877928 7.596930
23.877846 7.608961
23.877838 7.621879
23.877779 7.633719
23.877726 7.646548
23.877663 7.658184
23.877630 7.670901
23.877548 7.683072
23.877483 7.695045
23.877441 7.707653
23.877386 7.719538
23.877327 7.731655
23.877260 7.744233
23.877224 7.756093
23.877165 7.768597
23.877140 7.780954
23.877127 7.793246
23.877106 7.804855
23.877098 7.816910
23.877108 7.828685
23.877125 7.841421
23.877148 7.853101
23.877174 7.866056
23.877213 7.877324
23.877249 7.890438
23.877295 7.902214
23.877350 7.913954
23.877403 7.926291
23.877476 7.938374
23.877537 7.950467
23.877598 7.962250
23.877666 7.974613
23.877733 7.986461
23.877783 7.997966
23.877842 8.010202
23.877882 8.022555
23.877918 8.035210
23.877974 8.046617
23.877998 8.058518
23.878042 8.071108
23.878057 8.082895
23.878059 8.095833
23.878080 8.107518
23.878075 8.120022
23.878061 8.132512
23.878042 8.144628
23.878017 8.156838
23.877996 8.169058
23.877956 8.181272
23.877926 8.192959
23.877886 8.205223
23.877851 8.217944
23.877825 8.230610
23.877810 8.242106
23.877781 8.254234
23.877754 8.267196
23.877743 8.279716
23.877724 8.291560
23.877718 8.303465
23.877722 8.315629
23.877745 8.327806
23.877760 8.340534
23.877787 8.351830
23.877832 8.364484
23.877890 8.376450
23.877941 8.388795
23.877987 8.398683
23.878061 8.412286
23.878124 8.424935
23.878202 8.436532
23.878260 8.448228
23.878336 8.461166
23.878403 8.472404
23.878477 8.485332
23.878540 8.497032
23.878607 8.509382
23.878649 8.520955
23.878693 8.532930
23.878752 8.544935
23.878775 8.557650
23.878819 8.570029
23.878843 8.582329
23.878849 8.594523
23.878859 8.606318
23.878855 8.618622
23.878853 8.630408
23.878834 8.643360
23.878803 8.655255
23.878767 8.667316
23.878750 8.679861
23.878716 8.692026
23.878681 8.703890
23.878633 8.716909
23.878605 8.728760
23.878567 8.740801
23.878550 8.753262
23.878525 8.765842
23.878523 8.778090
23.878506 8.789569
23.878498 8.801786
23.878536 8.813980
23.878517 8.826277
23.878544 8.838656
23.878551 8.850774
23.878595 8.863293
23.878601 8.875374
23.878656 8.887059
23.878698 8.898840
23.878778 8.911307
23.878830 8.923039
23.878893 8.935661
23.878965 8.947599
23.879032 8.959023
23.879097 8.971337
23.879139 8.983215
23.879219 8.995886
23.879251 9.007742
23.879322 9.019698
23.879368 9.031556
23.879425 9.043674
23.879452 9.055828
23.879482 9.068165
23.879509 9.080438
23.879526 9.091760
23.879528 9.104501
23.879498 9.116666
23.879501 9.128817
23.879469 9.141096
23.879452 9.153712
23.879410 9.165752
23.879393 9.177931
23.879349 9.189975
23.879311 9.202196
23.879269 9.214727
23.879238 9.226933
23.879196 9.238953
23.879150 9.251646
23.879122 9.263611
23.879078 9.276197
23.879070 9.288634
23.879078 9.300505
23.879065 9.312533
23.879065 9.324862
23.879076 9.336922
23.879099 9.348824
23.879131 9.361407
23.879152 9.372957
23.879187 9.385405
23.879221 9.397369
23.879272 9.409281
23.879324 9.421620
23.879370 9.433027
23.879435 9.446051
23.879486 9.458101
23.879539 9.469452
23.879606 9.481936
23.879673 9.494400
23.879719 9.506229
23.879759 9.517760
23.879808 9.530192
23.879826 9.542558
23.879868 9.554589
23.879868 9.566689
23.879896 9.578383
23.879900 9.591321
23.879868 9.603252
23.879894 9.615240
23.879873 9.627831
23.879837 9.640091
23.879803 9.651753
23.879766 9.664046
23.879715 9.676854
23.879669 9.689138
23.879614 9.701027
23.879583 9.713126
23.879539 9.725905
23.879505 9.737307
23.879463 9.749739
23.879425 9.762588
23.879387 9.774431
23.879381 9.786506
23.879349 9.797953
23.879320 9.811296
23.879301 9.823064
23.879316 9.835286
23.879311 9.847089
23.879330 9.859598
23.879356 9.871612
23.879402 9.883443
23.879431 9.896427
23.879456 9.907842
23.879520 9.920556
23.879555 9.932175
23.879612 9.944567
23.879633 9.955880
23.879694 9.968472
23.879736 9.980706
23.879776 9.992694
23.879822 10.004415
23.879881 10.016207
23.879904 10.028710
23.879915 10.040974
23.879938 10.052887
23.879955 10.064441
23.879972 10.076465
23.879934 10.089246
23.879948 10.101100
23.879927 10.113192
23.879904 10.125576
23.879873 10.137985
23.879866 10.149375
23.879824 10.162712
23.879768 10.174504
23.879738 10.186647
23.879692 10.198770
23.879648 10.211423
23.879564 10.223127
23.879536 10.235175
23.879454 10.247715
23.879425 10.259674
23.879379 10.272245
23.879366 10.284263
23.879322 10.296394
23.879299 10.308647
23.879326 10.321224
23.879299 10.333334
23.879309 10.345964
23.879314 10.357036
23.879341 10.369988
23.879330 10.382316
23.879375 10.393444
23.879402 10.405730
23.879459 10.418069
23.879499 10.430173
23.879547 10.442032
23.879612 10.454140
23.879660 10.466073
23.879705 10.477901
23.879734 10.490542
23.879803 10.502891
23.879820 10.514846
23.879879 10.526572
23.879894 10.538506
23.879946 10.550754
23.879959 10.563399
23.879976 10.574408
23.879995 10.587793
23.880001 10.599384
23.879990 10.611915
23.879927 10.623703
23.879938 10.635629
23.879908 10.647542
23.879864 10.660266
23.879805 10.672460
23.879770 10.684365
23.879713 10.696498
23.879662 10.709614
23.879625 10.721339
23.879578 10.733967
23.879520 10.745718
23.879469 10.758556
23.879429 10.770660
23.879408 10.782104
23.879353 10.795204
23.879354 10.806683
23.879309 10.819004
23.879299 10.831286
23.879303 10.844159
23.879326 10.855556
23.879341 10.868304
23.879349 10.879802
23.879393 10.892078
23.879412 10.904750
23.879456 10.916413
23.879475 10.927974
23.879519 10.940626
23.879553 10.951795
23.879618 10.964578
23.879679 10.976895
23.879742 10.987957
23.879791 11.000853
23.879816 11.012432
23.879869 11.024853
23.879900 11.037380
23.879925 11.049069
23.879921 11.061419
23.879927 11.073312
23.879932 11.085457
23.879923 11.097221
23.879873 11.110316
23.879898 11.121633
23.879852 11.133650
23.879808 11.146999
23.879778 11.158099
23.879728 11.170767
23.879654 11.183651
23.879585 11.195673
23.879539 11.207135
23.879452 11.220057
23.879393 11.232743
23.879347 11.244596
23.879311 11.257172
23.879257 11.268598
23.879208 11.281305
23.879194 11.294078
23.879166 11.305614
23.879164 11.318233
23.879169 11.329832
23.879206 11.341791
23.879225 11.354733
23.879263 11.366518
23.879307 11.378433
23.879356 11.390563
23.879412 11.402291
23.879488 11.415469
23.879557 11.426944
23.879637 11.439104
23.879715 11.450932
23.879822 11.463207
23.879910 11.475864
23.880009 11.487549
23.880095 11.499161
23.880194 11.512077
23.880274 11.524264
23.880367 11.535848
23.880468 11.547957
23.880537 11.560542
23.880606 11.572738
23.880655 11.584229
23.880749 11.596414
23.880789 11.608940
23.880859 11.621506
23.880896 11.633153
23.880938 11.645814
23.880949 11.657701
23.880991 11.670098
23.881035 11.682796
23.881056 11.694808
23.881073 11.707305
23.881109 11.718846
23.881170 11.731304
23.881199 11.743583
23.881260 11.755947
23.881292 11.768129
23.881351 11.780723
23.881372 11.792734
23.881433 11.805245
23.881540 11.816657
23.881586 11.829309
23.881666 11.841397
23.881760 11.853499
23.881887 11.866005
23.881985 11.878266
23.882124 11.890728
23.882240 11.902458
23.882378 11.914360
23.882504 11.926958
23.882652 11.938743
23.882809 11.950616
23.882944 11.962698
23.883081 11.974784
23.883251 11.987064
23.883430 11.999570
23.883560 12.010901
23.883715 12.023112
23.883850 12.035665
23.883984 12.047144
23.884071 12.059850
23.884193 12.071957
23.884308 12.084644
23.884401 12.096071
23.884485 12.108705
23.884588 12.121140
23.884686 12.133268
23.884743 12.145280
23.884808 12.157722
23.884851 12.169691
23.884918 12.182485
23.884930 12.194156
23.884975 12.206609
23.885031 12.218802
23.885073 12.231282
23.885099 12.243760
23.885164 12.256319
23.885233 12.268298
23.885271 12.280669
23.885340 12.293117
23.885406 12.304709
23.885508 12.317698
23.885525 12.329391
23.885614 12.341618
23.885719 12.353230
23.885798 12.366176
23.885887 12.378286
23.885996 12.390061
23.886127 12.402119
23.886238 12.414847
23.886372 12.426523
23.886501 12.439095
23.886616 12.451149
23.886715 12.463073
23.886848 12.475260
23.886982 12.487161
23.887121 12.499608
23.887220 12.511127
23.887369 12.523591
23.887495 12.536059
23.887600 12.547391
23.887707 12.559707
23.887810 12.571974
23.887897 12.584181
23.887953 12.595766
23.888029 12.608324
23.888111 12.620471
23.888168 12.632686
23.888199 12.645426
23.888250 12.657230
23.888292 12.669477
23.888323 12.681715
23.888342 12.694058
23.888367 12.706223
23.888376 12.719136
23.888374 12.731442
23.888460 12.743493
23.888527 12.755658
23.888664 12.767668
23.888784 12.780326
23.888931 12.792195
23.889097 12.805091
23.889269 12.816990
23.889437 12.829084
23.889706 12.841757
23.889940 12.854160
23.890207 12.866366
23.890505 12.878257
23.890789 12.890460
23.891155 12.902956
23.891481 12.915077
23.891827 12.927274
23.892159 12.939928
23.892527 12.951242
23.892944 12.964687
23.893305 12.976403
23.893675 12.988743
23.894045 13.000519
23.894461 13.012708
23.894829 13.025343
23.895178 13.037271
23.895559 13.050182
23.895897 13.062113
23.896259 13.075042
23.896572 13.086930
23.896891 13.098564
23.897215 13.111299
23.897465 13.123765
23.897764 13.135989
23.898039 13.148670
23.898294 13.160381
23.898514 13.172965
23.898773 13.185079
23.899035 13.198370
23.899256 13.210233
23.899485 13.222879
23.899693 13.234981
23.899879 13.247206
23.900085 13.259822
23.900240 13.272137
23.900423 13.284204
23.900587 13.296398
23.900776 13.309301
23.900936 13.321702
23.901104 13.333981
23.901264 13.346185
23.901440 13.358092
23.901590 13.370591
23.901731 13.382379
23.901913 13.394825
23.902060 13.406536
23.902218 13.419060
23.902376 13.431317
23.902515 13.443019
23.902662 13.455214
23.902748 13.467178
23.902895 13.479759
