25.250000 16.950365
25.250000 16.950365
25.250000 16.950365
25.250000 16.950365
25.250000 16.950365
25.250000 16.950365
25.250000 16.950365
25.250000 16.950365
25.250000 16.950365
25.250000 16.950365
25.250002 16.950365
25.250002 16.950365
25.250002 16.950365
25.250002 16.950365
25.250002 16.950365
25.250002 16.950365
25.250002 16.950365
25.250002 16.950365
25.250002 16.950365
25.250002 16.950365
25.250002 16.950365
25.250002 16.950365
25.250002 16.950365
25.250002 16.950365
25.250002 16.950365
25.250002 16.950365
25.250002 16.950365
25.250002 16.950365
25.250002 16.950365
25.250002 16.950365
25.250002 16.950365
25.250002 16.950365
25.250002 16.950365
25.250002 16.950365
25.250002 16.950365
25.250002 16.950365
25.250002 16.950365
25.250002 16.950365
25.250002 16.950365
25.250002 16.950365
25.250002 16.950365
25.250002 16.950365
25.250002 16.950365
25.239817 16.950268
25.223122 16.950172
25.201319 16.949800
25.180002 16.949511
25.157217 16.949129
25.134090 16.948744
25.111681 16.948383
25.087631 16.947929
25.069523 16.947596
25.039591 16.947134
25.016378 16.946781
24.992735 16.946505
24.969343 16.946247
24.946203 16.946102
24.922112 16.945936
24.898277 16.945822
24.876099 16.945742
24.852047 16.945631
24.829197 16.945589
24.804911 16.945704
24.781719 16.945871
24.757235 16.946144
24.733992 16.946199
24.710543 16.946520
24.686459 16.946606
24.661238 16.946995
24.637930 16.947042
24.615004 16.947285
24.591467 16.947685
24.567751 16.948345
24.549845 16.949219
24.521307 16.951279
24.497980 16.953314
24.473024 16.955509
24.451662 16.957651
24.427912 16.960316
24.404696 16.963022
24.380987 16.966263
24.357647 16.969847
24.339579 16.972525
24.310169 16.976717
24.286295 16.980141
24.261566 16.983669
24.245270 16.986103
24.217516 16.990252
24.192778 16.994011
24.170849 16.997284
24.148823 17.000629
24.123575 17.004496
24.102224 17.008213
24.079950 17.012476
24.057110 17.016958
24.033621 17.021708
24.012611 17.025972
23.989643 17.030676
23.967037 17.035355
23.944284 17.040079
23.920547 17.045006
23.899229 17.049480
23.875057 17.054718
23.852297 17.059662
23.828875 17.064634
23.806635 17.069321
23.784294 17.074038
23.759741 17.079088
23.738235 17.083500
23.714514 17.088295
23.691332 17.092936
23.668461 17.097437
23.648182 17.101400
23.625135 17.105871
23.601995 17.110294
23.578537 17.114857
23.557348 17.118891
23.535212 17.123116
23.512253 17.127371
23.488571 17.131758
23.466887 17.135700
23.443584 17.139910
23.420086 17.144148
23.396906 17.148216
23.373909 17.152271
23.349962 17.156420
23.328230 17.160143
23.303806 17.164206
23.280411 17.167889
23.258331 17.171181
23.235312 17.174545
23.211355 17.177887
23.189459 17.180893
23.165562 17.183872
23.142973 17.186785
23.119091 17.189657
23.096992 17.192259
23.073502 17.194828
23.050232 17.197409
23.027521 17.199854
23.003948 17.202238
22.980200 17.204664
22.956570 17.207161
22.933043 17.209583
22.907797 17.212254
22.884369 17.214474
22.860981 17.216808
22.837082 17.219034
22.812740 17.221182
22.789616 17.223215
22.765999 17.225145
22.742369 17.226980
22.718805 17.228735
22.695009 17.230324
22.671955 17.231844
22.647785 17.233362
22.623384 17.234861
22.600336 17.236111
22.577387 17.237429
22.553946 17.238726
22.530806 17.240040
22.506742 17.241501
22.483257 17.242817
22.459438 17.244246
22.435017 17.245644
22.411293 17.247032
22.387369 17.248432
22.364197 17.249722
22.340792 17.251019
22.316715 17.252272
22.293343 17.253397
22.269358 17.254539
22.246294 17.255535
22.223669 17.256424
22.200108 17.257296
22.176603 17.258089
22.152849 17.258842
22.128841 17.259598
22.105284 17.260330
22.080725 17.261082
22.057096 17.261757
22.034153 17.262474
22.010820 17.263216
21.987503 17.264011
21.963923 17.264824
21.941227 17.265636
21.916136 17.266571
21.893906 17.267363
21.868874 17.268261
21.845062 17.269033
21.821945 17.269815
21.799788 17.270475
21.775967 17.271179
21.751431 17.271793
21.727825 17.272314
21.705166 17.272812
21.681562 17.273239
21.657715 17.273634
21.634794 17.273993
21.609972 17.274393
21.586809 17.274805
21.562984 17.275175
21.538277 17.275648
21.515966 17.276079
21.491278 17.276585
21.467449 17.277147
21.445936 17.277702
21.421833 17.278341
21.398649 17.278957
21.374287 17.279587
21.349205 17.280235
21.327429 17.280769
21.302155 17.281357
21.278557 17.281843
21.256144 17.282246
21.233013 17.282614
21.209156 17.282927
21.183666 17.283190
21.160511 17.283411
21.137102 17.283594
21.114878 17.283768
21.091211 17.283989
21.066179 17.284214
21.043501 17.284428
21.020784 17.284716
20.996433 17.285032
20.971039 17.285419
20.949413 17.285805
20.924707 17.286304
20.902346 17.286745
20.879038 17.287254
20.854542 17.287781
20.830040 17.288267
20.807184 17.288694
20.784136 17.289082
20.759907 17.289473
20.737064 17.289791
20.713972 17.290077
20.690380 17.290337
20.665295 17.290518
20.641113 17.290686
20.619534 17.290800
20.594152 17.290907
20.570906 17.291058
20.546719 17.291197
20.524450 17.291363
20.499617 17.291580
20.476931 17.291849
20.451931 17.292206
20.428663 17.292536
20.405701 17.292929
20.381987 17.293293
20.357759 17.293720
20.334232 17.294077
20.310709 17.294394
20.289259 17.294670
20.264271 17.294868
20.241377 17.295063
20.216810 17.295170
20.193638 17.295242
20.169689 17.295280
20.146673 17.295282
20.121796 17.295311
20.098349 17.295307
20.075642 17.295326
20.052948 17.295391
20.028807 17.295467
20.004959 17.295650
19.981857 17.295809
19.957802 17.296072
19.933041 17.296347
19.911377 17.296642
19.886429 17.297060
19.862448 17.297440
19.838749 17.297827
19.816193 17.298159
19.793190 17.298481
19.768539 17.298803
19.746136 17.299013
19.721560 17.299219
19.697235 17.299347
19.674299 17.299475
19.650406 17.299574
19.627907 17.299606
19.602547 17.299685
19.580976 17.299728
19.556343 17.299782
19.531719 17.299894
19.509472 17.300030
19.484423 17.300282
19.461061 17.300508
19.437920 17.300844
19.413822 17.301214
19.390236 17.301567
19.367617 17.301947
19.344774 17.302277
19.319822 17.302662
19.297951 17.302935
19.272532 17.303247
19.249207 17.303486
19.229649 17.303612
19.203470 17.303778
19.179132 17.303858
19.154291 17.303892
19.131083 17.303896
19.109041 17.303875
19.084864 17.303885
19.059969 17.303900
19.035791 17.303946
19.013075 17.304043
18.988506 17.304134
18.964661 17.304340
18.942026 17.304535
18.918411 17.304829
18.894335 17.305140
18.871958 17.305470
18.847914 17.305866
18.824068 17.306219
18.799555 17.306587
18.777901 17.306839
18.754114 17.307055
18.728848 17.307255
18.707575 17.307386
18.681574 17.307547
18.658171 17.307615
18.635183 17.307709
18.611216 17.307791
18.587496 17.307823
18.564968 17.307915
18.539848 17.307985
18.515703 17.308115
18.492052 17.308279
18.469349 17.308508
18.445705 17.308825
18.422813 17.309086
18.398333 17.309494
18.376434 17.309841
18.351950 17.310219
18.328379 17.310600
18.305267 17.310928
18.280979 17.311275
18.257605 17.311525
18.234987 17.311800
18.210464 17.311989
18.185909 17.312126
18.163454 17.312250
18.138575 17.312292
18.116030 17.312353
18.092787 17.312384
18.068121 17.312412
18.044941 17.312496
18.021559 17.312601
17.997988 17.312719
17.973696 17.312935
17.949869 17.313139
17.927937 17.313412
17.903244 17.313688
17.879534 17.314022
17.856014 17.314346
17.833447 17.314672
17.813696 17.314955
17.785711 17.315260
17.761961 17.315546
17.739313 17.315714
17.714981 17.315845
17.696548 17.315941
17.668152 17.315977
17.643478 17.316023
17.619549 17.316006
17.595175 17.315998
17.571751 17.315966
17.548306 17.315947
17.524446 17.315992
17.502230 17.316019
17.478798 17.316143
17.453999 17.316271
17.432285 17.316431
17.406384 17.316690
17.384035 17.316919
17.360743 17.317213
17.337221 17.317484
17.312292 17.317745
17.290436 17.317953
17.271648 17.318117
17.243214 17.318308
17.220127 17.318367
17.196997 17.318386
17.171463 17.318365
17.148739 17.318287
17.123377 17.318205
17.099871 17.318113
17.078281 17.318008
17.053610 17.317942
17.028952 17.317875
17.006449 17.317883
16.983261 17.317890
16.957756 17.317982
16.935829 17.318098
16.912258 17.318253
16.887718 17.318470
16.864849 17.318668
16.840137 17.318933
16.817579 17.319120
16.795033 17.319283
16.770361 17.319454
16.747095 17.319530
16.724749 17.319626
16.700258 17.319630
16.676191 17.319586
16.653038 17.319513
16.629396 17.319410
16.603813 17.319290
16.581993 17.319164
16.558756 17.319036
16.533886 17.318903
16.510433 17.318836
16.488199 17.318817
16.462719 17.318863
16.438902 17.318943
16.415297 17.319031
16.391434 17.319153
16.369953 17.319300
16.343990 17.319462
16.320906 17.319620
16.297367 17.319759
16.274511 17.319830
16.250690 17.319941
16.227093 17.319946
16.202984 17.319931
16.180246 17.319845
16.157284 17.319763
16.133854 17.319643
16.107979 17.319492
16.084230 17.319365
16.060707 17.319223
16.036783 17.319120
16.012836 17.319038
15.991013 17.319025
15.966133 17.319021
15.941790 17.319071
15.919167 17.319136
15.895133 17.319265
15.871618 17.319401
15.848518 17.319551
15.825674 17.319685
15.801875 17.319820
15.778769 17.319901
15.754498 17.319977
15.732087 17.320019
15.708013 17.319988
15.683963 17.319923
15.661205 17.319830
15.637213 17.319704
15.612008 17.319536
15.589889 17.319365
15.565406 17.319180
15.541384 17.318983
15.516697 17.318830
15.494255 17.318718
15.468972 17.318686
15.446275 17.318680
15.422860 17.318733
15.398277 17.318813
15.375564 17.318893
15.352661 17.319035
15.327424 17.319168
15.305281 17.319284
15.285500 17.319363
15.258403 17.319450
15.234366 17.319477
15.209813 17.319441
15.187614 17.319380
15.163486 17.319267
15.138458 17.319092
15.116405 17.318922
15.093178 17.318724
15.067991 17.318541
15.045476 17.318371
15.021284 17.318220
14.998592 17.318142
14.972836 17.318066
14.950199 17.318050
14.926932 17.318056
14.903124 17.318144
14.878372 17.318277
14.860480 17.318377
14.831528 17.318558
14.808252 17.318680
14.784971 17.318777
14.761157 17.318853
14.737281 17.318874
14.713896 17.318886
14.691010 17.318832
14.667408 17.318743
14.644749 17.318604
14.619687 17.318439
14.597187 17.318264
14.571838 17.318047
14.548345 17.317896
14.525598 17.317677
14.501607 17.317530
14.477961 17.317274
14.455087 17.317036
14.432449 17.316442
14.407350 17.315706
14.385198 17.315111
14.361647 17.314388
14.337297 17.313641
14.314579 17.313044
14.292386 17.311810
14.268640 17.309971
14.245464 17.308084
14.222304 17.305735
14.198216 17.303274
14.174843 17.300331
14.152118 17.297081
14.130422 17.293402
14.106793 17.288498
14.082565 17.283520
14.059109 17.278343
14.035339 17.273230
14.014189 17.269306
13.992083 17.265194
13.968926 17.260330
13.947608 17.254850
13.927079 17.249557
13.905585 17.242069
13.885073 17.233339
13.865940 17.224768
13.846806 17.216261
13.827927 17.206488
13.809015 17.195852
13.790556 17.184959
13.772322 17.173887
13.754116 17.162222
13.737557 17.151407
13.718906 17.138712
13.701545 17.126842
13.685201 17.114950
13.669962 17.103355
13.653591 17.090382
13.638283 17.077681
13.623697 17.065111
13.609643 17.052601
13.595229 17.039289
13.582024 17.026655
13.568856 17.013470
13.555417 16.999735
13.542337 16.986053
13.530323 16.972904
13.518043 16.958601
13.507044 16.945887
13.494962 16.931215
13.484379 16.918419
13.473697 16.904469
13.462858 16.890074
13.452657 16.876400
13.442833 16.862530
13.432603 16.847656
13.423622 16.834339
13.414106 16.819534
13.405330 16.805706
13.397001 16.792114
13.389075 16.778337
13.380796 16.763369
13.373320 16.750092
13.365256 16.735420
13.358008 16.721355
13.351077 16.707476
13.343909 16.692974
13.337420 16.679102
13.330503 16.664705
13.323700 16.649761
13.317656 16.635958
13.311687 16.622311
13.305523 16.606907
13.300416 16.593906
13.294436 16.579670
13.288977 16.565777
13.283713 16.550566
13.278382 16.536285
13.273234 16.522799
13.269197 16.509634
13.264964 16.495983
13.260963 16.482237
13.257228 16.468201
13.254145 16.455864
13.250842 16.442724
13.247647 16.429525
13.244548 16.416634
13.241501 16.403376
13.238025 16.389603
13.234984 16.376438
13.231942 16.363359
13.228516 16.349174
13.225254 16.336330
13.221591 16.322233
13.218300 16.308977
13.215031 16.295868
13.211699 16.282194
13.208466 16.269167
13.205207 16.255667
13.202052 16.242575
13.198833 16.229168
13.195658 16.215887
13.192392 16.202309
13.189061 16.188858
13.185653 16.175545
13.182245 16.161535
13.178908 16.148401
13.175583 16.135237
13.172174 16.121918
13.168458 16.107536
13.165190 16.095160
13.161580 16.081640
13.157856 16.067049
13.154503 16.053370
13.151045 16.039989
13.147276 16.027224
13.142901 16.013264
13.138248 15.998849
13.134303 15.986476
13.129740 15.972094
13.124866 15.958178
13.119710 15.944099
13.114238 15.930289
13.108612 15.915736
13.103315 15.902387
13.097958 15.888691
13.091883 15.874375
13.085931 15.860312
13.079704 15.846066
13.073607 15.832362
13.067020 15.817548
13.061275 15.804612
13.054720 15.790330
13.048310 15.776746
13.041687 15.763547
13.034279 15.749381
13.026737 15.735695
13.018322 15.721440
13.009756 15.707627
13.000627 15.693724
12.991100 15.679708
12.981382 15.666370
12.970653 15.651948
12.960250 15.638629
12.948813 15.624607
12.937665 15.611315
12.926928 15.599029
12.914317 15.585058
12.901070 15.571124
12.888171 15.557965
12.874936 15.544930
12.861408 15.532056
12.847349 15.519277
12.834059 15.507411
12.819216 15.494772
12.805989 15.483872
12.790599 15.472012
12.775007 15.460735
12.758475 15.449416
12.741500 15.438432
12.725164 15.428261
12.706621 15.418158
12.687373 15.408088
12.668665 15.398458
12.650517 15.389133
12.632279 15.382329
12.610532 15.374151
12.586995 15.364944
12.567540 15.356792
12.543735 15.348121
12.522888 15.340829
12.502192 15.333551
12.480336 15.325610
12.458364 15.318189
12.436234 15.310854
12.412910 15.303599
12.390594 15.297534
12.368249 15.292546
12.345769 15.287803
12.322409 15.283813
12.299099 15.279954
12.276706 15.276141
12.252588 15.272009
12.230710 15.268402
12.207080 15.264484
12.184541 15.260779
12.163753 15.257563
12.140086 15.253847
12.121984 15.251015
12.093976 15.246848
12.070829 15.243430
12.047709 15.240123
12.024907 15.236993
12.001633 15.233993
11.979076 15.231280
11.954207 15.228486
11.933133 15.226357
11.909313 15.223852
11.886352 15.221723
11.865166 15.219878
11.841782 15.217949
11.817703 15.215989
11.794258 15.214123
11.770866 15.212171
11.748575 15.210379
11.725832 15.208476
11.702866 15.206585
11.679489 15.204774
11.654735 15.202957
11.632099 15.201460
11.607835 15.200061
11.585714 15.198984
11.561495 15.198121
11.537264 15.197323
11.514459 15.196954
11.490493 15.196673
11.468435 15.196328
11.446168 15.196012
11.421899 15.195745
11.397613 15.195527
11.375725 15.195354
11.351894 15.195300
11.326178 15.195133
11.302917 15.194999
11.281013 15.194803
11.260314 15.194564
11.232952 15.194266
11.209651 15.193926
11.191274 15.193634
11.161109 15.193175
11.139423 15.192862
11.115145 15.192543
11.091125 15.192245
11.066865 15.192019
11.050591 15.191878
11.020872 15.191746
10.996249 15.191706
10.973266 15.191694
10.948597 15.191699
10.926315 15.191759
10.901097 15.191829
10.879612 15.191863
10.854393 15.191908
10.829653 15.191907
10.806858 15.191905
10.784549 15.191839
10.758903 15.191674
10.735526 15.191516
10.713325 15.191338
10.688361 15.191147
10.664796 15.190934
10.641254 15.190741
10.617249 15.190546
10.593590 15.190382
10.570261 15.190289
10.546992 15.190210
10.523596 15.190197
10.499201 15.190226
10.477870 15.190261
10.451524 15.190408
10.428528 15.190525
10.405722 15.190692
10.382899 15.190794
10.362219 15.190877
10.334197 15.190996
10.311704 15.191004
10.293277 15.191011
10.263264 15.190925
10.239872 15.190804
10.219827 15.190680
10.192762 15.190461
10.169636 15.190289
10.150098 15.190127
10.123246 15.189975
10.097631 15.189870
10.076144 15.189843
10.055400 15.189954
10.028719 15.190178
10.004568 15.190553
9.979118 15.191008
9.957401 15.191474
9.933739 15.192142
9.907868 15.193069
9.884429 15.193888
9.861358 15.194801
9.837452 15.195687
9.814609 15.196617
9.789341 15.197700
9.767707 15.198792
9.742435 15.199924
9.718600 15.201034
9.696445 15.202107
9.672180 15.203403
9.650062 15.204512
9.626907 15.205666
9.603137 15.206895
9.581630 15.208068
9.557228 15.209422
9.533044 15.211008
9.508867 15.212671
9.484394 15.214445
9.463007 15.215983
9.439795 15.217660
9.415635 15.219374
9.391875 15.221127
9.366926 15.222879
9.347444 15.224236
9.325381 15.225741
9.299848 15.227445
9.272055 15.229264
9.248794 15.230677
9.225114 15.232109
9.202471 15.233428
9.179807 15.234737
9.155352 15.236105
9.131106 15.237397
9.108945 15.238580
9.086530 15.239803
9.061214 15.241188
9.037674 15.242491
9.014405 15.243788
8.992494 15.244992
8.968801 15.246220
8.944709 15.247564
8.921100 15.248852
8.895869 15.250199
8.873735 15.251311
8.849011 15.252587
8.825740 15.253686
8.800360 15.254902
8.777446 15.255920
8.758786 15.256689
8.731940 15.257756
8.708505 15.258612
8.682946 15.259553
8.660955 15.260314
8.642708 15.260967
8.614152 15.261982
8.589331 15.262767
8.567765 15.263515
8.543068 15.264410
8.519712 15.265250
8.497011 15.266137
8.471634 15.267178
8.448363 15.268120
8.425022 15.269058
8.400943 15.270045
8.376090 15.271020
8.354196 15.271871
8.330382 15.272742
8.304457 15.273682
8.280754 15.274446
8.259757 15.275084
8.235459 15.275781
8.210260 15.276445
8.187523 15.277038
8.165510 15.277549
8.142578 15.278097
8.117545 15.278672
8.093281 15.279148
8.070476 15.279668
8.046211 15.280183
8.022339 15.280772
7.999135 15.281415
7.975924 15.282046
7.952229 15.282709
7.930062 15.283339
7.904081 15.284067
7.881916 15.284674
7.857918 15.285314
7.834649 15.285921
7.814459 15.286387
7.785007 15.286990
7.763438 15.287395
7.739133 15.287790
7.716552 15.288134
7.690475 15.288463
7.669131 15.288719
7.643512 15.289027
7.621913 15.289271
7.598620 15.289517
7.575139 15.289764
7.549552 15.290051
7.526356 15.290415
7.502106 15.290751
7.480855 15.291103
7.461319 15.291413
7.433483 15.291918
7.408929 15.292377
7.386706 15.292755
7.362867 15.293170
7.339183 15.293557
7.315037 15.293897
7.290409 15.294237
7.267932 15.294437
7.242633 15.294682
7.219083 15.294787
7.197423 15.294869
7.177446 15.294930
7.153955 15.294987
7.127016 15.295020
7.102783 15.295053
7.079189 15.295106
7.054133 15.295245
7.032621 15.295299
7.008500 15.295479
6.983791 15.295655
6.960008 15.295925
6.936060 15.296123
6.913247 15.296376
6.888575 15.296653
6.864865 15.296907
6.842811 15.297158
6.818162 15.297365
6.795878 15.297497
6.772210 15.297627
6.746834 15.297668
6.723894 15.297705
6.699996 15.297639
6.674701 15.297553
6.652324 15.297457
6.627843 15.297352
6.604739 15.297277
6.581922 15.297215
6.559515 15.297182
6.535696 15.297223
6.511127 15.297270
6.487237 15.297371
6.462148 15.297486
6.439374 15.297662
6.415357 15.297847
6.393254 15.298018
6.369508 15.298213
6.343677 15.298371
6.319976 15.298533
6.297931 15.298618
6.273041 15.298650
6.250112 15.298610
6.231915 15.298621
6.201811 15.298497
6.179509 15.298394
6.155482 15.298276
6.133808 15.298121
6.109176 15.297979
6.089918 15.297877
6.062827 15.297782
6.037156 15.297742
6.015232 15.297745
5.995652 15.297793
5.966339 15.297940
5.942736 15.298080
5.919021 15.298268
5.895330 15.298423
5.871627 15.298589
5.850512 15.298762
5.824438 15.298870
5.800525 15.298975
5.778021 15.299027
5.753450 15.299024
5.731446 15.298964
5.707598 15.298866
5.683998 15.298767
5.659472 15.298596
5.636101 15.298453
5.613717 15.298283
5.590149 15.298150
5.566399 15.298029
5.541684 15.297969
5.519280 15.297955
5.494488 15.297968
5.470643 15.298057
5.446994 15.298122
5.422805 15.298269
5.399796 15.298412
5.376855 15.298567
5.353610 15.298670
5.330418 15.298800
5.305590 15.298899
5.282905 15.298931
5.257364 15.298888
5.235097 15.298816
5.211883 15.298710
5.186412 15.298563
5.162797 15.298395
5.139449 15.298172
5.117868 15.297964
5.094590 15.297759
5.071250 15.297584
5.051003 15.297402
5.021791 15.297156
4.998006 15.296922
4.981549 15.296774
4.951147 15.296579
4.927725 15.296417
4.905929 15.296283
4.881255 15.296110
4.858774 15.295801
4.838388 15.295347
4.813938 15.294738
4.788016 15.294011
4.761786 15.293097
4.739067 15.291856
4.715219 15.290651
4.693190 15.289351
4.672970 15.287865
4.645660 15.285982
4.622866 15.284414
4.598921 15.282320
4.575341 15.280116
4.551834 15.277902
4.526889 15.275008
4.502585 15.272192
4.478586 15.269192
4.456177 15.266607
4.433780 15.263616
4.413897 15.261357
4.385442 15.257556
4.363722 15.254667
4.341289 15.250278
4.316814 15.245286
4.294333 15.240111
4.274086 15.234822
4.249399 15.227476
4.227296 15.220911
4.205657 15.214243
4.184433 15.207257
4.161282 15.199528
4.136317 15.190653
4.113856 15.183658
4.091753 15.176195
4.071279 15.168894
4.048271 15.160179
4.027427 15.152230
4.006330 15.144002
3.984677 15.135270
3.965630 15.126912
3.944496 15.117241
3.924068 15.107560
3.905943 15.098649
3.886258 15.088591
3.865424 15.077652
3.846870 15.067533
3.831181 15.058507
3.808047 15.045169
3.789993 15.034622
3.772670 15.024477
3.753031 15.012695
3.734394 15.001489
3.716400 14.989765
3.700082 14.978804
3.681556 14.966365
3.664796 14.954602
3.648899 14.943378
3.630927 14.930395
3.614266 14.917709
3.599176 14.906100
3.582583 14.892879
3.566268 14.879453
3.552226 14.867393
3.536880 14.853955
3.522748 14.841287
3.510038 14.829755
3.494643 14.815272
3.481738 14.802994
3.467971 14.789527
3.454552 14.776236
3.441501 14.763007
3.427916 14.749056
3.415782 14.736168
3.402823 14.722063
3.390308 14.708280
3.378184 14.694816
3.366564 14.681382
3.355617 14.668435
3.344188 14.654719
3.333488 14.641465
3.322574 14.627589
3.313088 14.615121
3.301937 14.600049
3.292997 14.587711
3.282646 14.573249
3.273435 14.560555
3.263896 14.546893
3.254444 14.532796
3.245804 14.519491
3.237060 14.506264
3.227719 14.491312
3.219301 14.477658
3.210973 14.464302
3.202395 14.450487
3.193723 14.436360
3.185895 14.423494
3.177339 14.408733
3.169277 14.394964
3.163253 14.384337
3.153644 14.367415
3.146574 14.354529
3.138181 14.339148
3.130773 14.325319
3.123920 14.312630
3.117666 14.300677
3.109308 14.284626
3.101956 14.270278
3.095467 14.257366
3.088403 14.243214
3.081676 14.229274
3.074885 14.215118
3.068603 14.201955
3.061878 14.187774
3.055866 14.175348
3.049064 14.160485
3.042501 14.146184
3.036321 14.132803
3.030659 14.120189
3.024284 14.105951
3.017936 14.091869
3.011693 14.077914
3.006502 14.066439
2.999262 14.049815
2.993613 14.037190
2.987696 14.023850
2.981139 14.009017
2.975638 13.996441
2.969245 13.981838
2.964584 13.971060
2.957646 13.955183
2.951977 13.941675
2.945826 13.927248
2.939544 13.912464
2.933991 13.899367
2.928524 13.886176
2.922941 13.872345
2.917372 13.858666
2.911824 13.844813
2.906314 13.830752
2.901553 13.818785
2.895407 13.803019
2.890093 13.789235
2.885171 13.776299
2.879601 13.761709
2.874137 13.747288
2.869544 13.734958
2.863905 13.720038
2.859251 13.707653
2.854905 13.695767
2.849310 13.680452
2.844284 13.666313
2.839578 13.653152
2.834750 13.639602
2.830014 13.626276
2.824694 13.611271
2.820426 13.599174
2.815762 13.585718
2.810741 13.570777
2.806470 13.558602
2.802862 13.548162
2.797560 13.532322
2.793555 13.520762
2.788505 13.505556
2.784295 13.492735
2.779938 13.478870
2.776355 13.466883
2.772483 13.453192
2.768903 13.440333
2.766067 13.429688
2.761782 13.412369
2.758746 13.399816
2.755387 13.387092
2.752506 13.374246
2.749513 13.360764
2.746693 13.348204
2.743887 13.334373
2.741135 13.321134
2.738471 13.307616
2.736058 13.294760
2.733634 13.281907
2.731076 13.267919
2.728894 13.255625
2.726697 13.242584
2.723967 13.228656
2.721095 13.215525
2.718653 13.202990
2.716215 13.189547
2.713705 13.176904
2.710337 13.163580
2.706972 13.149120
2.704020 13.137341
2.700706 13.123789
2.698352 13.109806
2.696602 13.097266
2.694283 13.083421
2.691751 13.071280
2.689555 13.058057
2.687992 13.044367
2.686128 13.031006
2.684614 13.018640
2.682741 13.006282
2.681177 12.993183
2.680047 12.980065
2.679413 12.970848
2.678723 12.957448
2.678228 12.942065
2.679451 12.930126
2.682328 12.918842
2.685105 12.907862
2.687193 12.899858
2.690402 12.887554
2.693113 12.877514
2.695905 12.866819
2.698722 12.856295
2.701450 12.845995
2.704533 12.834552
2.707112 12.824833
2.710127 12.814136
2.713026 12.803576
2.715972 12.792972
2.718775 12.783088
2.721905 12.772523
2.725338 12.761799
2.728189 12.751964
2.731454 12.742148
2.735213 12.731390
2.738173 12.722339
2.742087 12.710553
2.745373 12.700874
2.748779 12.690848
2.752476 12.680597
2.755729 12.671160
2.759354 12.660828
2.762103 12.652761
2.766350 12.640961
2.770189 12.630578
2.773444 12.621795
2.776930 12.612155
2.780183 12.603387
2.784328 12.592281
2.788287 12.582135
2.792106 12.572670
2.796013 12.562260
2.799036 12.554526
2.803924 12.542272
2.807683 12.532992
2.811567 12.523129
2.815337 12.513397
2.819162 12.503749
2.822630 12.494926
2.826663 12.484730
2.830834 12.474476
2.834604 12.465166
2.838576 12.455169
2.842033 12.446516
2.846301 12.435773
2.849911 12.426962
2.853703 12.417875
2.857867 12.407588
2.861835 12.397825
2.865328 12.389222
2.869272 12.379653
2.873389 12.369956
2.876946 12.361005
2.880638 12.351355
2.883372 12.343259
2.887503 12.331479
2.891015 12.321590
2.894279 12.312179
2.897586 12.302630
2.900952 12.292969
2.904557 12.282410
2.907760 12.272767
2.910671 12.262801
2.913962 12.252724
2.917161 12.242271
2.919928 12.232064
2.922879 12.222621
2.925932 12.212708
2.929019 12.201990
2.932293 12.192462
2.935442 12.181747
2.938358 12.171850
2.941244 12.161511
2.943785 12.151993
2.947022 12.141060
2.949615 12.131726
2.952310 12.121121
2.954958 12.111327
2.957675 12.100904
2.960378 12.090557
2.962945 12.080331
2.965192 12.071201
2.968387 12.058882
2.970999 12.048208
2.973583 12.037851
2.976020 12.027384
2.978449 12.017472
2.980662 12.006566
2.982772 11.996372
2.985023 11.985422
2.986891 11.974833
2.988228 11.964126
2.989392 11.953079
2.991066 11.941701
2.992809 11.930926
2.994779 11.919136
2.996300 11.907611
2.997391 11.896815
2.998105 11.885021
2.998779 11.873827
2.999735 11.861829
3.000281 11.850381
3.001285 11.837785
3.002551 11.825794
3.003934 11.813673
3.005100 11.802643
3.006667 11.790670
3.007633 11.779861
3.008568 11.767396
3.009418 11.755643
3.010214 11.744361
3.010998 11.732657
3.011664 11.719777
3.012563 11.708247
3.013295 11.696066
3.013916 11.684139
3.014458 11.673002
3.015078 11.660989
3.015624 11.649441
3.016205 11.637468
3.016791 11.625496
3.017385 11.613227
3.017944 11.601613
3.018480 11.590471
3.019027 11.579183
3.019622 11.566441
3.020139 11.555210
3.020655 11.543353
3.021182 11.531509
3.021639 11.519620
3.021984 11.508664
3.022408 11.496626
3.022847 11.485254
3.023234 11.472893
3.023401 11.461309
3.023027 11.449159
3.023012 11.437032
3.023181 11.425123
3.023332 11.413194
3.023568 11.400310
3.023771 11.388159
3.023968 11.376393
3.024218 11.364614
3.024356 11.352361
3.024518 11.340137
3.024730 11.326909
3.024877 11.315723
3.024872 11.302793
3.024967 11.292772
3.025113 11.278333
3.025233 11.266304
3.025318 11.254292
3.025413 11.241811
3.025431 11.229403
3.025481 11.217297
3.025513 11.207533
3.025568 11.193025
3.025630 11.180061
3.025679 11.168128
3.025729 11.156799
3.025779 11.144272
3.025827 11.132976
3.025859 11.120597
3.025723 11.108051
3.025701 11.096214
3.025720 11.084992
3.025756 11.071937
3.025654 11.060109
3.025573 11.048564
3.025594 11.035890
3.025541 11.023853
3.025540 11.011824
3.025518 11.000150
3.025532 10.988333
3.025510 10.976482
3.025489 10.964067
3.025562 10.951665
3.025566 10.940046
3.025462 10.927696
3.025470 10.915791
3.025501 10.903495
3.025510 10.891527
3.025511 10.879022
3.025513 10.865843
3.025389 10.853729
3.025245 10.842101
3.025157 10.829668
3.025140 10.817546
3.025080 10.804801
3.025014 10.794872
3.024873 10.779553
3.024874 10.767952
3.024740 10.754817
3.024513 10.742582
3.024292 10.730797
3.024033 10.718188
3.023821 10.706243
3.023559 10.693153
3.023308 10.680897
3.023079 10.669280
3.022850 10.656986
3.022603 10.644462
3.022394 10.632833
3.022189 10.620539
3.021976 10.608331
3.021797 10.595713
3.021616 10.583777
3.021441 10.572249
3.021264 10.559628
3.021137 10.548147
3.021006 10.535593
3.020866 10.523680
3.020707 10.510995
3.020589 10.499337
3.020475 10.487438
3.020324 10.475084
3.020206 10.462608
3.020106 10.450675
3.019973 10.438787
3.019770 10.426623
3.019634 10.413754
3.019507 10.401790
3.019347 10.388849
3.019211 10.376533
3.019315 10.365099
3.019586 10.352621
3.019619 10.339997
3.019881 10.327111
3.019952 10.315884
3.019933 10.303782
3.019941 10.290554
3.019933 10.279049
3.020023 10.266500
3.020316 10.254236
3.020545 10.242319
3.020328 10.229394
3.020133 10.217904
3.019942 10.205481
3.019744 10.193152
3.019542 10.180775
3.019338 10.168146
3.019107 10.156391
3.018902 10.144084
3.018677 10.131784
3.018524 10.119903
3.018277 10.107553
3.018028 10.095185
3.017798 10.083329
3.017559 10.071440
3.017329 10.059592
3.017099 10.046534
3.016908 10.035028
3.016650 10.023245
3.016454 10.010774
3.016266 9.998834
3.016104 9.987081
3.015843 9.974138
3.015654 9.962744
3.015412 9.949621
3.015189 9.937268
3.015070 9.925367
3.014888 9.913223
3.014699 9.901305
3.014429 9.888308
3.014248 9.875840
3.014067 9.864094
3.013912 9.851639
3.013778 9.839379
3.013662 9.827250
3.013530 9.814997
3.013381 9.802795
3.013261 9.792612
3.013169 9.777531
3.013057 9.765177
3.012916 9.752731
3.012794 9.740365
3.012706 9.728818
3.012485 9.716869
3.012271 9.704064
3.012150 9.691651
3.012028 9.679303
3.011926 9.667212
3.011861 9.654952
3.011802 9.643057
3.011812 9.630529
3.011812 9.619086
3.011780 9.606253
3.011745 9.594655
3.011740 9.582359
3.011757 9.570556
3.011853 9.558579
3.012002 9.546132
3.012225 9.534741
3.012657 9.522169
3.012888 9.510282
3.012994 9.500489
3.013209 9.487054
3.013336 9.475098
3.013603 9.462873
3.013786 9.450291
3.013990 9.438664
3.014381 9.426385
3.014629 9.414944
3.014844 9.402670
3.015161 9.389907
3.015535 9.379063
3.015896 9.366744
3.016185 9.354119
3.016517 9.342046
3.016811 9.331470
3.017201 9.317441
3.017529 9.304914
3.017866 9.293255
3.018216 9.281324
3.018556 9.268918
3.018892 9.256860
3.019272 9.244901
3.019678 9.232801
3.020062 9.221050
3.020480 9.208533
3.020827 9.197106
3.021402 9.185225
3.021759 9.172790
3.022277 9.160749
3.022827 9.149070
3.023494 9.136741
3.024138 9.124976
3.024796 9.113822
3.025460 9.102240
3.026181 9.089913
3.026861 9.078462
3.027905 9.066465
3.028709 9.055159
3.029456 9.043998
3.030323 9.031990
3.031189 9.020872
3.032237 9.008752
3.033117 8.997351
3.034026 8.985580
3.035315 8.973946
3.036516 8.962399
3.037545 8.951280
3.038820 8.939375
3.039850 8.928311
3.040908 8.916705
3.042042 8.905354
3.043097 8.893675
3.044228 8.881928
3.045382 8.870271
3.046454 8.858561
3.047560 8.847274
3.048747 8.835168
3.049900 8.823794
3.051274 8.811996
3.052500 8.800523
3.053666 8.788743
3.054934 8.776937
3.056120 8.765594
3.057394 8.754234
3.058951 8.742290
3.060249 8.731184
3.061871 8.718960
3.063199 8.707831
3.064626 8.696577
3.065905 8.685483
3.067461 8.673345
3.068948 8.662572
3.070563 8.651173
3.072517 8.640132
3.074338 8.628373
3.075995 8.617713
3.077741 8.606979
3.079839 8.595676
3.081893 8.584620
3.083871 8.573315
3.085679 8.562781
3.087592 8.552105
3.089647 8.541060
3.091940 8.529610
3.093925 8.519495
3.096510 8.508096
3.098544 8.497575
3.101033 8.487061
3.103283 8.476429
3.105855 8.465701
3.108088 8.455334
3.110558 8.443890
3.113143 8.433301
3.115792 8.422662
3.118482 8.411586
3.120857 8.401765
3.123643 8.390480
3.126392 8.379986
3.128934 8.369987
3.131830 8.358881
3.134425 8.348449
3.137581 8.337898
3.140267 8.327965
3.143292 8.317331
3.146449 8.306123
3.149127 8.296366
3.152131 8.285879
3.155112 8.275557
3.158415 8.265315
3.161415 8.255752
3.164676 8.245481
3.167634 8.235522
3.171301 8.224716
3.174524 8.215348
3.178436 8.204272
3.182019 8.194730
3.185597 8.184854
3.189041 8.175586
3.192893 8.165352
3.196378 8.156381
3.200102 8.146510
3.203715 8.137075
3.207526 8.127172
3.211264 8.117730
3.215491 8.107165
3.219148 8.098087
3.222902 8.088983
3.227015 8.078611
3.230850 8.069230
3.235152 8.058853
3.239180 8.049269
3.243293 8.040299
3.247260 8.031390
3.251698 8.021336
3.255848 8.012179
3.260096 8.002727
3.264245 7.993783
3.268512 7.984502
3.272469 7.975852
3.277124 7.966109
3.281466 7.957161
3.285817 7.947743
3.290258 7.938463
3.294580 7.929599
3.298959 7.920807
3.303319 7.911993
3.307568 7.903443
3.312092 7.894373
3.316817 7.884953
3.321327 7.875988
3.325586 7.867348
3.329985 7.858509
3.334137 7.850117
3.338686 7.840702
3.342757 7.832373
3.347400 7.822752
3.351710 7.813784
3.355924 7.804886
3.360140 7.795760
3.364302 7.787019
3.368390 7.778014
3.372556 7.768779
3.376343 7.760024
3.380147 7.750631
3.383989 7.741237
3.387736 7.732205
3.391099 7.722937
3.394653 7.713447
3.398220 7.704655
3.401989 7.695482
3.405811 7.685501
3.409151 7.676021
3.412873 7.666389
3.416193 7.656910
3.419739 7.647717
3.422913 7.638922
3.426313 7.629212
3.429937 7.619202
3.432809 7.609770
3.435988 7.599862
3.438828 7.590821
3.441906 7.580102
3.444654 7.570565
3.447770 7.560986
3.450277 7.550823
3.452532 7.540711
3.454923 7.529591
3.456963 7.519307
3.459435 7.507997
3.460971 7.497380
3.462051 7.486031
3.462735 7.474013
3.462656 7.462285
3.462053 7.450318
3.460835 7.437816
3.459109 7.425102
3.456987 7.411436
3.455566 7.399174
3.453957 7.386286
3.452739 7.372661
3.452336 7.359562
3.452570 7.347121
3.453183 7.335990
3.453980 7.323461
3.454358 7.311679
3.454677 7.299898
3.454702 7.288033
3.454475 7.275585
3.454278 7.263819
3.454149 7.251127
3.453991 7.238984
3.453851 7.225891
3.454115 7.213703
3.454103 7.201849
3.453643 7.190104
3.453109 7.177776
3.452517 7.164893
3.451969 7.153520
3.451111 7.141423
3.450441 7.128790
3.449790 7.116061
3.449166 7.103669
3.448557 7.091820
3.447865 7.078900
3.447204 7.066585
3.446537 7.054258
3.445879 7.041902
3.445175 7.029649
3.444487 7.017425
3.443765 7.005070
3.443067 6.992729
3.442343 6.980155
3.441582 6.967563
3.440952 6.957652
3.439952 6.941850
3.439217 6.929976
3.438440 6.917930
3.437643 6.904499
3.436876 6.891875
3.436127 6.879849
3.435349 6.866752
3.434602 6.854483
3.433780 6.841181
3.433020 6.829158
3.432183 6.815902
3.431523 6.803418
3.430829 6.791363
3.430027 6.777887
3.429296 6.765934
3.428570 6.753183
3.427863 6.741042
3.427100 6.728006
3.426427 6.716478
3.425683 6.703540
3.425034 6.691375
3.424295 6.678554
3.423624 6.667006
3.422915 6.653984
3.422310 6.642275
3.421625 6.629181
3.420994 6.617059
3.420391 6.604529
3.419829 6.593116
3.419268 6.580553
3.418766 6.568078
3.418223 6.555976
3.417653 6.543597
3.417086 6.530880
3.416533 6.518690
3.415975 6.506777
3.415391 6.493855
3.414851 6.482057
3.414313 6.469612
3.413714 6.456769
3.413190 6.444242
3.412595 6.431171
3.412035 6.418925
3.411482 6.406853
3.410936 6.394582
3.410365 6.381824
3.409783 6.368701
3.409234 6.356341
3.408798 6.346125
3.408198 6.331145
3.407648 6.318231
3.407039 6.305791
3.406539 6.293702
3.405968 6.280757
3.405395 6.268597
3.404869 6.256204
3.404426 6.244654
3.403978 6.233976
3.403337 6.222503
3.402791 6.211819
3.401846 6.200720
3.401523 6.189303
3.401139 6.178509
3.401148 6.167881
3.401300 6.156614
3.401397 6.146804
3.401153 6.136705
3.401024 6.127151
3.400711 6.117124
3.400611 6.107718
3.400570 6.098494
3.399633 6.089789
3.399151 6.081312
3.398529 6.072686
3.398269 6.064165
3.399584 6.055003
3.402051 6.045175
3.404737 6.035333
3.406085 6.028349
3.407893 6.021425
3.411155 6.013466
3.413055 6.007008
3.414905 6.000489
3.418062 5.992778
3.419676 5.986452
3.420505 5.979489
3.421491 5.972898
3.424230 5.968983
3.426403 5.964095
3.428638 5.960112
3.431031 5.956308
3.434252 5.953608
3.438891 5.952492
3.443911 5.952428
3.448597 5.951971
3.453049 5.951868
3.457553 5.951771
3.463165 5.952543
3.469378 5.953628
3.474844 5.954432
3.478595 5.954547
3.481735 5.955387
3.482917 5.955802
3.483324 5.955973
3.482830 5.955503
3.483114 5.955455
3.482882 5.955212
3.483176 5.955296
3.483671 5.955585
3.484282 5.956099
3.485037 5.956720
3.485724 5.957683
3.486529 5.958266
3.487198 5.958848
3.487867 5.959543
3.489317 5.960581
3.491037 5.961884
3.492404 5.963654
3.493811 5.964880
3.495700 5.966112
3.496753 5.967971
3.498484 5.969533
3.500391 5.971323
3.502409 5.972686
3.504814 5.974469
3.507694 5.975807
3.507654 5.978632
3.508241 5.980618
3.509219 5.981995
3.511072 5.982491
3.513057 5.983049
3.516764 5.982115
3.522499 5.979526
3.528837 5.976597
3.536027 5.972637
3.545189 5.965861
3.559556 5.952576
3.577459 5.935402
3.594994 5.920444
3.611117 5.908172
3.624515 5.900635
3.634729 5.897676
3.640638 5.898517
3.644309 5.899174
3.647067 5.899642
3.649546 5.898565
3.652945 5.895540
3.657202 5.891838
3.661350 5.888360
3.664765 5.885420
3.667252 5.883245
3.669090 5.881423
3.671391 5.879116
3.672641 5.877713
3.673366 5.876950
3.674475 5.875589
3.676019 5.874159
3.677220 5.872900
3.677852 5.871780
3.678522 5.870301
3.679477 5.868593
3.681880 5.862888
3.687092 5.852419
3.693110 5.841396
3.699365 5.828704
3.706257 5.815297
3.712583 5.802800
3.719641 5.789146
3.726243 5.775723
3.732872 5.762486
3.739288 5.749427
3.745721 5.735524
3.752337 5.721324
3.758184 5.708195
3.764113 5.695099
3.769960 5.681952
3.775609 5.668456
3.780797 5.656022
3.786352 5.642746
3.791346 5.629716
3.796647 5.616285
3.801787 5.602671
3.806414 5.589327
3.811093 5.576654
3.815914 5.563009
3.820769 5.549110
3.825201 5.536250
3.830150 5.521778
3.834646 5.508387
3.839388 5.494368
3.844016 5.480730
3.848632 5.467563
3.853560 5.453425
3.858186 5.440008
3.862969 5.427162
3.868190 5.412982
3.873111 5.399704
3.878411 5.385884
3.883724 5.372112
3.889309 5.358489
3.894935 5.344251
3.900891 5.329622
3.906664 5.315996
3.912838 5.301712
3.917479 5.290876
3.924439 5.274899
3.930623 5.260997
3.936877 5.246852
3.942971 5.233106
3.949509 5.218480
3.955662 5.204912
3.962128 5.190708
3.968296 5.177098
3.974829 5.162840
3.981234 5.148792
3.987545 5.134948
3.994065 5.120729
3.997569 5.112433
4.000594 5.105018
4.003641 5.096848
4.006869 5.087792
4.009886 5.077363
4.013322 5.068931
4.017333 5.061234
4.017275 5.048636
4.019017 5.037535
4.020180 5.024827
4.021349 5.012371
4.022362 5.001096
4.022987 4.988691
4.023498 4.975816
4.024260 4.963697
4.025127 4.951096
4.025793 4.938463
4.026723 4.925429
4.027873 4.915996
4.026995 4.900262
4.025470 4.888912
4.023932 4.877729
4.022337 4.866240
4.020844 4.855389
4.018938 4.843847
4.017116 4.832438
4.015055 4.821724
4.012803 4.811182
4.010954 4.800063
4.009749 4.788949
4.008702 4.777939
4.007306 4.766905
4.005989 4.755312
4.004995 4.744969
4.003970 4.733122
4.003373 4.722271
4.002802 4.710392
4.002541 4.700849
4.002470 4.686432
4.002265 4.674603
4.002333 4.662806
4.002335 4.650954
4.002227 4.638663
4.002084 4.626592
4.001990 4.615191
4.001883 4.603055
4.002219 4.590272
4.002922 4.578156
4.003718 4.565660
4.004020 4.553400
4.004267 4.540400
4.004463 4.528101
4.004786 4.516375
4.005372 4.503639
4.005790 4.491599
4.006094 4.478764
4.006438 4.466687
4.006674 4.453760
4.006948 4.441263
4.007193 4.428821
4.007466 4.416683
4.007837 4.404463
4.008208 4.391430
4.008677 4.379618
4.009094 4.367464
4.009610 4.354632
4.010056 4.342748
4.010625 4.330044
4.011319 4.318188
4.011854 4.306616
4.012371 4.294832
4.012795 4.283551
4.013283 4.272015
4.013760 4.261672
4.014201 4.250556
4.014543 4.239007
4.014890 4.229599
4.015247 4.220080
4.015625 4.210340
4.015764 4.200178
4.015410 4.190403
4.015141 4.181296
4.014671 4.171744
4.014911 4.163500
4.014297 4.154947
4.012874 4.146227
4.011005 4.137401
4.009904 4.129456
4.009376 4.121567
4.008660 4.113919
4.008185 4.106719
4.007527 4.099697
4.006040 4.091892
4.004376 4.084206
4.002451 4.076348
3.999912 4.066235
3.998165 4.055158
3.996910 4.044036
3.995618 4.031943
3.994365 4.020872
3.993014 4.008397
3.991730 3.996474
3.990532 3.985519
3.989227 3.973752
3.987992 3.962277
3.986733 3.950668
3.985435 3.939356
3.984192 3.927580
3.982899 3.915633
3.981593 3.903963
3.980336 3.893539
3.978960 3.881649
3.977592 3.870858
3.976062 3.859438
3.974775 3.847689
3.974099 3.836909
3.973333 3.824172
3.972728 3.813127
3.972097 3.801069
3.971486 3.790115
3.970793 3.778757
3.970351 3.766996
3.970179 3.754338
3.969954 3.742927
3.969528 3.731159
3.969580 3.719125
3.970147 3.706753
3.971266 3.694268
3.972778 3.682203
3.974714 3.670174
3.977648 3.657159
3.981463 3.643447
3.985222 3.630059
3.988798 3.615717
3.992355 3.601829
3.996014 3.587350
3.999228 3.572870
4.002090 3.559737
4.004730 3.545654
4.007155 3.531914
4.009521 3.519034
4.011827 3.507046
4.014102 3.493803
4.016085 3.480735
4.018468 3.467444
4.020383 3.454744
4.022747 3.441516
4.025400 3.429511
4.027347 3.417276
4.029277 3.405099
4.031783 3.393245
4.034494 3.382635
4.036232 3.372458
4.037907 3.361171
4.039317 3.351063
4.040037 3.340376
4.040116 3.330801
4.040166 3.321725
4.040747 3.311710
4.041671 3.301661
4.042787 3.291808
4.044724 3.280956
4.045583 3.271836
4.046886 3.262123
4.048790 3.252071
4.051059 3.242099
4.054707 3.232047
4.059212 3.222166
4.065875 3.210547
4.072893 3.197455
4.077642 3.185788
4.080402 3.175524
4.082368 3.165721
4.085146 3.155521
4.090419 3.143539
4.097692 3.131103
4.106198 3.117802
4.114867 3.103056
4.123047 3.090757
4.130849 3.078992
4.138063 3.069144
4.145394 3.059922
4.152547 3.051676
4.160800 3.042670
4.168372 3.034789
4.176223 3.027415
4.185236 3.019356
4.194157 3.011356
4.203481 3.003663
4.214396 2.994871
4.224883 2.986632
4.238592 2.977672
4.251089 2.969573
4.265356 2.959754
4.280342 2.950176
4.293700 2.941773
4.308041 2.933613
4.327996 2.923018
4.345273 2.914675
4.362455 2.907211
4.381533 2.899971
4.400716 2.893308
4.420989 2.887062
4.442151 2.880479
4.461142 2.875275
4.483081 2.870927
4.506494 2.867169
4.527651 2.863681
4.548710 2.859498
4.571740 2.854382
4.592535 2.850060
4.614652 2.845381
4.637925 2.840888
4.661864 2.836941
4.683126 2.833720
4.707207 2.830075
4.731601 2.826111
4.753016 2.823267
4.777416 2.820132
4.800741 2.817486
4.823011 2.815592
4.846280 2.814201
4.869375 2.813077
4.894383 2.811880
4.916433 2.811291
4.940841 2.810850
4.964634 2.810147
4.988416 2.809812
5.010113 2.809495
5.034142 2.809205
5.057778 2.809087
5.081799 2.809005
5.104844 2.809061
5.128149 2.809273
5.152148 2.809769
5.175094 2.810037
5.197749 2.810395
5.219818 2.810806
5.243826 2.811357
5.268468 2.811877
5.291934 2.812504
5.314664 2.813133
5.340509 2.813902
5.364570 2.814576
5.387865 2.815288
5.410608 2.816015
5.434658 2.816733
5.458815 2.817583
5.482391 2.818375
5.500869 2.819011
5.528895 2.820017
5.552214 2.820815
5.577269 2.821687
5.599686 2.822474
5.622563 2.823301
5.645217 2.824134
5.668589 2.825016
5.691754 2.825894
5.714432 2.826761
5.737536 2.827636
5.762132 2.828571
5.780203 2.829251
5.809608 2.830389
5.832780 2.831306
5.857194 2.832264
5.881452 2.833251
5.905007 2.834195
5.928981 2.835158
5.952963 2.836110
5.977535 2.837062
6.001417 2.838013
6.025132 2.838934
6.048137 2.839839
6.070962 2.840747
6.094669 2.841679
6.116924 2.842556
6.140287 2.843457
6.164581 2.844387
6.187516 2.845248
6.208220 2.846034
6.231618 2.846907
6.257711 2.847843
6.279229 2.848655
6.302986 2.849561
6.328819 2.850547
6.352557 2.851400
6.374940 2.852229
6.401239 2.853168
6.423150 2.853965
6.446883 2.854810
6.472851 2.855715
6.496123 2.856544
6.519699 2.857365
6.539098 2.857978
6.565414 2.858865
6.590192 2.859608
6.613575 2.860343
6.636472 2.860993
6.658436 2.861634
6.681322 2.862328
6.704248 2.862944
6.729404 2.863715
6.751441 2.864346
6.775048 2.865049
6.798561 2.865777
6.824347 2.866517
6.847418 2.867209
6.871825 2.867891
6.895995 2.868590
6.917738 2.869208
6.944275 2.869879
6.968772 2.870566
6.991518 2.871149
7.014042 2.871712
7.038822 2.872308
7.060912 2.872802
7.085674 2.873396
7.108716 2.873899
7.132192 2.874446
7.155598 2.874940
7.178059 2.875429
7.200307 2.875908
7.224701 2.876437
7.248329 2.876950
7.268318 2.877360
7.295971 2.877955
7.319103 2.878436
7.342037 2.878921
7.367173 2.879428
7.391693 2.879936
7.416242 2.880372
7.438811 2.880823
7.463449 2.881235
7.486807 2.881630
7.511300 2.882066
7.535171 2.882432
7.556964 2.882765
7.581337 2.883143
7.599879 2.883350
7.627900 2.883749
7.645749 2.883976
7.674984 2.884318
7.697085 2.884581
7.720424 2.884845
7.742451 2.885128
7.768347 2.885437
7.791314 2.885756
7.810530 2.886038
7.839165 2.886395
7.863195 2.886736
7.888052 2.887044
7.909500 2.887355
7.935839 2.887675
7.959201 2.887980
7.983941 2.888274
8.006896 2.888516
8.030371 2.888791
8.053450 2.889001
8.077492 2.889250
8.100806 2.889432
8.125153 2.889635
8.147786 2.889793
8.170255 2.889984
8.193713 2.890196
8.217862 2.890369
8.239995 2.890549
8.264640 2.890799
8.287309 2.890981
8.309861 2.891218
8.335928 2.891434
8.358995 2.891630
8.381900 2.891851
8.406808 2.892053
8.430257 2.892282
8.456071 2.892506
8.479607 2.892696
8.502980 2.892866
8.526672 2.893016
8.549980 2.893154
8.573428 2.893253
8.598409 2.893363
8.620749 2.893439
8.644473 2.893524
8.667910 2.893605
8.689673 2.893695
8.712866 2.893782
8.730743 2.893841
8.759778 2.893984
8.783374 2.894108
8.803312 2.894217
8.832686 2.894394
8.855469 2.894525
8.879007 2.894683
8.904034 2.894870
8.927328 2.895018
8.950879 2.895177
8.975731 2.895319
8.998163 2.895459
9.021977 2.895580
9.045683 2.895700
9.071083 2.895823
9.092603 2.895921
9.117342 2.896010
9.139962 2.896100
9.159716 2.896169
9.187125 2.896271
9.210311 2.896379
9.233546 2.896539
9.256043 2.896692
9.281281 2.896890
9.304049 2.897075
9.328840 2.897282
9.352299 2.897498
9.370097 2.897651
9.400755 2.897928
9.423872 2.898125
9.447952 2.898303
9.472400 2.898532
9.497247 2.898727
9.520811 2.898905
9.542151 2.899029
9.563618 2.899149
9.591299 2.899280
9.614618 2.899377
9.637354 2.899504
9.661380 2.899610
9.683977 2.899720
9.704639 2.899811
9.730751 2.899956
9.753239 2.900096
9.776598 2.900234
9.801794 2.900406
9.825412 2.900529
9.847715 2.900689
9.873457 2.900908
9.897113 2.901104
9.921710 2.901299
9.945000 2.901477
9.969607 2.901610
9.993171 2.901752
10.016979 2.901869
10.040744 2.901984
10.062207 2.902064
10.086096 2.902153
10.110600 2.902219
10.133642 2.902249
10.156359 2.902267
10.179488 2.902281
10.202236 2.902308
10.226913 2.902344
10.250561 2.902413
10.272691 2.902479
10.296852 2.902589
10.319603 2.902714
10.343995 2.902820
10.369297 2.902945
10.392373 2.903077
10.415737 2.903186
10.441504 2.903310
10.465542 2.903437
10.488788 2.903535
10.512197 2.903613
10.536671 2.903674
10.559846 2.903705
10.584437 2.903717
10.607833 2.903722
10.630178 2.903714
10.653825 2.903728
10.676196 2.903723
10.697839 2.903725
10.723828 2.903722
10.746408 2.903740
10.768896 2.903768
10.793651 2.903733
10.817652 2.903771
10.839802 2.903797
10.864889 2.903836
10.888191 2.903890
10.911786 2.903925
10.935590 2.903964
10.959418 2.903934
10.985187 2.903940
11.009451 2.903854
11.031839 2.903767
11.057136 2.903624
11.078837 2.903487
11.099203 2.903331
11.124795 2.903096
11.148472 2.902825
11.171240 2.902515
11.196785 2.902074
11.219632 2.901635
11.241812 2.901120
11.265261 2.900572
11.288252 2.900029
11.313002 2.899515
11.331452 2.899004
11.360110 2.898219
11.384763 2.897449
11.407988 2.896786
11.431700 2.896045
11.454421 2.895278
11.478957 2.894346
11.502496 2.893464
11.526430 2.892484
11.549114 2.891469
11.572420 2.890395
11.596162 2.889133
11.614268 2.888147
11.642555 2.886547
11.665509 2.885220
11.687793 2.883763
11.711523 2.882185
11.736202 2.880491
11.753503 2.879274
11.780461 2.877403
11.806542 2.875540
11.830085 2.873887
11.852260 2.872328
11.876099 2.870614
11.899893 2.868931
11.922652 2.867880
11.945240 2.866297
11.970745 2.864412
11.993110 2.862847
12.016201 2.860186
12.037543 2.858406
12.058345 2.857640
12.077477 2.858390
12.091028 2.859561
12.113806 2.861503
12.131371 2.863069
12.147447 2.864796
12.161627 2.866246
12.178197 2.868575
12.195297 2.870882
12.211646 2.873460
12.228813 2.875965
12.240053 2.877599
12.259087 2.880669
12.273317 2.882784
12.286401 2.884726
12.301594 2.887145
12.315559 2.889597
12.328586 2.891954
12.341533 2.894074
12.351295 2.895949
12.366439 2.898949
12.378075 2.901064
12.390779 2.903583
12.399213 2.905159
12.413366 2.907715
12.424852 2.909953
12.435686 2.912296
12.446778 2.915138
12.464849 2.922870
12.483620 2.931852
12.504194 2.940830
12.524858 2.950610
12.543675 2.959012
12.566284 2.968419
12.587286 2.977052
12.609921 2.987173
12.631743 2.996442
12.652471 3.006277
12.670957 3.015355
12.693117 3.027093
12.712696 3.038041
12.732145 3.049257
12.750649 3.060153
12.769745 3.071949
12.787047 3.083114
12.804300 3.094681
12.804411 3.094343
12.804411 3.094343
12.804411 3.094343
12.804411 3.094343
12.804411 3.094343
12.804411 3.094343
12.804411 3.094343
12.804411 3.094343
12.804411 3.094342
12.804411 3.094342
12.804411 3.094327
12.804412 3.094290
12.804412 3.094258
12.804413 3.094229
12.804413 3.094186
12.804414 3.094157
12.804414 3.094117
12.804415 3.094079
12.804316 3.093829
12.804189 3.093487
12.813549 3.099132
12.826740 3.108006
12.841491 3.117164
12.857355 3.126306
12.872704 3.134447
12.890358 3.143040
12.910389 3.152729
12.928788 3.160430
12.947347 3.169329
12.963887 3.177142
12.971615 3.181692
12.979899 3.185936
12.988326 3.188537
12.998286 3.193204
13.008130 3.197302
13.017632 3.199452
13.027033 3.203614
13.034421 3.209479
13.041938 3.213891
13.050108 3.217887
13.060266 3.220639
13.071798 3.221491
13.084205 3.221765
13.096555 3.222815
13.108264 3.224172
13.118821 3.224891
13.132201 3.223260
13.144598 3.218889
13.156987 3.214365
13.167659 3.210501
13.179320 3.206660
13.191702 3.202430
13.209268 3.196394
13.228633 3.189861
13.247036 3.183704
13.267180 3.177047
13.283082 3.171830
13.305945 3.164379
13.324042 3.158515
13.343578 3.152125
13.360934 3.146487
13.377337 3.141188
13.394667 3.135564
13.411242 3.130198
13.427866 3.124767
13.442171 3.120096
13.457035 3.115176
13.472151 3.110183
13.484899 3.105955
13.502663 3.099981
13.515679 3.095633
13.529691 3.090892
13.543558 3.086158
13.555158 3.082208
13.567659 3.077908
13.580561 3.073479
13.592628 3.069329
13.604544 3.065197
13.616019 3.061164
13.627142 3.057317
13.637240 3.053817
13.647274 3.050311
13.658248 3.046487
13.668283 3.042979
13.677379 3.039776
13.687558 3.036034
13.695980 3.033008
13.705197 3.029633
13.714597 3.026309
13.721338 3.023945
13.729256 3.021000
13.738765 3.017756
13.747072 3.014632
13.754675 3.011647
13.762461 3.008654
13.768265 3.006487
13.777450 3.002784
13.783510 3.000303
13.792429 2.996825
13.798988 2.994177
13.805615 2.991488
13.812019 2.988657
13.818390 2.986017
13.823260 2.983882
13.829844 2.981141
13.835359 2.978687
13.840456 2.976453
13.845864 2.974035
13.851346 2.971237
13.856268 2.968832
13.861376 2.966449
13.866417 2.963945
13.867965 2.962839
13.868042 2.962384
13.873451 2.961044
13.886739 2.956661
13.902774 2.950970
13.920534 2.944747
13.939750 2.938128
13.960115 2.930659
13.980134 2.924127
13.995966 2.919050
14.019975 2.911485
14.034741 2.907013
14.061886 2.899642
14.082475 2.894439
14.105186 2.888644
14.127859 2.883151
14.149531 2.878272
14.171788 2.872857
14.194043 2.868882
14.216545 2.864816
14.240116 2.860782
14.260897 2.858123
14.284655 2.856074
14.309388 2.854135
14.327083 2.852636
14.356777 2.850038
14.375000 2.848720
14.402553 2.846597
14.425748 2.845260
14.447409 2.844456
14.473065 2.843934
14.496133 2.843719
14.518850 2.843649
14.541013 2.843708
14.564803 2.843756
14.587799 2.843978
14.611340 2.844347
14.635536 2.844741
14.656377 2.845175
14.680717 2.845638
14.704685 2.846148
14.729147 2.846812
14.753263 2.847372
14.775724 2.848071
14.796844 2.848689
14.825814 2.849605
14.849367 2.850472
14.872171 2.851232
14.894790 2.852054
14.919240 2.853022
14.940030 2.853851
14.967397 2.855058
14.990407 2.856067
15.013605 2.857164
15.037675 2.858296
15.058451 2.859305
15.083223 2.860488
15.105239 2.861550
15.129136 2.862705
15.152031 2.863855
15.176276 2.865119
15.200497 2.866281
15.224353 2.867438
15.246855 2.868487
15.270766 2.869641
15.295307 2.870816
15.318627 2.871946
15.342870 2.873132
15.368518 2.874366
15.391465 2.875538
15.415293 2.876723
15.437284 2.877840
15.458927 2.878990
15.478754 2.880019
15.501204 2.881160
15.521089 2.882227
15.539574 2.883214
15.558002 2.884180
15.577107 2.885187
15.595232 2.886109
15.614149 2.887089
15.631162 2.888000
15.647541 2.888813
15.662944 2.889624
15.679315 2.890453
15.696046 2.891296
15.712482 2.892125
15.727749 2.892869
15.742826 2.893664
15.757070 2.894387
15.772064 2.895125
15.786130 2.895825
15.800514 2.896572
15.813432 2.897262
15.826397 2.897962
15.842870 2.898688
15.865721 2.899673
15.885537 2.900464
15.909717 2.901464
15.932468 2.902350
15.953954 2.903157
15.977604 2.904030
16.001980 2.904889
16.024500 2.905581
16.047817 2.906331
16.070675 2.906978
16.093767 2.907636
16.117296 2.908282
16.141180 2.908875
16.163445 2.909392
16.186974 2.909906
16.210199 2.910357
16.235273 2.910755
16.259293 2.911160
16.282293 2.911500
16.305988 2.911838
16.331156 2.912210
16.355074 2.912525
16.379696 2.912879
16.403505 2.913217
16.428251 2.913622
16.445585 2.913873
16.475832 2.914318
16.498281 2.914583
16.519625 2.914856
16.543497 2.915123
16.568136 2.915394
16.590359 2.915619
16.613806 2.915843
16.636915 2.916059
16.660854 2.916260
16.684401 2.916442
16.709106 2.916591
16.731600 2.916715
16.755110 2.916847
16.780758 2.916938
16.803925 2.917041
16.828508 2.917065
16.853260 2.917151
16.877026 2.917224
16.900436 2.917301
16.924023 2.917402
16.947952 2.917465
16.971273 2.917558
16.994715 2.917609
17.018003 2.917697
17.042393 2.917760
17.064251 2.917819
17.088591 2.917899
17.111446 2.917938
17.134138 2.917987
17.157511 2.918046
17.181208 2.918047
17.203259 2.918065
17.227077 2.918086
17.253023 2.918051
17.275553 2.918047
17.299929 2.917979
17.323895 2.917983
17.347647 2.917916
17.372168 2.917923
17.395449 2.917912
17.419817 2.917890
17.444374 2.917898
17.469219 2.917867
17.492516 2.917892
17.515905 2.917898
17.538702 2.917931
17.560667 2.917952
17.582855 2.917937
17.606146 2.917947
17.628601 2.917934
17.653442 2.917898
17.675503 2.917902
17.700911 2.917823
17.723984 2.917814
17.749256 2.917740
17.772257 2.917707
17.795374 2.917666
17.820923 2.917567
17.843822 2.917573
17.868114 2.917482
17.892477 2.917456
17.915796 2.917402
17.940710 2.917388
17.963724 2.917364
17.986036 2.917326
18.009117 2.917335
18.031889 2.917337
18.055889 2.917306
18.079985 2.917307
18.102497 2.917270
18.125776 2.917275
18.149155 2.917224
18.173359 2.917203
18.196766 2.917168
18.220543 2.917115
18.245466 2.917100
18.268745 2.916996
18.292152 2.916939
18.316526 2.916871
18.340067 2.916784
18.363636 2.916774
18.389412 2.916702
18.412148 2.916660
18.436623 2.916602
18.460407 2.916547
18.483768 2.916513
18.506838 2.916455
18.529736 2.916462
18.551460 2.916431
18.576706 2.916456
18.600494 2.916460
18.617619 2.916434
18.644869 2.916447
18.668278 2.916425
18.693409 2.916386
18.715685 2.916355
18.740210 2.916276
18.763487 2.916281
18.786602 2.916190
18.812946 2.916149
18.837122 2.916091
18.861059 2.916020
18.883955 2.916001
18.908361 2.915936
18.932224 2.915933
18.957129 2.915882
18.980255 2.915888
19.003942 2.915878
19.027515 2.915857
19.050503 2.915875
19.074402 2.915850
19.096201 2.915868
19.119232 2.915853
19.143246 2.915829
19.166546 2.915837
19.190884 2.915805
19.212763 2.915783
19.237341 2.915746
19.260715 2.915686
19.285915 2.915648
19.309759 2.915567
19.333836 2.915542
19.356461 2.915477
19.379328 2.915427
19.403847 2.915417
19.429529 2.915373
19.452896 2.915372
19.476276 2.915334
19.499081 2.915358
19.522491 2.915369
19.545767 2.915377
19.568136 2.915420
19.592581 2.915434
19.616211 2.915469
19.639429 2.915473
19.662035 2.915464
19.686722 2.915468
19.708750 2.915434
19.733278 2.915435
19.755529 2.915415
19.781284 2.915358
19.804930 2.915335
19.829226 2.915257
19.853893 2.915250
19.877270 2.915189
19.901043 2.915157
19.925701 2.915110
19.949757 2.915089
19.974035 2.915082
19.995871 2.915042
20.018541 2.915038
20.042784 2.915039
20.067663 2.915028
20.090218 2.915031
20.113035 2.914999
20.137308 2.915023
20.154896 2.915044
20.183426 2.915036
20.207119 2.915062
20.230843 2.915033
20.254492 2.915045
20.278318 2.914992
20.303587 2.914965
20.326309 2.914927
20.350824 2.914889
20.369316 2.914877
20.397871 2.914843
20.423552 2.914880
20.446459 2.914841
20.470884 2.914853
20.493380 2.914861
20.516012 2.914853
20.539532 2.914914
20.562328 2.914927
20.584562 2.914973
20.609882 2.915045
20.632421 2.915055
20.656620 2.915092
20.678789 2.915082
20.702415 2.915092
20.726837 2.915091
20.750605 2.915055
20.774681 2.915087
20.796844 2.915030
20.822203 2.915032
20.845549 2.915022
20.869713 2.914993
20.892754 2.915014
20.918112 2.914971
20.942253 2.915002
20.964769 2.915000
20.988493 2.915035
21.011728 2.915072
21.034601 2.915087
21.058805 2.915160
21.082731 2.915153
21.105194 2.915177
21.128290 2.915200
21.151772 2.915187
21.175833 2.915217
21.198566 2.915202
21.221411 2.915220
21.246168 2.915225
21.269938 2.915169
21.292973 2.915169
21.317284 2.915099
21.341522 2.915074
21.365623 2.915031
21.389624 2.915006
21.413521 2.915016
21.438162 2.915007
21.460342 2.915013
21.483583 2.915010
21.508341 2.915021
21.531649 2.915039
21.553497 2.915038
21.576017 2.915087
21.600397 2.915105
21.623693 2.915153
21.647430 2.915196
21.670641 2.915199
21.695076 2.915234
21.718874 2.915196
21.740887 2.915191
21.764267 2.915213
21.788248 2.915134
21.812441 2.915130
21.838457 2.915074
21.862490 2.915089
21.884914 2.915056
21.909939 2.915012
21.933805 2.915002
21.958015 2.914960
21.980001 2.914989
22.003944 2.914964
22.027451 2.915018
22.050989 2.915065
22.073452 2.915093
22.096716 2.915138
22.120916 2.915139
22.144041 2.915169
22.165947 2.915196
22.189821 2.915171
22.213892 2.915197
22.233603 2.915205
22.262741 2.915190
22.285940 2.915178
22.309958 2.915137
22.333582 2.915132
22.356739 2.915079
22.376535 2.915090
22.407263 2.915048
22.431139 2.915064
22.452703 2.915077
22.477650 2.915064
22.499842 2.915098
22.525116 2.915081
22.546947 2.915127
22.569044 2.915156
22.594257 2.915177
22.616528 2.915204
22.639286 2.915193
22.662699 2.915208
22.687735 2.915204
22.709808 2.915195
22.733305 2.915199
22.756386 2.915146
22.781160 2.915122
22.805855 2.915077
22.829447 2.915026
22.853100 2.915034
22.878307 2.914990
22.900673 2.914962
22.924177 2.914939
22.948671 2.914905
22.969370 2.914929
22.997383 2.914891
23.020380 2.914907
23.043406 2.914924
23.066792 2.914982
23.089697 2.915024
23.112886 2.915046
23.136967 2.915075
23.159046 2.915075
23.182669 2.915100
23.206413 2.915102
23.229395 2.915079
23.254293 2.915107
23.276424 2.915064
23.302063 2.915073
23.326153 2.915017
23.348549 2.914979
23.373192 2.914966
23.398726 2.914913
23.420626 2.914932
23.446108 2.914881
23.468624 2.914893
23.493555 2.914891
23.516346 2.914896
23.539236 2.914944
23.562244 2.914957
23.584892 2.915002
23.609610 2.915038
23.632765 2.915084
23.655104 2.915111
23.679632 2.915120
23.700932 2.915138
23.721178 2.915125
23.750456 2.915103
23.773338 2.915136
23.795860 2.915056
23.822264 2.914996
23.846245 2.914849
23.868525 2.914688
23.887394 2.914523
23.917957 2.914116
23.940599 2.913785
23.964117 2.913151
23.987349 2.912247
24.011778 2.911300
24.035921 2.910492
24.057446 2.909269
24.082462 2.908038
24.103989 2.906721
24.126524 2.905195
24.150784 2.903232
24.173355 2.901159
24.199322 2.898640
24.222691 2.895860
24.245052 2.893088
24.268644 2.889987
24.293800 2.886624
24.318602 2.883530
24.326458 2.882494
24.331413 2.881879
24.335489 2.881422
24.341413 2.880729
24.350857 2.879710
24.363726 2.878282
24.375433 2.876683
24.384827 2.875688
24.388290 2.875254
24.397612 2.874004
24.408012 2.872716
24.418045 2.871206
24.421227 2.870863
24.431767 2.869889
24.441809 2.868693
24.444153 2.868445
24.452730 2.867309
24.462431 2.865610
24.470968 2.864211
24.472689 2.864088
24.481392 2.862833
24.490377 2.861442
24.497150 2.860637
24.500265 2.860036
24.511923 2.857635
24.527420 2.854643
24.543999 2.851620
24.560272 2.848822
24.578194 2.845933
24.596592 2.844493
24.616640 2.844051
24.636408 2.844128
24.655613 2.844762
24.676067 2.845974
24.695896 2.847885
24.712214 2.849970
24.737009 2.853881
24.755398 2.857248
24.776251 2.861592
24.796885 2.866256
24.817680 2.871169
24.837990 2.875971
24.857849 2.880780
24.876076 2.885241
24.895456 2.889925
24.916561 2.895069
24.935663 2.900325
24.954800 2.906476
24.974169 2.912806
24.993540 2.919600
25.011719 2.926906
25.030537 2.934687
25.048903 2.943014
25.068758 2.951645
25.086786 2.959947
25.105307 2.968724
25.123888 2.978224
25.142313 2.987443
25.159569 2.996441
25.177320 3.006070
25.195490 3.016306
25.213423 3.026941
25.230337 3.037430
25.247002 3.048331
25.263397 3.059410
25.279375 3.070738
25.290590 3.078806
25.301594 3.086790
25.311153 3.093702
25.328377 3.105697
25.343307 3.115329
25.357222 3.123773
25.371174 3.132119
25.384752 3.139907
25.397860 3.147348
25.412720 3.155293
25.424978 3.161473
25.438496 3.168397
25.450993 3.174825
25.455318 3.175627
25.456461 3.174821
25.456760 3.174639
25.456747 3.174661
25.456879 3.174597
25.456852 3.174589
25.456764 3.174785
25.456846 3.174546
25.456734 3.174655
25.456726 3.174704
25.456615 3.174660
25.456490 3.174840
25.456594 3.174978
25.456621 3.175161
25.456675 3.175241
25.456831 3.175265
25.456841 3.175351
25.453436 3.170969
25.444294 3.160844
25.432518 3.148027
25.420864 3.135662
25.407372 3.121895
25.394323 3.109066
25.380550 3.096190
25.367401 3.084188
25.353045 3.071773
25.339437 3.060896
25.325710 3.050125
25.310181 3.038689
25.294765 3.028188
25.279905 3.018254
25.262955 3.007595
25.247311 2.998381
25.230898 2.989513
25.213909 2.980388
25.194918 2.971025
25.178797 2.963210
25.159594 2.954315
25.140436 2.945851
25.121456 2.937716
25.102285 2.929679
25.082346 2.921735
25.061850 2.913962
25.041378 2.906813
25.021944 2.900083
24.999397 2.892606
24.979275 2.886680
24.956909 2.880245
24.934340 2.873662
24.914246 2.867947
24.891888 2.862304
24.869673 2.857822
24.846607 2.853521
24.825562 2.849962
24.802361 2.845993
24.780714 2.842800
24.757059 2.840433
24.736439 2.837853
24.709217 2.834157
24.686848 2.831184
24.663139 2.828326
24.639566 2.825837
24.617319 2.823865
24.594912 2.822362
24.570318 2.821392
24.547775 2.821393
24.524767 2.821795
24.500732 2.822728
24.476782 2.824284
24.454500 2.826201
24.436695 2.827973
24.407698 2.831465
24.383814 2.834804
24.360189 2.838419
24.336895 2.842153
24.315296 2.845761
24.291828 2.849925
24.266766 2.854716
24.244566 2.859346
24.221571 2.864586
24.199856 2.870453
24.176638 2.877117
24.154278 2.883749
24.131075 2.891212
24.108128 2.898826
24.085367 2.906536
24.063927 2.913728
24.041578 2.921701
24.018120 2.930123
23.996666 2.938199
23.974604 2.946500
23.953188 2.955172
23.929861 2.964793
23.909719 2.973414
23.892746 2.980702
23.867519 2.992500
23.846785 3.002507
23.825760 3.012994
23.803442 3.024395
23.783760 3.034974
23.762072 3.046812
23.743141 3.057126
23.725470 3.067318
23.708302 3.076412
23.691772 3.085504
23.675411 3.093784
23.658272 3.101582
23.642288 3.108553
23.625830 3.115524
23.610556 3.121902
23.594767 3.127966
23.578533 3.134016
23.562241 3.139386
23.547043 3.144868
23.531195 3.149331
23.516514 3.154417
23.500681 3.158455
23.483913 3.161035
23.463566 3.163197
23.444336 3.164440
23.423861 3.165293
23.401386 3.164282
23.378475 3.162762
23.355795 3.162690
23.332861 3.164420
23.310062 3.166101
23.286320 3.167697
23.262848 3.169329
23.240242 3.171122
23.218035 3.173770
23.195164 3.176686
23.173552 3.179165
23.149954 3.181548
23.127449 3.183059
23.104435 3.183174
23.081305 3.181957
23.056887 3.179602
23.037876 3.176946
23.009502 3.172590
22.985670 3.168878
22.961552 3.165237
22.937929 3.161469
22.913622 3.157619
22.891409 3.154043
22.867001 3.150243
22.842897 3.146339
22.820398 3.142781
22.796768 3.139007
22.773949 3.135370
22.750181 3.131618
22.726858 3.127953
22.704323 3.124489
22.682335 3.121586
22.659330 3.118559
22.636253 3.115558
22.615120 3.112876
22.592396 3.110222
22.567194 3.107239
22.545250 3.104732
22.522249 3.102410
22.499859 3.100188
22.476873 3.097902
22.452478 3.095802
22.429262 3.093729
22.404436 3.091587
22.381382 3.089719
22.358145 3.087960
22.334873 3.085973
22.311251 3.084348
22.285475 3.082535
22.262989 3.080960
22.239843 3.079414
22.214134 3.077799
22.190409 3.076374
22.168612 3.075099
22.144056 3.073766
22.126268 3.072821
22.097797 3.071415
22.075165 3.070373
22.050993 3.069256
22.028429 3.068280
22.005932 3.067322
21.981861 3.066317
21.961872 3.065567
21.933277 3.064481
21.910303 3.063646
21.884710 3.062764
21.861567 3.061978
21.836617 3.061161
21.814358 3.060554
21.789923 3.059814
21.765083 3.059144
21.742910 3.058461
21.718706 3.057595
21.694641 3.056825
21.671614 3.055177
21.649530 3.053235
21.626040 3.051506
21.602684 3.049618
21.580425 3.047777
21.558651 3.045904
21.533737 3.043783
21.511736 3.041939
21.488283 3.039868
21.463867 3.037692
21.440086 3.035610
21.415314 3.033363
21.390774 3.031195
21.367531 3.029135
21.342743 3.026911
21.319582 3.024871
21.295128 3.022692
21.271873 3.020637
21.248724 3.018573
21.225391 3.016500
21.201359 3.014354
21.178169 3.012268
21.154633 3.010173
21.133144 3.008257
21.109453 3.006155
21.085779 3.004100
21.063742 3.002174
21.039909 3.000159
21.016949 2.998231
20.995060 2.996437
20.969109 2.994339
20.945490 2.992517
20.921747 2.990679
20.897541 2.988882
20.873875 2.987174
20.852448 2.985588
20.827824 2.983847
20.802660 2.982059
20.779104 2.980434
20.754910 2.978761
20.731533 2.977151
20.707773 2.975563
20.685043 2.974073
20.661671 2.972579
20.638178 2.971088
20.615913 2.969778
20.594650 2.968886
20.574442 2.967973
20.551310 2.967045
20.531439 2.966325
20.510353 2.965703
20.490778 2.965137
20.471758 2.964632
20.453524 2.964298
20.433956 2.963856
20.416479 2.963443
20.398418 2.963049
20.380516 2.962644
20.360411 2.962073
20.337135 2.961327
20.312843 2.960625
20.289572 2.959968
20.265657 2.959277
20.241762 2.958594
20.219517 2.957872
20.194511 2.957084
20.173130 2.956400
20.148514 2.955576
20.125202 2.954823
20.101711 2.954015
20.080709 2.953278
20.055559 2.952394
20.033031 2.951574
20.011129 2.950839
19.987219 2.949996
19.962299 2.949163
19.938604 2.948340
19.919090 2.947634
19.889971 2.946688
19.867723 2.945920
19.842009 2.945078
19.818274 2.944313
19.794903 2.943598
19.769926 2.942874
19.747843 2.942225
19.724289 2.941552
19.699629 2.940878
19.676439 2.940255
19.654776 2.939682
19.629688 2.939028
19.607967 2.938476
19.585272 2.937908
19.560658 2.937327
19.539293 2.936839
19.515999 2.936357
19.491087 2.935787
19.467808 2.935296
19.442657 2.934756
19.420290 2.934284
19.399075 2.933879
19.371796 2.933306
19.347223 2.932848
19.322399 2.932338
19.298750 2.931924
19.274351 2.931449
19.252674 2.931038
19.227766 2.930649
19.204437 2.930259
19.180452 2.929924
19.158016 2.929612
19.134674 2.929328
19.116579 2.929091
19.087641 2.928746
19.065483 2.928483
19.042629 2.928210
19.019138 2.927953
18.994516 2.927653
18.971767 2.927345
18.947996 2.927060
18.924793 2.926760
18.899176 2.926455
18.879749 2.926215
18.851042 2.925872
18.827349 2.925563
18.803156 2.925259
18.780142 2.924974
18.756041 2.924700
18.731663 2.924468
18.713646 2.924285
18.685335 2.924028
18.662270 2.923841
18.639690 2.923650
18.615362 2.923445
18.591290 2.923263
18.569353 2.923109
18.545286 2.922947
18.522099 2.922789
18.498760 2.922609
18.474934 2.922421
18.451740 2.922238
18.427565 2.922029
18.403322 2.921812
18.384094 2.921632
18.355453 2.921382
18.333628 2.921179
18.308279 2.920961
18.284847 2.920783
18.260334 2.920583
18.236467 2.920438
18.213186 2.920315
18.190269 2.920224
18.167068 2.920158
18.144285 2.920084
18.124990 2.919989
18.096575 2.919898
18.073339 2.919807
18.052099 2.919744
18.027287 2.919643
18.003796 2.919554
17.979208 2.919451
17.955637 2.919284
17.931709 2.919196
17.908562 2.919049
17.883495 2.918910
17.861357 2.918782
17.836393 2.918663
17.811821 2.918542
17.789042 2.918441
17.765814 2.918381
17.740644 2.918309
17.717167 2.918250
17.693102 2.918184
17.669287 2.918123
17.647438 2.918111
17.623180 2.918046
17.602114 2.918023
17.577791 2.918000
17.553753 2.917957
17.530184 2.917935
17.513290 2.917870
17.483597 2.917825
17.460255 2.917723
17.436588 2.917594
17.414135 2.917545
17.389229 2.917412
17.365578 2.917321
17.341925 2.917224
17.315832 2.917129
17.292933 2.917046
17.269936 2.916949
17.244608 2.916880
17.222530 2.916823
17.197140 2.916785
17.173864 2.916764
17.150761 2.916746
17.126549 2.916759
17.103331 2.916752
17.079834 2.916780
17.057526 2.916766
17.033361 2.916758
17.011070 2.916733
16.987093 2.916683
16.964993 2.916674
16.940245 2.916620
16.915791 2.916553
16.892607 2.916504
16.869585 2.916422
16.843620 2.916344
16.820175 2.916267
16.796316 2.916225
16.772356 2.916168
16.748877 2.916126
16.725725 2.916130
16.700674 2.916103
16.677221 2.916110
16.653481 2.916097
16.630289 2.916115
16.612665 2.916161
16.584576 2.916150
16.565500 2.916165
16.537024 2.916195
16.514370 2.916198
16.491533 2.916212
16.468128 2.916171
16.443581 2.916143
16.420492 2.916071
16.395634 2.916022
16.372829 2.915978
16.347105 2.915900
16.323536 2.915877
16.304626 2.915809
16.276272 2.915787
16.252134 2.915730
16.228453 2.915688
16.204124 2.915718
16.179779 2.915720
16.162951 2.915719
16.133671 2.915784
16.110224 2.915838
16.087923 2.915872
16.064182 2.915877
16.039911 2.915909
16.017065 2.915919
15.993609 2.915949
15.970589 2.915953
15.947161 2.915898
15.923335 2.915920
15.900149 2.915861
15.875643 2.915829
15.850739 2.915769
15.827536 2.915715
15.802884 2.915710
15.779463 2.915656
15.755230 2.915681
15.731606 2.915678
15.706183 2.915735
15.684064 2.915794
15.659598 2.915845
15.636930 2.915946
15.613606 2.916013
15.594770 2.916112
15.567163 2.916239
15.544193 2.916332
15.520077 2.916429
15.497427 2.916468
15.475158 2.916546
15.449390 2.916586
15.426311 2.916625
15.402576 2.916680
15.378697 2.916667
15.354722 2.916709
15.329840 2.916712
15.305793 2.916759
15.281732 2.916797
15.257277 2.916826
15.235071 2.916903
15.211061 2.916942
15.186240 2.917058
15.163760 2.917135
15.140412 2.917248
15.117399 2.917362
15.093790 2.917462
15.070782 2.917589
15.047104 2.917686
15.024209 2.917773
15.001348 2.917889
14.977613 2.917942
14.954399 2.918050
14.930675 2.918129
14.906790 2.918244
14.883746 2.918324
14.857972 2.918420
14.834810 2.918520
14.810995 2.918639
14.787189 2.918745
14.761740 2.918885
14.738849 2.919011
14.720457 2.919125
14.690552 2.919300
14.667194 2.919471
14.644921 2.919641
14.620425 2.919793
14.597740 2.919972
14.574813 2.920088
14.550420 2.920260
14.528080 2.920377
14.505168 2.920528
14.481266 2.920666
14.457859 2.920757
14.434808 2.920879
14.409678 2.920979
14.385569 2.921079
14.362457 2.921175
14.338358 2.921454
14.313743 2.921616
14.289363 2.922027
14.266657 2.922678
14.242586 2.923511
14.223215 2.924222
14.194282 2.924690
14.170465 2.924473
14.146568 2.924877
14.122983 2.925471
14.098716 2.927250
14.073514 2.930672
14.049031 2.934635
14.024372 2.939621
13.998084 2.944948
13.973683 2.950412
13.950341 2.955200
13.927202 2.960144
13.904148 2.964557
13.883064 2.969692
13.862585 2.975900
13.840347 2.983162
13.818134 2.992001
13.797944 3.001677
13.776566 3.013070
13.755696 3.024790
13.737440 3.035559
13.717372 3.048375
13.696654 3.062036
13.676091 3.076248
13.656446 3.090484
13.638918 3.103792
13.620387 3.118151
13.600310 3.134472
13.584118 3.148309
13.566536 3.163915
13.548597 3.180660
13.532532 3.196287
13.516559 3.212583
13.503377 3.226594
13.484053 3.248103
13.468732 3.266267
13.454969 3.283156
13.439994 3.302395
13.426526 3.320518
13.412630 3.339786
13.398567 3.360282
13.386441 3.379025
13.374407 3.398027
13.362228 3.417944
13.350255 3.439080
13.338868 3.460043
13.328920 3.479084
13.318727 3.499897
13.310340 3.517582
13.298681 3.544420
13.291958 3.559882
13.282233 3.586249
13.274771 3.607107
13.266317 3.631549
13.259263 3.653510
13.252336 3.674631
13.245774 3.696099
13.238765 3.720397
13.232614 3.742760
13.226430 3.767443
13.220619 3.791947
13.215284 3.817322
13.210475 3.841821
13.205630 3.866462
13.200513 3.892166
13.194819 3.915951
13.190292 3.937687
13.185853 3.961264
13.181692 3.984497
13.177661 4.009866
13.174078 4.031694
13.170386 4.055356
13.166420 4.079261
13.163284 4.103600
13.161095 4.127159
13.160046 4.149850
13.160511 4.172132
13.163049 4.194757
13.167593 4.219010
13.173536 4.242204
13.180692 4.265456
13.188233 4.288010
13.196807 4.311342
13.204635 4.334141
13.213318 4.356776
13.223292 4.379800
13.231695 4.399555
13.242204 4.422368
13.251575 4.441718
13.260139 4.458556
13.273929 4.482928
13.286189 4.502836
13.299369 4.523282
13.312072 4.541574
13.326260 4.561184
13.340637 4.579916
13.354640 4.597773
13.370317 4.616708
13.375690 4.628595
13.376401 4.627940
13.376472 4.627947
13.376552 4.628107
13.376628 4.628302
13.376794 4.628414
13.377082 4.628689
13.377132 4.628614
13.376390 4.628282
13.375873 4.627954
13.375262 4.627455
13.374304 4.626682
13.372967 4.626092
13.371970 4.626169
13.372122 4.626164
13.372261 4.625978
13.372126 4.626273
13.372567 4.625937
13.372661 4.626058
13.372807 4.626070
13.372801 4.626276
13.372360 4.626657
13.372189 4.626575
13.371924 4.626626
13.371172 4.626813
13.369884 4.627742
13.366565 4.631022
13.361476 4.636061
13.356131 4.641581
13.349714 4.648327
13.343290 4.654957
13.336671 4.661630
13.330621 4.667325
13.325539 4.671415
13.321369 4.674242
13.316723 4.676930
13.311960 4.679096
13.308492 4.679972
13.304940 4.681067
13.302097 4.681556
13.300005 4.681852
13.298118 4.682695
13.296185 4.683656
13.293975 4.684580
13.291961 4.685691
13.290040 4.686790
13.288685 4.687528
13.287688 4.688411
13.286577 4.689367
13.285559 4.690389
13.284585 4.691305
13.283657 4.692303
13.282760 4.693264
13.281804 4.694341
13.281191 4.695245
13.280215 4.696437
13.279333 4.697677
13.278528 4.698747
13.277736 4.699702
13.277016 4.700865
13.276276 4.701986
13.275373 4.703304
13.274841 4.704674
13.274209 4.705737
13.270592 4.712247
13.264828 4.721632
13.258906 4.732306
13.252970 4.743297
13.247107 4.754726
13.241941 4.765497
13.236717 4.775876
13.231941 4.785410
13.227142 4.795672
13.222341 4.806962
13.218129 4.818556
13.213878 4.831273
13.209244 4.843205
13.204932 4.854467
13.201340 4.867222
13.197966 4.880305
13.194757 4.890853
13.191332 4.902663
13.188345 4.914414
13.186413 4.925816
13.185341 4.939638
13.183794 4.952474
13.181814 4.965906
13.180028 4.977528
13.177434 4.989483
13.174950 5.001160
13.173191 5.013455
13.171582 5.026169
13.170108 5.038257
13.168922 5.049498
13.167479 5.061555
13.165606 5.074107
13.164367 5.085474
13.163218 5.097602
13.161997 5.109520
13.161816 5.120751
13.164749 5.133973
13.167047 5.145906
13.169847 5.157049
13.173491 5.168319
13.177919 5.180056
13.183019 5.192498
13.187452 5.203240
13.192785 5.215016
13.197770 5.226241
13.203096 5.237055
13.208409 5.247605
13.214449 5.257862
13.221288 5.269191
13.226843 5.278611
13.234084 5.289329
13.240800 5.298989
13.246620 5.307131
13.253221 5.315741
13.262157 5.328002
13.271392 5.340711
13.281343 5.354794
13.290253 5.367977
13.299403 5.381715
13.308422 5.395889
13.317115 5.409606
13.324979 5.422870
13.333199 5.436699
13.340789 5.450098
13.348034 5.463799
13.354857 5.477139
13.361382 5.490617
13.367945 5.504664
13.374331 5.518706
13.380041 5.531802
13.385977 5.545710
13.391397 5.559399
13.396439 5.572991
13.401503 5.586289
13.405922 5.599072
13.410571 5.612785
13.415111 5.626401
13.419940 5.640047
13.424159 5.653025
13.428599 5.666760
13.432717 5.679921
13.436663 5.692840
13.440711 5.706725
13.444766 5.720775
13.448400 5.733651
13.452043 5.747822
13.455503 5.761446
13.458893 5.774927
13.462162 5.788071
13.465225 5.801392
13.468377 5.815083
13.471226 5.827777
13.473658 5.841478
13.476134 5.854351
13.478282 5.867180
13.480268 5.880492
13.481904 5.893610
13.483431 5.906161
13.484537 5.919403
13.485881 5.932209
13.487004 5.944621
13.487768 5.957736
13.488545 5.970629
13.489637 5.983202
13.490923 5.995762
13.491606 6.008439
13.492046 6.021176
13.492639 6.033795
13.493424 6.045979
13.494252 6.058739
13.494982 6.071100
13.495982 6.084176
13.497169 6.097211
13.498891 6.109734
13.501588 6.122099
13.504287 6.134072
13.505994 6.145901
13.507935 6.157700
13.510319 6.168125
13.512099 6.178154
13.513515 6.188757
13.514518 6.198749
13.514592 6.209170
13.514112 6.218916
13.513060 6.229412
13.512440 6.238678
13.511103 6.248134
13.510056 6.257553
13.508271 6.266640
13.506440 6.275494
13.504609 6.284276
13.502872 6.292900
13.500852 6.301324
13.498805 6.309984
13.497205 6.317545
13.495317 6.325052
13.492713 6.332694
13.490907 6.339701
13.488537 6.347048
13.486629 6.354111
13.484721 6.361420
13.483548 6.367584
13.482131 6.372629
13.480232 6.380020
13.478089 6.386518
13.476439 6.392483
13.474360 6.398013
13.472303 6.403879
13.475071 6.404459
13.477437 6.404646
13.479769 6.404776
13.482216 6.404890
13.480535 6.408211
13.482109 6.408599
13.483325 6.408729
13.483753 6.408754
13.483582 6.408823
13.483707 6.408816
13.483644 6.408888
13.483793 6.408958
13.483896 6.409138
13.483943 6.409100
13.484039 6.408975
13.484047 6.408841
13.484100 6.408939
13.484108 6.408976
13.484177 6.409217
13.484199 6.409060
13.484214 6.409331
13.484262 6.409466
13.484303 6.409662
13.484324 6.409877
13.484358 6.410095
13.484312 6.410241
13.484375 6.410470
13.483210 6.410202
13.477520 6.413090
13.470013 6.418370
13.462648 6.423702
13.455064 6.428167
13.447681 6.432541
13.440408 6.436685
13.432901 6.441117
13.426066 6.446018
13.419209 6.451564
13.412431 6.457094
13.405455 6.462976
13.399047 6.468727
13.392703 6.474774
13.386527 6.480847
13.380195 6.487397
13.374063 6.493856
13.367990 6.500627
13.362278 6.507492
13.356627 6.514122
13.351190 6.520873
13.345926 6.527961
13.340550 6.535302
13.335607 6.542279
13.330529 6.549908
13.325899 6.556626
13.321614 6.563717
13.316967 6.571466
13.312892 6.578371
13.308617 6.585527
13.304424 6.592715
13.300494 6.600989
13.296807 6.609544
13.292904 6.618918
13.289303 6.627409
13.286214 6.635064
13.283195 6.643295
13.280299 6.651772
13.277594 6.659804
13.274940 6.668536
13.272398 6.676993
13.269823 6.685451
13.267709 6.694333
13.266064 6.702987
13.265154 6.712402
13.264771 6.722492
13.263718 6.732275
13.262548 6.740834
13.261216 6.749074
13.260781 6.758416
13.260167 6.767432
13.259982 6.776317
13.260120 6.786124
13.260609 6.795272
13.261177 6.804389
13.261898 6.813598
13.262988 6.822445
13.263907 6.831173
13.264791 6.840646
13.265393 6.849438
13.265821 6.857851
13.266291 6.866663
13.267464 6.875222
13.270235 6.884543
13.272815 6.892663
13.275957 6.900959
13.280101 6.909535
13.284076 6.917774
13.288350 6.925515
13.293350 6.933616
13.297180 6.939690
13.302998 6.948755
13.308286 6.956380
13.314079 6.964234
13.319738 6.971616
13.325615 6.978744
13.331522 6.985896
13.337948 6.992987
13.344240 6.999631
13.350630 7.006243
13.355679 7.011318
13.363478 7.018998
13.365131 7.020932
13.364790 7.020560
13.364480 7.020136
13.363746 7.019439
13.363748 7.019478
13.363453 7.019198
13.363685 7.019309
13.363999 7.019862
13.364366 7.020525
13.364785 7.021188
13.365039 7.022035
13.364990 7.023571
13.365679 7.025296
13.369531 7.032797
13.375500 7.044001
13.381936 7.056631
13.388659 7.069523
13.396119 7.084047
13.402975 7.097551
13.409338 7.110963
13.415535 7.124018
13.421879 7.138029
13.428004 7.152109
13.433858 7.165351
13.439578 7.179305
13.444806 7.192953
13.450268 7.207415
13.455448 7.221104
13.460340 7.234330
13.465227 7.248633
13.469623 7.262763
13.474050 7.276375
13.478479 7.290082
13.482563 7.303839
13.486165 7.317214
13.490064 7.330976
13.493494 7.344779
13.496357 7.358080
13.499228 7.371249
13.501861 7.384914
13.504425 7.398074
13.506663 7.410841
13.509136 7.424394
13.511202 7.437344
13.513011 7.450325
13.514953 7.463344
13.516824 7.475946
13.518495 7.488954
13.520203 7.501760
13.521821 7.513946
13.523332 7.526214
13.524881 7.538649
13.526397 7.551393
13.527546 7.563581
13.529066 7.576514
13.529222 7.577078
13.529223 7.577079
13.529223 7.577079
13.529223 7.577079
13.529223 7.577079
13.529223 7.577079
13.529223 7.577079
13.529223 7.577079
13.529223 7.577079
13.529223 7.577079
13.529223 7.577079
13.529223 7.577079
13.529223 7.577079
13.529223 7.577079
13.529223 7.577079
13.529223 7.577079
13.529223 7.577079
13.529223 7.577079
13.529223 7.577079
13.529223 7.577079
13.529224 7.577079
13.529223 7.577079
13.529223 7.577078
13.529224 7.577078
13.529224 7.577078
13.529223 7.577078
13.529223 7.577078
13.529224 7.577078
13.529224 7.577078
13.529223 7.577078
13.529224 7.577078
13.529223 7.577078
13.529224 7.577078
13.529223 7.577078
13.529223 7.577077
13.529223 7.577077
13.529223 7.577077
13.529223 7.577077
13.529223 7.577077
13.529197 7.578798
13.530174 7.589583
13.530060 7.601672
13.530290 7.613528
13.530678 7.625766
13.530681 7.637883
13.530877 7.650407
13.531296 7.662436
13.531639 7.674455
13.532001 7.686703
13.532256 7.699434
13.532340 7.710899
13.532101 7.723398
13.531814 7.735764
13.531829 7.748167
13.531901 7.759960
13.531810 7.772259
13.531619 7.784532
13.531528 7.796649
13.531276 7.808999
13.531037 7.821255
13.530870 7.833135
13.530697 7.845473
13.530503 7.857316
13.530184 7.869812
13.529878 7.882154
13.529624 7.893745
13.529358 7.905419
13.529072 7.917708
13.528736 7.930032
13.528409 7.941735
13.528090 7.953660
13.527742 7.965485
13.527371 7.977218
13.527019 7.989171
13.526604 8.000865
13.526181 8.012868
13.525711 8.024798
13.525281 8.036280
13.524822 8.047777
13.524350 8.059890
13.523859 8.071523
13.523324 8.083301
13.522803 8.094885
13.522264 8.107006
13.521681 8.118995
13.521120 8.130664
13.520581 8.142457
13.520015 8.154269
13.519409 8.165990
13.518829 8.177718
13.518253 8.189644
13.517577 8.202052
13.516978 8.213888
13.516380 8.225440
