0.002941608428955078
0.00586700439453125
0.004166603088378906
0.0031278133392333984
0.001566171646118164
0.0013341903686523438
0.0013580322265625
0.00284576416015625
0.003107786178588867
0.0023086071014404297
0.003691434860229492
0.004909038543701172
0.002544403076171875
0.0013248920440673828
0.0012428760528564453
0.005869150161743164
0.002491474151611328
0.0027866363525390625
0.0065462589263916016
0.0029065608978271484
0.0031697750091552734
0.0025513172149658203
0.003738880157470703
0.0038509368896484375
0.0024805068969726562
0.0017833709716796875
0.001361846923828125
0.002294301986694336
0.0023288726806640625
0.0023622512817382812
0.0031049251556396484
0.005384683609008789
0.0077288150787353516
0.009696722030639648
0.0073893070220947266
0.0031147003173828125
0.002086639404296875
0.0027697086334228516
0.0068149566650390625
0.00859832763671875
0.006541728973388672
0.011528253555297852
0.009871959686279297
0.006653308868408203
0.004716634750366211
0.005479574203491211
0.00336456298828125
0.004819154739379883
0.004598379135131836
0.005601406097412109
0.0062258243560791016
0.008313417434692383
0.00827336311340332
0.008966922760009766
0.011868000030517578
0.005937099456787109
0.008545637130737305
0.007194042205810547
0.008203506469726562
0.005666971206665039
0.008226871490478516
0.009283304214477539
0.007016181945800781
0.008192777633666992
0.006788492202758789
0.010575532913208008
0.015926837921142578
0.028952360153198242
0.02407383918762207
0.014004945755004883
0.013303518295288086
0.014230012893676758
0.01093149185180664
0.012447834014892578
0.01493525505065918
0.014412641525268555
0.01485300064086914
0.012650489807128906
0.01136636734008789
0.008055448532104492
0.010462284088134766
0.01660752296447754
0.01044011116027832
0.010925531387329102
0.011479854583740234
0.009260416030883789
0.010720252990722656
0.017388343811035156
0.011027336120605469
0.010275840759277344
0.008460283279418945
0.011269569396972656
0.009479522705078125
0.008529901504516602
0.014843463897705078
0.010655641555786133
0.009138107299804688
0.009194135665893555
0.008213996887207031
0.00816035270690918
0.007185220718383789
0.010578393936157227
0.009557485580444336
0.017336606979370117
0.008084774017333984
0.007100582122802734
0.014209747314453125
0.016568899154663086
0.011573314666748047
0.009739160537719727
0.007825136184692383
0.007540225982666016
0.009123086929321289
0.009357213973999023
0.01003408432006836
0.00863790512084961
0.01730823516845703
0.010039806365966797
0.009405136108398438
0.010371208190917969
0.0070378780364990234
