0.000000000000000000e+00 2.000000000000000000e+01
6.840402866513374036e+00 1.879385241571817033e+01
1.285575219373078504e+01 1.532088886237955982e+01
1.732050807568877104e+01 1.000000000000000178e+01
1.969615506024415907e+01 3.472963553338608289e+00
1.969615506024415907e+01 -3.472963553338606069e+00
1.732050807568877460e+01 -9.999999999999996447e+00
1.285575219373079037e+01 -1.532088886237955805e+01
6.840402866513377589e+00 -1.879385241571816678e+01
2.449293598294706513e-15 -2.000000000000000000e+01
-6.840402866513373148e+00 -1.879385241571817033e+01
-1.285575219373078504e+01 -1.532088886237955982e+01
-1.732050807568876749e+01 -1.000000000000000888e+01
-1.969615506024415907e+01 -3.472963553338606513e+00
-1.969615506024416263e+01 3.472963553338599407e+00
-1.732050807568877104e+01 1.000000000000000178e+01
-1.285575219373079214e+01 1.532088886237955627e+01
-6.840402866513388247e+00 1.879385241571816323e+01
0.000000000000000000e+00 3.000000000000000000e+01
6.918476122273204965e+00 2.919134611739471552e+01
1.346397540601386567e+01 2.680897920970236825e+01
1.928362829059617667e+01 2.298133329356933885e+01
2.406369578265131182e+01 1.791475775108358448e+01
2.754648320640821879e+01 1.188239298117470710e+01
2.954423259036624216e+01 5.209445330007912212e+00
2.994924474813804594e+01 -1.744344867314273184e+00
2.873968536946466656e+01 -8.604096981332705951e+00
2.598076211353316012e+01 -1.499999999999999289e+01
2.182120924719146515e+01 -2.058724913606200602e+01
1.648526934212418738e+01 -2.506463434238808929e+01
1.026060429977006550e+01 -2.819077862357724840e+01
3.482787423756910972e+00 -2.979715073225829158e+01
-3.482787423756903866e+00 -2.979715073225829158e+01
-1.026060429977006017e+01 -2.819077862357725195e+01
-1.648526934212418027e+01 -2.506463434238809640e+01
-2.182120924719145805e+01 -2.058724913606200957e+01
-2.598076211353315301e+01 -1.500000000000001421e+01
-2.873968536946466301e+01 -8.604096981332720162e+00
-2.994924474813804594e+01 -1.744344867314287173e+00
-2.954423259036624216e+01 5.209445330007898889e+00
-2.754648320640822234e+01 1.188239298117469467e+01
-2.406369578265131892e+01 1.791475775108357382e+01
-1.928362829059618733e+01 2.298133329356933530e+01
-1.346397540601387277e+01 2.680897920970236470e+01
-6.918476122273212958e+00 2.919134611739471552e+01
0.000000000000000000e+00 4.000000000000000000e+01
6.945927106677213025e+00 3.939231012048831815e+01
1.368080573302674807e+01 3.758770483143634067e+01
1.999999999999999645e+01 3.464101615137754919e+01
2.571150438746157008e+01 3.064177772475911965e+01
3.064177772475911965e+01 2.571150438746157363e+01
3.464101615137754209e+01 2.000000000000000355e+01
3.758770483143633356e+01 1.368080573302675340e+01
3.939231012048831815e+01 6.945927106677216578e+00
4.000000000000000000e+01 2.449293598294706513e-15
3.939231012048831815e+01 -6.945927106677212137e+00
3.758770483143634067e+01 -1.368080573302674807e+01
3.464101615137754919e+01 -1.999999999999999289e+01
3.064177772475911965e+01 -2.571150438746157363e+01
2.571150438746158073e+01 -3.064177772475911610e+01
1.999999999999999645e+01 -3.464101615137754919e+01
1.368080573302675518e+01 -3.758770483143633356e+01
6.945927106677228124e+00 -3.939231012048831815e+01
4.898587196589413026e-15 -4.000000000000000000e+01
-6.945927106677201479e+00 -3.939231012048832525e+01
-1.368080573302674630e+01 -3.758770483143634067e+01
-1.999999999999998934e+01 -3.464101615137755630e+01
-2.571150438746157008e+01 -3.064177772475911965e+01
-3.064177772475911610e+01 -2.571150438746158073e+01
-3.464101615137753498e+01 -2.000000000000001776e+01
-3.758770483143632646e+01 -1.368080573302677472e+01
-3.939231012048831815e+01 -6.945927106677213025e+00
-4.000000000000000000e+01 -7.347880794884118356e-15
-3.939231012048832525e+01 6.945927106677198815e+00
-3.758770483143634067e+01 1.368080573302672676e+01
-3.464101615137754209e+01 2.000000000000000355e+01
-3.064177772475912320e+01 2.571150438746157008e+01
-2.571150438746158429e+01 3.064177772475911254e+01
-2.000000000000001776e+01 3.464101615137753498e+01
-1.368080573302677649e+01 3.758770483143632646e+01
-6.945927106677215690e+00 3.939231012048831815e+01
