0.0015947818756103516
0.001344442367553711
0.001226663589477539
0.0012996196746826172
0.001279592514038086
0.0012595653533935547
0.0013308525085449219
0.0014674663543701172
0.0011157989501953125
0.0012497901916503906
0.0012009143829345703
0.0017931461334228516
0.002476930618286133
0.0053026676177978516
0.003128528594970703
0.005151033401489258
0.011333227157592773
0.006757497787475586
0.01644420623779297
0.016030073165893555
0.012839078903198242
0.005823612213134766
0.002724885940551758
0.0023183822631835938
0.0048787593841552734
0.0038781166076660156
0.006086587905883789
0.004752159118652344
0.0011508464813232422
0.002228975296020508
0.003505706787109375
0.005141496658325195
0.003301382064819336
0.004620790481567383
0.0020284652709960938
0.0016336441040039062
0.0028307437896728516
0.002439737319946289
0.0015840530395507812
0.0035889148712158203
0.0024471282958984375
0.003597259521484375
0.002273082733154297
0.0015339851379394531
0.007686614990234375
0.0028769969940185547
0.0012159347534179688
0.0012178421020507812
0.001375436782836914
0.001318216323852539
0.001226663589477539
0.0015854835510253906
0.001318216323852539
0.0020284652709960938
0.0011234283447265625
0.0012907981872558594
0.0017647743225097656
0.0017354488372802734
0.0012195110321044922
0.0025441646575927734
0.002830028533935547
0.002583742141723633
0.006318092346191406
0.010876893997192383
0.003301858901977539
0.0071828365325927734
0.005868673324584961
0.003227710723876953
0.0029146671295166016
0.005799293518066406
0.003776073455810547
0.007481813430786133
0.005221366882324219
0.0015099048614501953
0.0014865398406982422
0.002357959747314453
0.001163482666015625
0.0010237693786621094
0.0011746883392333984
0.0026407241821289062
0.001016855239868164
0.002498626708984375
0.0011589527130126953
0.002144336700439453
0.0040018558502197266
0.001253366470336914
0.002543926239013672
0.0030698776245117188
0.001714944839477539
0.0015115737915039062
0.0016064643859863281
0.0023920536041259766
0.003456592559814453
0.0010287761688232422
0.0030355453491210938
0.00202178955078125
0.002455472946166992
0.0017597675323486328
0.0032815933227539062
0.002736806869506836
0.0021953582763671875
0.0020787715911865234
0.0011103153228759766
0.0013556480407714844
0.00168609619140625
0.0022017955780029297
0.003103494644165039
0.0016341209411621094
0.001538991928100586
0.0011067390441894531
0.0012798309326171875
0.002667665481567383
0.003980398178100586
0.004422664642333984
0.002446413040161133
0.0013918876647949219
0.002374410629272461
0.001245737075805664
0.0010700225830078125
0.001894235610961914
0.0014438629150390625
0.0014004707336425781
0.0030236244201660156
0.005233049392700195
0.003999948501586914
0.0029959678649902344
0.0027637481689453125
0.0011267662048339844
0.0016355514526367188
0.0012061595916748047
0.0013058185577392578
0.0012638568878173828
0.0011148452758789062
0.0011661052703857422
0.0015726089477539062
0.0018038749694824219
0.0017299652099609375
0.005858421325683594
0.0023157596588134766
0.0013027191162109375
0.001493692398071289
0.0013470649719238281
0.0012738704681396484
0.0011403560638427734
0.0011119842529296875
0.0012695789337158203
0.0012292861938476562
0.0013873577117919922
0.0010395050048828125
0.0013585090637207031
