18.818800 18.545021
18.800976 18.538143
18.780546 18.530794
18.759481 18.524124
18.736301 18.517200
18.716091 18.510479
18.691416 18.502245
18.672813 18.497068
18.653799 18.492340
18.630178 18.486988
18.609383 18.482956
18.590092 18.480421
18.571665 18.478054
18.553165 18.475513
18.538357 18.473207
18.518608 18.469067
18.500425 18.464245
18.485460 18.459929
18.470465 18.454975
18.455072 18.449453
18.440548 18.443525
18.428968 18.438686
18.411915 18.431063
18.397701 18.424786
18.387589 18.420279
18.371483 18.412952
18.358889 18.407471
18.345854 18.401281
18.336283 18.396671
18.322004 18.389536
18.320034 18.388803
18.320019 18.388811
18.320004 18.388819
18.319988 18.388824
18.309086 18.383202
18.299271 18.378214
18.284098 18.369431
18.267715 18.359854
18.250505 18.349529
18.234713 18.340645
18.214125 18.329098
18.197290 18.319525
18.178925 18.309034
18.159874 18.298075
18.145149 18.289530
18.124620 18.277525
18.110968 18.269510
18.096479 18.260900
18.081015 18.251598
18.062098 18.240112
18.048126 18.231667
18.036125 18.224321
18.020094 18.214434
18.009668 18.208059
17.992300 18.197302
17.982304 18.191153
17.967505 18.181992
17.956184 18.174999
17.943106 18.166893
17.930996 18.159456
17.920700 18.153000
17.908653 18.145533
17.898699 18.139462
17.888073 18.132868
17.877052 18.125975
17.875778 18.125246
17.875807 18.125235
17.875830 18.125225
17.875113 18.124563
17.864719 18.117598
17.850153 18.106953
17.835213 18.096611
17.821442 18.086552
17.804686 18.074276
17.788229 18.061808
17.773500 18.050201
17.758715 18.037966
17.744907 18.026205
17.729925 18.013134
17.715982 18.000704
17.701048 17.987101
17.688652 17.975348
17.674406 17.961672
17.662067 17.949528
17.650015 17.937096
17.636768 17.923552
17.624447 17.910591
17.611486 17.896797
17.599651 17.884243
17.588455 17.871887
17.576780 17.859013
17.565351 17.846125
17.554823 17.834106
17.544468 17.821478
17.534286 17.809307
17.524801 17.797916
17.515953 17.787092
17.509418 17.779007
17.498791 17.765909
17.489637 17.754183
17.481434 17.743010
17.474489 17.734102
17.466927 17.723942
17.460035 17.714279
17.453920 17.704178
17.447371 17.694685
17.441298 17.685112
17.436018 17.676443
17.430925 17.667763
17.426569 17.657337
17.425312 17.655016
17.425314 17.655016
17.425314 17.655016
17.425045 17.654305
17.419090 17.642885
17.412697 17.629745
17.406334 17.617029
17.398849 17.602745
17.392231 17.590174
17.386854 17.579876
17.377565 17.562344
17.370432 17.548841
17.363367 17.535477
17.355679 17.520969
17.348230 17.506844
17.340422 17.492126
17.332930 17.477942
17.325590 17.463959
17.318344 17.449957
17.310997 17.435808
17.304218 17.422569
17.298637 17.411287
17.290369 17.394781
17.283556 17.381004
17.277250 17.367805
17.269869 17.353054
17.263353 17.340147
17.257044 17.327236
17.252142 17.317020
17.244663 17.302237
17.238590 17.288979
17.232370 17.276093
17.226549 17.263693
17.220808 17.251184
17.215921 17.240543
17.211109 17.229874
17.205652 17.217958
17.201027 17.207947
17.195757 17.196342
17.195297 17.195208
17.195309 17.195189
17.195320 17.195166
17.195330 17.195148
17.193018 17.188293
17.188389 17.173971
17.182590 17.160337
17.177082 17.147362
17.170895 17.132847
17.164972 17.118986
17.159653 17.106501
17.153389 17.091681
17.147728 17.078373
17.141626 17.064001
17.135441 17.049435
17.129734 17.035866
17.123901 17.022354
17.118652 17.008760
17.113871 16.996832
17.107401 16.980333
17.102451 16.968111
17.096333 16.953157
17.091021 16.939150
17.086332 16.926487
17.081377 16.912029
17.076811 16.899111
17.072090 16.885447
17.067160 16.870985
17.062780 16.857679
17.057915 16.843437
17.053804 16.830719
17.048876 16.816334
17.044331 16.803019
17.039602 16.789011
17.035082 16.774574
17.031122 16.761129
17.026958 16.747677
17.022682 16.733768
17.018835 16.720633
17.015799 16.710648
17.011658 16.695154
17.008234 16.683544
17.004738 16.671175
17.001360 16.659079
16.997505 16.647924
16.993196 16.636623
16.992353 16.634787
16.992332 16.634808
16.992317 16.634825
16.992300 16.634844
16.989965 16.626137
16.987139 16.613802
16.983431 16.601227
16.978815 16.587715
16.973440 16.573921
16.967751 16.559254
16.962004 16.544775
16.956276 16.530083
16.951042 16.515219
16.946459 16.501753
16.942110 16.488503
16.937462 16.473713
16.933109 16.460258
16.928997 16.447025
16.924734 16.433369
16.920433 16.419662
16.916164 16.406103
16.911816 16.392281
16.907404 16.378290
16.903585 16.365959
16.899166 16.351780
16.894688 16.337637
16.890743 16.325115
16.886374 16.310940
16.887615 16.302376
16.888798 16.297579
16.888828 16.294575
16.887802 16.292423
16.886076 16.291964
16.886026 16.277138
16.881533 16.249243
16.879997 16.237806
16.875990 16.223402
16.873178 16.210014
16.870211 16.197266
16.871403 16.188122
16.874315 16.181368
16.875374 16.177204
16.875034 16.174885
16.873861 16.174047
16.873695 16.162764
16.868711 16.131741
16.870316 16.127354
16.869385 16.113808
16.868368 16.108953
16.868368 16.108953
16.868368 16.108953
16.868368 16.108953
16.867058 16.101608
16.864166 16.088711
16.866735 16.078304
16.871080 16.070183
16.874704 16.063438
16.877146 16.057787
16.877998 16.054396
16.877922 16.052607
16.877209 16.035200
16.871189 16.014526
16.867853 16.000383
16.872246 15.990570
16.876545 15.982589
16.879251 15.976969
16.881699 15.970970
16.881847 15.968394
16.881527 15.962884
16.877655 15.934825
16.878754 15.928558
16.878412 15.918459
16.874315 15.902718
16.875790 15.894635
16.880276 15.885541
16.882893 15.879329
16.884077 15.875941
16.884426 15.872952
16.884323 15.870070
16.882904 15.848886
16.875296 15.827225
16.873465 15.815688
16.875078 15.806951
16.878365 15.800181
16.882191 15.792472
16.883667 15.788179
16.884026 15.785795
16.882639 15.770280
16.879711 15.750940
16.879751 15.748608
16.881290 15.744807
16.882601 15.740997
16.883524 15.737566
16.883648 15.735194
16.883667 15.732697
16.883636 15.724973
16.880190 15.693756
16.872248 15.672993
16.871967 15.670044
16.869312 15.653043
16.868597 15.639971
16.868498 15.627949
16.868488 15.617185
16.868567 15.604837
16.868502 15.604901
16.868521 15.604884
16.868538 15.604867
16.868557 15.604848
16.866486 15.595210
16.863874 15.582751
16.860849 15.568413
16.858097 15.555057
16.864220 15.544110
16.870438 15.533828
16.875195 15.525301
16.878929 15.517955
16.881704 15.511961
16.882977 15.507775
16.883551 15.505183
16.883596 15.502674
16.883358 15.500427
16.882744 15.486600
16.881910 15.456346
16.884724 15.448515
16.884047 15.447810
16.882069 15.448598
16.882305 15.435444
16.876999 15.405245
16.874355 15.397858
16.873165 15.383659
16.875973 15.377269
16.879742 15.369759
16.883024 15.362461
16.884697 15.358361
16.885403 15.355597
16.885084 15.347323
16.886223 15.324814
16.893139 15.311353
16.896107 15.305433
16.897810 15.301142
16.898830 15.298075
16.898966 15.296829
16.898775 15.295397
16.897953 15.285771
16.892530 15.253005
16.892853 15.248383
16.892843 15.237379
16.889128 15.221939
16.889191 15.212836
16.892208 15.205657
16.893078 15.202423
16.892988 15.200713
16.892075 15.199339
16.889656 15.173100
16.880878 15.158755
16.878881 15.148539
16.874071 15.131901
16.875841 15.121062
16.878899 15.112526
16.879751 15.105659
16.879478 15.099646
16.879677 15.098515
16.879606 15.097566
16.879446 15.096998
16.879152 15.096654
16.876219 15.084766
16.872597 15.072877
16.869520 15.063560
16.865088 15.049333
16.861917 15.035224
16.859011 15.021373
16.855843 15.008471
16.853390 14.994223
16.850693 14.980634
16.848600 14.968158
16.846811 14.954358
16.844891 14.943271
16.843794 14.928983
16.842735 14.916495
16.841339 14.903388
16.840321 14.890569
16.839815 14.877752
16.844418 14.863591
16.848377 14.853189
16.853247 14.843273
16.858871 14.833772
16.864347 14.824006
16.869062 14.814812
16.872305 14.807885
16.879210 14.795024
16.881796 14.788481
16.886681 14.777153
16.890871 14.766985
16.893854 14.759048
16.898201 14.747554
16.901897 14.737685
16.905067 14.728248
16.908205 14.719208
16.911955 14.709612
16.915823 14.699936
16.920288 14.689400
16.923666 14.680805
16.928158 14.670550
16.932169 14.661397
16.937016 14.651018
16.940699 14.642053
16.945095 14.632187
16.947945 14.625488
16.953537 14.614329
16.958309 14.604736
16.963079 14.595786
16.967236 14.587084
16.971743 14.578261
16.976934 14.568963
16.981398 14.560286
16.986929 14.551079
16.992048 14.542417
16.997349 14.533406
17.002428 14.525009
17.007641 14.516777
17.012373 14.509318
17.017603 14.501326
17.022936 14.493042
17.027626 14.486048
17.033848 14.476613
17.039124 14.468994
17.043745 14.462934
17.045900 14.459832
17.045900 14.459832
17.045900 14.459832
17.045898 14.459834
17.049107 14.455405
17.056160 14.446404
17.061480 14.439386
17.066885 14.432105
17.072226 14.425110
17.078253 14.417188
17.083815 14.409888
17.089159 14.402797
17.094852 14.395126
17.100227 14.387803
17.105171 14.380418
17.111166 14.371922
17.115620 14.365589
17.121845 14.356688
17.127649 14.348321
17.132757 14.341030
17.138239 14.333458
17.143660 14.325563
17.149057 14.317760
17.154455 14.310555
17.160315 14.302600
17.165352 14.294615
17.170931 14.286448
17.175339 14.279909
17.181137 14.271409
17.187056 14.262624
17.192162 14.255050
17.196198 14.249066
17.203014 14.238910
17.206913 14.233134
17.213947 14.222790
17.219505 14.214632
17.224890 14.206766
17.230154 14.199095
17.235312 14.191509
17.240789 14.183509
17.246696 14.174859
17.251673 14.167569
17.257259 14.159397
17.262999 14.150905
17.267975 14.143703
17.273481 14.135892
17.279316 14.127520
17.284496 14.120134
17.290138 14.112085
17.295055 14.105012
17.300985 14.096498
17.306332 14.088800
17.311653 14.081201
17.316656 14.074047
17.322660 14.065522
17.328218 14.057688
17.333435 14.050276
17.338766 14.042800
17.344088 14.035206
17.344864 14.034083
17.344873 14.034112
17.344881 14.034136
17.344891 14.034164
17.344898 14.034184
17.344908 14.034214
17.351370 14.024796
17.355211 14.019345
17.361155 14.010166
17.366039 14.002505
17.371361 13.994344
17.376270 13.985750
17.380215 13.978210
17.384336 13.969030
17.387611 13.960469
17.390587 13.951769
17.393085 13.941718
17.395140 13.932045
17.396664 13.921464
17.397972 13.911311
17.399309 13.899981
17.400242 13.889560
17.400965 13.877158
17.401302 13.866290
17.401999 13.854945
17.402710 13.842936
17.403881 13.831770
17.405313 13.820229
17.406801 13.808323
17.408382 13.797116
17.410181 13.786727
17.411726 13.775451
17.413303 13.763660
17.414501 13.752737
17.415421 13.741024
17.415821 13.729178
17.415510 13.717513
17.414486 13.705767
17.413652 13.692371
17.412951 13.680244
17.411972 13.668722
17.410826 13.655880
17.409708 13.642781
17.408358 13.628792
17.407345 13.617209
17.406334 13.603539
17.405453 13.591113
17.404739 13.578457
17.403984 13.565564
17.402872 13.553037
17.401773 13.540315
17.400505 13.526635
17.399309 13.513233
17.398947 13.508352
17.398924 13.508339
17.398901 13.508326
17.398878 13.508312
17.398582 13.502769
17.397602 13.490542
17.396984 13.478446
17.396204 13.465596
17.395327 13.452653
17.394421 13.439488
17.393709 13.427149
17.393053 13.415946
17.392389 13.403028
17.391865 13.391087
17.391262 13.378346
17.390629 13.365712
17.390150 13.352531
17.389742 13.340979
17.389307 13.329003
17.388937 13.316331
17.388699 13.304604
17.388279 13.291766
17.387995 13.280293
17.387678 13.268042
17.387207 13.255773
17.386883 13.245110
17.386715 13.231556
17.386612 13.218674
17.385973 13.206454
17.385647 13.194776
17.385483 13.181959
17.385519 13.169885
17.385519 13.157289
17.385199 13.145824
17.384554 13.133512
17.384315 13.120762
17.384190 13.109595
17.383966 13.095767
17.383917 13.083888
17.383862 13.071661
17.383636 13.059591
17.383501 13.046430
17.383486 13.035003
17.383598 13.022747
17.383600 13.009510
17.383631 12.998380
17.383726 12.986164
17.383692 12.983786
17.383694 12.983786
17.383694 12.983785
17.383694 12.983785
17.383694 12.983785
17.383724 12.975539
17.383724 12.962091
17.383703 12.950626
17.383715 12.937292
17.383734 12.926648
17.383711 12.914427
17.383682 12.901764
17.383694 12.889392
17.383675 12.877567
17.383675 12.866233
17.383656 12.854139
17.383656 12.841240
17.383612 12.830011
17.383598 12.817657
17.383598 12.806015
17.383570 12.792643
17.383541 12.781706
17.383507 12.769855
17.383499 12.757013
17.383484 12.745262
17.383476 12.733110
17.383436 12.720801
17.383434 12.709453
17.383406 12.697279
17.383381 12.685404
17.383377 12.673079
17.383354 12.660149
17.383329 12.648627
17.383310 12.637049
17.383299 12.623784
17.383289 12.612597
17.383259 12.600343
17.383261 12.588161
17.383278 12.574543
17.383242 12.563607
17.383230 12.549784
17.383240 12.537659
17.383253 12.526162
17.383215 12.514595
17.383196 12.501784
17.383194 12.489378
17.383181 12.477128
17.383156 12.467793
17.383158 12.467854
17.383158 12.467853
17.383156 12.467854
17.383156 12.467853
17.383184 12.463821
17.383148 12.451303
17.383171 12.438227
17.383150 12.427085
17.383112 12.415023
17.383070 12.402698
17.383039 12.390123
17.382984 12.377456
17.382914 12.365687
17.382862 12.354066
17.382833 12.342698
17.382763 12.330744
17.382736 12.318210
17.382683 12.305174
17.382643 12.293779
17.382549 12.282230
17.382483 12.269218
17.382420 12.256796
17.382351 12.248502
17.382278 12.233356
17.382200 12.221211
17.382116 12.209318
17.381998 12.197469
17.381876 12.185415
17.381746 12.172541
17.381693 12.164182
17.381525 12.149138
17.381405 12.136339
17.381269 12.123547
17.381159 12.111336
17.381031 12.100588
17.380892 12.087609
17.380775 12.075392
17.380659 12.062286
17.380526 12.050011
17.380354 12.037119
17.380249 12.025229
17.380123 12.012731
17.380045 12.001105
17.379940 11.988253
17.379847 11.975960
17.379759 11.964444
17.379673 11.951347
17.379637 11.949688
17.379637 11.949688
17.379637 11.949688
17.379637 11.949688
17.379637 11.949688
17.379637 11.949688
17.379538 11.939916
17.379419 11.928071
17.379272 11.915348
17.379158 11.903201
17.379028 11.890611
17.378889 11.878090
17.378771 11.865892
17.378675 11.853761
17.378454 11.841555
17.378109 11.829786
17.377806 11.816792
17.377533 11.805099
17.377325 11.794299
17.377062 11.781828
17.376823 11.769735
17.376648 11.760215
17.376354 11.744875
17.376135 11.734239
17.375921 11.721380
17.375725 11.708899
17.375523 11.696334
17.375360 11.685116
17.375181 11.672432
17.375040 11.663051
17.374815 11.647404
17.374651 11.634901
17.374504 11.623529
17.374352 11.610850
17.374226 11.599051
17.374079 11.586074
17.373974 11.573669
17.373543 11.561171
17.373314 11.548737
17.372953 11.536416
17.372326 11.523773
17.372087 11.511538
17.371939 11.499028
17.371733 11.486011
17.371529 11.474599
17.371346 11.461397
17.371206 11.450244
17.371071 11.439975
17.371111 11.435171
17.371111 11.435173
17.371111 11.435175
17.371109 11.435179
17.371107 11.435182
17.370983 11.425332
17.370855 11.412792
17.370691 11.400518
17.370499 11.388483
17.370279 11.376463
17.370121 11.363159
17.369974 11.351419
17.369839 11.339488
17.369696 11.328208
17.369576 11.315735
17.369448 11.304010
17.369343 11.294108
17.369240 11.278998
17.369186 11.266709
17.369102 11.256057
17.369041 11.243505
17.368965 11.231358
17.368898 11.218593
17.368807 11.206414
17.368498 11.194355
17.368341 11.183257
17.367979 11.169838
17.367790 11.157760
17.367649 11.145261
17.367609 11.133661
17.367517 11.121211
17.367416 11.108724
17.367352 11.096517
17.367332 11.087990
17.367243 11.072996
17.367195 11.060147
17.367155 11.047550
17.367140 11.035970
17.367138 11.023532
17.367151 11.011332
17.367138 10.998566
17.367146 10.986047
17.367170 10.974102
17.367203 10.961472
17.367233 10.949448
17.367287 10.938546
17.367371 10.924726
17.367424 10.912336
17.367388 10.910983
17.367388 10.910983
17.367386 10.910982
17.367386 10.910983
17.367386 10.910982
17.367435 10.900587
17.367500 10.888494
17.367588 10.876718
17.367603 10.864451
17.367682 10.852635
17.367741 10.841251
17.367800 10.828036
17.367834 10.816522
17.367912 10.804017
17.367966 10.793180
17.368008 10.780927
17.368065 10.768584
17.368107 10.757040
17.368168 10.744671
17.368176 10.732647
17.368221 10.720654
17.368258 10.708662
17.368275 10.696750
17.368301 10.685137
17.368322 10.672841
17.368341 10.661416
17.368347 10.648586
17.368406 10.636624
17.368408 10.624841
17.368423 10.612899
17.368416 10.600461
17.368456 10.587537
17.368486 10.575579
17.368483 10.563269
17.368481 10.551005
17.368473 10.538836
17.368479 10.529469
17.368498 10.513879
17.368507 10.500710
17.368502 10.489564
17.368465 10.476973
17.368460 10.464654
17.368446 10.451510
17.368427 10.439876
17.368410 10.427485
17.368393 10.415992
17.368362 10.403218
17.368347 10.396826
17.368347 10.396826
17.368347 10.396826
17.368345 10.396825
17.368345 10.396825
17.368294 10.390565
17.368279 10.378889
17.368189 10.366395
17.368135 10.354701
17.368116 10.345782
17.368017 10.330504
17.367929 10.319276
17.367840 10.306504
17.367773 10.294082
17.367683 10.281600
17.367579 10.269463
17.367487 10.258023
17.367409 10.246146
17.367298 10.234610
17.367197 10.222191
17.367123 10.211179
17.367014 10.197719
17.366903 10.185223
17.366798 10.173213
17.366707 10.161181
17.366623 10.148875
17.366508 10.137443
17.366411 10.125690
17.366302 10.112167
17.366198 10.100271
17.366079 10.087377
17.366024 10.077886
17.365940 10.063353
17.365801 10.050861
17.365696 10.038406
17.365602 10.026145
17.365530 10.013777
17.365406 10.001328
17.365343 9.992754
17.365217 9.977538
17.365110 9.965303
17.365005 9.952428
17.364855 9.940414
17.364704 9.927924
17.364546 9.915753
17.364422 9.903281
17.364288 9.890670
17.364178 9.880164
17.364170 9.880285
17.364170 9.880285
17.364170 9.880285
17.364170 9.880284
17.364168 9.880284
17.364006 9.870164
17.363865 9.857840
17.363747 9.846212
17.363554 9.833673
17.363447 9.823456
17.363249 9.808631
17.363113 9.797892
17.362888 9.784800
17.362730 9.773250
17.362511 9.760975
17.362333 9.748699
17.362103 9.736691
17.361933 9.724191
17.361773 9.712600
17.361614 9.700212
17.361464 9.688471
17.361332 9.676756
17.361166 9.663866
17.361006 9.651534
17.360870 9.639939
17.360746 9.626813
17.360624 9.615373
17.360502 9.602165
17.360415 9.591476
17.360319 9.577918
17.360214 9.566969
17.360077 9.553675
17.360008 9.542227
17.359882 9.528949
17.359770 9.516505
17.359657 9.504478
17.359596 9.492518
17.359486 9.479496
17.359404 9.466619
17.359289 9.455133
17.359262 9.442214
17.359196 9.430289
17.359159 9.417924
17.359104 9.405737
17.359064 9.393785
17.359018 9.381455
17.358980 9.371265
17.358982 9.362722
17.358982 9.362722
17.358982 9.362722
17.358982 9.362723
17.358953 9.354270
17.358902 9.342354
17.358854 9.331169
17.358761 9.317693
17.358704 9.306520
17.358639 9.294219
17.358561 9.282434
17.358471 9.270175
17.358404 9.258995
17.358303 9.245512
17.358192 9.234274
17.358091 9.221825
17.357998 9.209276
17.357904 9.198218
17.357771 9.185813
17.357698 9.173265
17.357590 9.162077
17.357471 9.148744
17.357357 9.138000
17.357286 9.125147
17.357166 9.113906
17.357054 9.101027
17.356949 9.088949
17.356859 9.075782
17.356731 9.064689
17.356586 9.051249
17.356514 9.039505
17.356386 9.026409
17.356277 9.014191
17.356165 9.002934
17.356096 8.989543
17.355976 8.977417
17.355871 8.965129
17.355749 8.952774
17.355663 8.940173
17.355551 8.928539
17.355427 8.916132
17.355343 8.903494
17.355230 8.891753
17.355122 8.878736
17.355009 8.867056
17.354954 8.854967
17.354837 8.844598
17.354836 8.844697
17.354836 8.844697
17.354836 8.844697
17.354836 8.844696
17.354836 8.844695
17.354752 8.834229
17.354689 8.824727
17.354578 8.810985
17.354467 8.798906
17.354374 8.786023
17.354290 8.774140
17.354177 8.762611
17.354076 8.751020
17.353996 8.738815
17.353872 8.726632
17.353794 8.714141
17.353699 8.701808
17.353628 8.689831
17.353542 8.677684
17.353443 8.665251
17.353386 8.653487
17.353319 8.640881
17.353237 8.628752
17.353163 8.616961
17.353096 8.604306
17.353029 8.592257
17.352953 8.579798
17.352880 8.568148
17.352846 8.555757
17.352707 8.543210
17.352598 8.530985
17.352503 8.518533
17.352406 8.506042
17.352262 8.493756
17.352135 8.482341
17.351984 8.469049
17.351858 8.456505
17.351694 8.443924
17.351536 8.431343
17.351425 8.420068
17.351276 8.407401
17.351122 8.394725
17.351009 8.383014
17.350897 8.370209
17.350786 8.357845
17.350657 8.346405
17.350567 8.333354
17.350574 8.331875
17.350576 8.331875
17.350576 8.331876
17.350576 8.331876
17.350576 8.331877
17.350252 8.326856
17.350328 8.314506
17.350595 8.302805
17.350063 8.290211
17.349819 8.280702
17.349791 8.265879
17.349566 8.253825
17.349703 8.241858
17.349882 8.229774
17.350443 8.218317
17.351498 8.206734
17.353203 8.195271
17.355101 8.183403
17.357086 8.172872
17.359329 8.162275
17.362326 8.150051
17.365141 8.140130
17.368162 8.129627
17.371382 8.118484
17.375038 8.107467
17.378412 8.097339
17.380976 8.088038
17.384346 8.076804
17.387606 8.066010
17.390907 8.055878
17.394020 8.045286
17.397169 8.034818
17.400066 8.025293
17.403242 8.015458
17.406704 8.004452
17.408876 7.997575
17.413176 7.985793
17.417017 7.974160
17.420479 7.964003
17.423849 7.953844
17.426884 7.945053
17.430620 7.935072
17.434845 7.925011
17.438608 7.915491
17.442671 7.905200
17.446894 7.895203
17.450577 7.886650
17.454956 7.876809
17.459476 7.866841
17.463394 7.857888
17.467304 7.849323
17.472136 7.839696
17.476593 7.830949
17.481945 7.821363
17.486828 7.811911
17.491373 7.803226
17.496243 7.794201
17.501043 7.785394
17.506165 7.776908
17.511421 7.768070
17.516411 7.759902
17.521603 7.751889
17.527069 7.743155
17.531733 7.735412
17.531668 7.735465
17.531668 7.735465
17.531668 7.735465
17.531668 7.735465
17.536873 7.727653
17.542427 7.719190
17.547541 7.711406
17.553711 7.702165
17.558809 7.694532
17.563688 7.687357
17.569557 7.678841
17.575197 7.670702
17.580448 7.663019
17.585699 7.655435
17.591005 7.647974
17.596485 7.640224
17.602348 7.632012
17.607380 7.625000
17.612726 7.617531
17.618694 7.609226
17.624205 7.601529
17.629402 7.594148
17.634842 7.586593
17.640627 7.578635
17.645763 7.571757
17.651852 7.563704
17.656931 7.557052
17.663273 7.548775
17.668674 7.541753
17.674417 7.534177
17.679811 7.527150
17.685326 7.519846
17.691591 7.511536
17.696976 7.504539
17.703075 7.496528
17.708603 7.489329
17.714220 7.481928
17.719902 7.474565
17.725704 7.466932
17.731373 7.459526
17.737223 7.451876
17.743256 7.444006
17.748650 7.436867
17.754370 7.429415
17.760170 7.422067
17.766308 7.414414
17.772190 7.406920
17.778231 7.399240
17.784128 7.391744
17.789385 7.385100
17.795765 7.376981
17.801542 7.369771
17.807331 7.362725
17.813246 7.355562
17.819204 7.348228
17.824821 7.341438
17.830938 7.334014
17.837070 7.326557
17.841734 7.320864
17.841736 7.320862
17.841736 7.320862
17.841736 7.320861
17.847286 7.313472
17.852833 7.306663
17.858217 7.300022
17.864290 7.292830
17.870272 7.285571
17.875973 7.278278
17.880840 7.272025
17.886362 7.264184
17.891314 7.256837
17.895409 7.250573
17.900984 7.241099
17.905172 7.232407
17.909405 7.223659
17.914280 7.214731
17.919453 7.205675
17.924440 7.196914
17.929157 7.188361
17.934305 7.179039
17.938850 7.169725
17.942612 7.159831
17.946157 7.149690
17.949209 7.139383
17.951706 7.128298
17.953838 7.117907
17.955854 7.106180
17.957520 7.094232
17.959011 7.083201
17.960310 7.071430
17.959904 7.060302
17.958183 7.047596
17.956430 7.035616
17.954300 7.021590
17.952221 7.008850
17.950188 6.996813
17.948067 6.983958
17.945602 6.969512
17.943832 6.959668
17.940849 6.943706
17.938608 6.931193
17.936392 6.918855
17.934059 6.905878
17.931814 6.893344
17.929501 6.879965
17.927313 6.867345
17.925081 6.854112
17.922951 6.841744
17.920803 6.828633
17.919008 6.816391
17.917086 6.804112
17.915314 6.790240
17.913857 6.777823
17.912296 6.766416
17.911411 6.752882
17.910730 6.740075
17.910326 6.727639
17.909760 6.716221
17.909269 6.703105
17.909109 6.690526
17.909317 6.678196
17.909372 6.665808
17.909353 6.654021
17.909290 6.641716
17.909546 6.629809
17.909527 6.617321
17.909445 6.605514
17.909040 6.592837
17.908689 6.580463
17.907887 6.568276
17.907211 6.556606
17.906853 6.543506
17.906269 6.532201
17.906809 6.519444
17.907570 6.506808
17.909058 6.495653
17.911051 6.484548
17.913071 6.473040
17.915014 6.462044
17.917273 6.450043
17.918991 6.439688
17.920830 6.428777
17.923275 6.417751
17.925564 6.406829
17.928280 6.395664
17.930630 6.385574
17.933571 6.374519
17.935558 6.367740
17.939392 6.354570
17.941534 6.344950
17.943691 6.336481
17.947140 6.324979
17.950903 6.314880
17.954346 6.305193
17.956718 6.298201
17.960798 6.285710
17.964302 6.275887
17.967979 6.266147
17.971775 6.256430
17.975691 6.246916
17.979748 6.237335
17.983070 6.228447
17.986395 6.220809
17.990564 6.211320
17.994242 6.203247
17.997986 6.195220
18.000126 6.189111
18.002184 6.182751
18.005177 6.177100
18.009720 6.169963
18.014805 6.162274
18.019560 6.155026
18.024242 6.148015
18.028461 6.141793
18.034058 6.133564
18.038910 6.126359
18.042383 6.120019
18.044039 6.116756
18.046900 6.112513
18.048962 6.109831
18.051252 6.107067
18.053534 6.104528
18.055838 6.102098
18.058504 6.099247
18.060863 6.096680
18.062498 6.094912
18.064266 6.093119
18.066170 6.091248
18.067957 6.089565
18.069609 6.087955
18.070824 6.086637
18.072041 6.085709
18.073181 6.084869
18.074221 6.083852
18.074677 6.082961
18.074543 6.082173
18.073996 6.081610
18.073542 6.080912
18.073273 6.080330
18.072905 6.079350
18.071350 6.077096
18.069824 6.074772
18.068314 6.072129
18.067234 6.069896
18.065899 6.067538
18.065025 6.065613
18.063850 6.062963
18.062420 6.060881
18.061052 6.059119
18.059708 6.057737
18.058374 6.056808
18.058016 6.057471
18.057732 6.058893
18.057629 6.060680
18.056824 6.062097
18.055954 6.063227
18.055500 6.063790
18.055304 6.064296
18.055128 6.064462
18.055143 6.064655
18.055172 6.064740
18.055187 6.064775
18.055332 6.064794
18.055395 6.064819
18.055431 6.064800
18.055399 6.064825
18.055342 6.064568
18.055298 6.064487
18.055386 6.064441
18.055294 6.064398
18.055183 6.064034
18.054844 6.063585
18.054661 6.063377
18.054323 6.063119
18.053898 6.062630
18.053612 6.062496
18.053381 6.062132
18.053280 6.062032
18.053444 6.061909
18.053364 6.061929
18.053204 6.061952
18.053234 6.061480
18.053125 6.061024
18.052963 6.060627
18.052715 6.060338
18.052483 6.060146
18.052479 6.059976
18.052546 6.059474
18.051712 6.059553
18.051531 6.059155
18.051353 6.058331
18.050804 6.058202
18.050615 6.057534
18.050364 6.057494
18.050314 6.057447
18.048981 6.052425
18.044950 6.040966
18.043304 6.037874
18.043179 6.037799
18.041958 6.032158
18.037989 6.023237
18.034470 6.013962
18.030983 6.003972
18.027205 5.994370
18.022810 5.984554
18.018843 5.975030
18.015198 5.964696
18.012291 5.954794
18.009272 5.943724
18.006777 5.933139
18.005459 5.922010
18.005039 5.909960
18.005205 5.898578
18.006086 5.886319
18.007429 5.873895
18.008827 5.861975
18.010416 5.848787
18.011971 5.835916
18.013491 5.821730
18.014606 5.809852
18.015863 5.796809
18.016834 5.786437
18.018234 5.771524
18.019350 5.759226
18.020529 5.746376
18.021847 5.733886
18.023373 5.720576
18.024574 5.708498
18.025866 5.695554
18.027098 5.682958
18.028244 5.670396
18.029470 5.657005
18.030560 5.645159
18.031754 5.631192
18.032839 5.619473
18.033741 5.606003
18.034729 5.594292
18.035679 5.581441
18.036655 5.569674
18.037537 5.555990
18.038418 5.543297
18.039175 5.531560
18.039818 5.519539
18.040329 5.507063
18.040958 5.494168
18.041533 5.482375
18.042170 5.470374
18.042749 5.457288
18.043299 5.445319
18.043821 5.432820
18.044373 5.419812
18.044846 5.407990
18.045242 5.395996
18.045652 5.384161
18.046064 5.371326
18.046427 5.359201
18.046663 5.349737
18.046984 5.334582
18.047237 5.322162
18.047476 5.309800
18.047651 5.297984
18.047895 5.287820
18.047871 5.287958
18.047846 5.287939
18.047825 5.287924
18.047798 5.287904
18.047773 5.287884
18.047890 5.277686
18.048050 5.265001
18.048182 5.253018
18.048311 5.240926
18.048460 5.227993
18.048578 5.215709
18.048683 5.203327
18.048784 5.190918
18.048883 5.179075
18.048981 5.167058
18.049070 5.154509
18.049164 5.141593
18.049295 5.129341
18.049398 5.116763
18.049458 5.104980
18.049555 5.093490
18.049660 5.081007
18.049780 5.068421
18.049858 5.056274
18.049984 5.044310
18.050104 5.032870
18.050200 5.021206
18.050323 5.007647
18.050425 4.995573
18.050514 4.984332
18.050606 4.971186
18.050684 4.959237
18.050756 4.947717
18.050804 4.935646
18.050858 4.923699
18.050890 4.910618
18.050896 4.899234
18.050924 4.887652
18.050913 4.875007
18.050890 4.862660
18.050867 4.851036
18.050833 4.837875
18.050779 4.825786
18.050701 4.813691
18.050642 4.801774
18.050541 4.788896
18.050459 4.777476
18.050406 4.771382
18.050404 4.771382
18.050406 4.771382
18.050404 4.771382
18.050304 4.761601
18.050175 4.748653
18.050121 4.736806
18.050028 4.724963
18.049934 4.712648
18.049881 4.700439
18.049793 4.688723
18.049721 4.675786
18.049656 4.664623
18.049614 4.652193
18.049553 4.639644
18.049511 4.626934
18.049482 4.615510
18.049465 4.603224
18.049452 4.591141
18.049458 4.579156
18.049479 4.567157
18.049500 4.554731
18.049534 4.543374
18.049604 4.530944
18.049656 4.518281
18.049744 4.506713
18.049805 4.494633
18.049892 4.481930
18.049959 4.470986
18.050045 4.458654
18.050135 4.446302
18.050192 4.433637
18.050261 4.421941
18.050314 4.409539
18.050398 4.397670
18.050419 4.385573
18.050486 4.373846
18.050497 4.361755
18.050528 4.349327
18.050520 4.337451
18.050533 4.325271
18.050541 4.312707
18.050518 4.301263
18.050484 4.288128
18.050447 4.276065
18.050421 4.264010
18.050375 4.252204
18.050360 4.248422
18.050360 4.248423
18.050356 4.248423
18.050352 4.248423
18.050339 4.242949
18.050297 4.230741
18.050240 4.218443
18.050194 4.206496
18.050158 4.194761
18.050121 4.181387
18.050077 4.169323
18.050062 4.157812
18.050032 4.145518
18.050016 4.133092
18.050013 4.120468
18.050016 4.108397
18.050037 4.096406
18.050055 4.084617
18.050077 4.075562
18.050129 4.060871
18.050175 4.048332
18.050236 4.036231
18.050314 4.023224
18.050373 4.011437
18.050432 3.999702
18.050514 3.987317
18.050598 3.975999
18.050661 3.963244
18.050756 3.951312
18.050816 3.939355
18.050907 3.927024
18.050962 3.915169
18.051044 3.903675
18.051107 3.890371
18.051146 3.878633
18.051184 3.865774
18.051207 3.854216
18.051226 3.841778
18.051222 3.829727
18.051241 3.818063
18.051222 3.805213
18.051201 3.792600
18.051184 3.780546
18.051140 3.768831
18.051096 3.756301
18.051039 3.747773
18.050968 3.731956
18.050968 3.731161
18.050968 3.731161
18.050968 3.731161
18.051056 3.735354
18.051105 3.747349
18.051151 3.759508
18.051252 3.772219
18.051268 3.783748
18.051701 3.796068
18.051868 3.807704
18.052074 3.820872
18.052227 3.832004
18.052324 3.843705
18.052452 3.856668
18.052540 3.868432
18.052622 3.880649
18.052643 3.891937
18.052771 3.905284
18.052856 3.916797
18.052830 3.927996
18.053015 3.941399
18.053333 3.952971
18.053400 3.960640
18.052837 3.948488
18.051693 3.936709
18.051119 3.924117
18.050488 3.913258
18.050623 3.901493
18.051130 3.889708
18.051435 3.877222
18.051737 3.864837
18.052017 3.852351
18.052313 3.840400
18.052565 3.827984
18.052776 3.815875
18.052782 3.803316
18.052681 3.790541
18.052322 3.778242
18.051870 3.766462
18.050890 3.754312
18.050226 3.742625
18.048958 3.730363
18.047972 3.718810
18.046917 3.707142
18.045649 3.695494
18.044283 3.683731
18.042898 3.672136
18.041561 3.660796
18.040501 3.649229
18.039602 3.639701
18.037868 3.625952
18.036695 3.614924
18.035038 3.603388
18.034216 3.592209
18.032461 3.580909
18.031126 3.569756
18.030268 3.559127
18.027813 3.546842
18.025883 3.535978
18.023279 3.523577
18.021151 3.513634
18.018593 3.502259
18.015913 3.491769
18.013033 3.481078
18.009895 3.469542
18.007383 3.460698
18.003782 3.450014
18.000002 3.440123
17.995859 3.429235
17.992100 3.420325
17.987951 3.410773
17.983978 3.401329
17.979334 3.392395
17.974501 3.382234
17.969894 3.372623
17.965797 3.363887
17.961514 3.354629
17.957247 3.346847
17.952179 3.337900
17.947323 3.328698
17.942251 3.319649
17.937126 3.311080
17.932438 3.303443
17.927423 3.294631
17.922152 3.286276
17.916965 3.278386
17.911247 3.270637
17.905855 3.262914
17.899519 3.254396
17.893980 3.247256
17.889677 3.241676
17.882641 3.232746
17.876726 3.225566
17.870640 3.218350
17.863901 3.210546
17.858280 3.204455
17.852119 3.197698
17.845425 3.190426
17.840567 3.185373
17.832651 3.177061
17.826963 3.171289
17.821131 3.165369
17.813604 3.158031
17.807524 3.152312
17.800478 3.145732
17.793514 3.139317
17.787167 3.133690
17.780165 3.127470
17.773582 3.121696
17.767111 3.116126
17.759903 3.110037
17.753363 3.104398
17.746185 3.098581
17.741402 3.094609
17.732931 3.087920
17.726788 3.082946
17.718719 3.077101
17.711905 3.072098
17.704962 3.066839
17.698473 3.061960
17.691776 3.056879
17.684092 3.051828
17.676704 3.047137
17.670305 3.043046
17.662703 3.038225
17.656044 3.033773
17.648125 3.029098
17.641407 3.025033
17.635767 3.021699
17.626501 3.016813
17.619499 3.013024
17.611818 3.008923
17.604183 3.004700
17.597645 3.001199
17.589512 2.997455
17.582567 2.993944
17.574198 2.990219
17.567184 2.987006
17.559124 2.983565
17.551878 2.980562
17.545153 2.977765
17.536379 2.973828
17.528936 2.970991
17.520712 2.968216
17.512711 2.965424
17.505457 2.962769
17.497446 2.960305
17.489384 2.957701
17.481205 2.955199
17.475245 2.953195
17.465487 2.949374
17.456600 2.946799
17.448612 2.944054
17.440567 2.941819
17.432608 2.939291
17.424419 2.936864
17.415201 2.934568
17.407543 2.931832
17.400244 2.929548
17.391792 2.927487
17.383001 2.925732
17.374514 2.923793
17.366199 2.920961
17.358717 2.918883
17.352331 2.916713
17.341698 2.914211
17.335793 2.912338
17.324934 2.909380
17.319407 2.907634
17.308777 2.904805
17.301611 2.902905
17.293234 2.900909
17.286900 2.899467
17.276318 2.897741
17.268703 2.896976
17.260073 2.896191
17.252867 2.895697
17.243761 2.895497
17.236179 2.895376
17.227930 2.895181
17.219278 2.894983
17.211758 2.894928
17.203165 2.894874
17.195305 2.894793
17.187038 2.894754
17.178961 2.894759
17.170635 2.894696
17.162540 2.894543
17.155516 2.894496
17.146317 2.894439
17.139795 2.894313
17.129496 2.893979
17.121336 2.893537
17.113203 2.893049
17.104982 2.892638
17.097143 2.892303
17.089149 2.891919
17.082676 2.891623
17.072048 2.891060
17.066368 2.890820
17.056067 2.890298
17.047758 2.889880
17.040918 2.889487
17.033640 2.889111
17.025610 2.888667
17.019093 2.888648
17.012508 2.888464
17.005114 2.887969
16.999325 2.887543
16.992420 2.887109
16.987724 2.886796
16.980391 2.886300
16.974791 2.885911
16.968681 2.885543
16.962826 2.885342
16.957306 2.884719
16.951298 2.884306
16.946642 2.883808
16.942801 2.883528
16.938326 2.883010
16.933676 2.882537
16.929569 2.882335
16.926189 2.882432
16.923532 2.882158
16.920115 2.881875
16.917330 2.881666
16.914255 2.881387
16.911306 2.881084
16.908342 2.880796
16.905558 2.880515
16.902355 2.880193
16.898643 2.879871
16.895109 2.879877
16.889765 2.879724
16.880842 2.878888
16.877596 2.878564
16.875254 2.878449
16.868515 2.877886
16.859798 2.877120
16.855700 2.877196
16.850599 2.877308
16.842987 2.876461
16.836361 2.875902
16.828903 2.875242
16.822161 2.874644
16.814140 2.874170
16.807150 2.873234
16.798559 2.872505
16.792181 2.871761
16.784065 2.870978
16.777767 2.870130
16.770718 2.869661
16.764477 2.868981
16.756060 2.868033
16.749153 2.867494
16.742258 2.866913
16.735607 2.866062
16.727777 2.865319
16.720715 2.864049
16.710651 2.863163
16.700096 2.862214
16.692387 2.859929
16.684223 2.858037
16.676294 2.856354
16.668354 2.854169
16.659243 2.852227
16.651009 2.850448
16.643045 2.848693
16.635151 2.847396
16.628105 2.846550
16.619696 2.845424
16.610128 2.844483
16.602179 2.845102
16.593992 2.846547
16.585585 2.848067
16.577625 2.849140
16.569771 2.850346
16.561523 2.851677
16.553331 2.852961
16.545572 2.854360
16.537420 2.855686
16.529329 2.857183
16.522556 2.858412
16.513428 2.860168
16.506319 2.861364
16.498220 2.862761
16.491135 2.864233
16.481213 2.866255
16.473166 2.867722
16.464659 2.869610
16.457058 2.871191
16.448912 2.873055
16.441017 2.874965
16.434713 2.876664
16.424902 2.879220
16.417225 2.881412
16.410366 2.883227
16.400764 2.885987
16.392962 2.888252
16.385353 2.890253
16.376873 2.892515
16.368700 2.894571
16.360615 2.896782
16.352859 2.898972
16.344112 2.901466
16.337685 2.903158
16.328819 2.905563
16.320478 2.907793
16.312155 2.910038
16.304771 2.912003
16.296963 2.914061
16.288363 2.916345
16.280548 2.918359
16.272337 2.920436
16.264412 2.922358
16.256620 2.924352
16.249365 2.926228
16.240345 2.928558
16.231447 2.930817
16.224163 2.932630
16.224230 2.932621
16.224230 2.932621
16.219112 2.933826
16.208693 2.936410
16.202255 2.937904
16.195225 2.938907
16.188032 2.940621
16.180134 2.941790
16.172726 2.943171
16.164894 2.944335
16.155872 2.945917
16.148237 2.947590
16.140636 2.949306
16.131668 2.950875
16.123024 2.952295
16.115402 2.953844
16.106756 2.955490
16.099375 2.956812
16.091368 2.958031
16.082823 2.959299
16.073929 2.960223
16.067593 2.960877
16.058685 2.961744
16.050024 2.961953
16.041473 2.961703
16.033728 2.961304
16.025173 2.960833
16.016953 2.960214
16.008638 2.959521
16.000771 2.959211
15.994232 2.958961
15.984319 2.958221
15.975940 2.957450
15.968062 2.956735
15.961169 2.956318
15.951556 2.955715
15.943388 2.954849
15.935025 2.953709
15.927277 2.952573
15.918788 2.951425
15.912559 2.950477
15.901927 2.949075
15.894457 2.947980
15.886431 2.946642
15.878352 2.945383
15.869345 2.944142
15.862981 2.943197
15.853671 2.941574
15.845665 2.940211
15.837344 2.938813
15.829230 2.937480
15.821257 2.936117
15.813294 2.934798
15.805539 2.933486
15.798183 2.932251
15.788630 2.930576
15.781065 2.929286
15.773092 2.927925
15.764366 2.926448
15.756308 2.925036
15.750625 2.924098
15.740723 2.922380
15.732517 2.920969
15.724850 2.919609
15.718030 2.918479
15.708465 2.916799
15.707399 2.916664
15.707399 2.916664
15.707399 2.916664
15.702940 2.916016
15.693047 2.914042
15.685431 2.912778
15.677169 2.911462
15.669106 2.910252
15.661377 2.909322
15.652699 2.908195
15.644639 2.907459
15.637001 2.906768
15.628519 2.906253
15.620630 2.905496
15.613169 2.904834
15.605178 2.904054
15.599083 2.903134
15.588838 2.902005
15.580698 2.901118
15.572575 2.900153
15.564512 2.899395
15.558230 2.898709
15.547643 2.897583
15.539854 2.896726
15.532028 2.895864
15.523246 2.895012
15.515909 2.894238
15.507386 2.893330
15.498892 2.892415
15.491011 2.891585
15.482300 2.890662
15.474148 2.889776
15.466463 2.888975
15.457923 2.888071
15.449814 2.887234
15.441486 2.886361
15.434103 2.885557
15.425478 2.884642
15.416878 2.883726
15.408884 2.882881
15.400750 2.882003
15.392734 2.881085
15.384647 2.880187
15.376635 2.879362
15.368295 2.878463
15.359920 2.877651
15.352228 2.876802
15.345741 2.876183
15.335840 2.875209
15.327706 2.874388
15.320096 2.873667
15.311652 2.872900
15.303147 2.872173
15.295766 2.871640
15.287309 2.871156
15.279024 2.870626
15.270995 2.870013
15.262635 2.869358
15.254350 2.868721
15.246323 2.868099
15.238532 2.867510
15.229913 2.866856
15.222318 2.866265
15.213660 2.865626
15.206523 2.865080
15.197741 2.864457
15.196664 2.864453
15.196664 2.864453
15.193203 2.864259
15.182540 2.863466
15.174853 2.862936
15.166718 2.862568
15.159804 2.861912
15.150757 2.861381
15.142449 2.860928
15.134104 2.860386
15.128121 2.860003
15.117976 2.859450
15.109899 2.858953
15.101221 2.858545
15.093079 2.858049
15.085115 2.857731
15.076364 2.857522
15.068391 2.857130
15.059901 2.856682
15.052201 2.856268
15.044112 2.855798
15.035739 2.855378
15.027486 2.854882
15.021261 2.854533
15.013004 2.854062
15.002977 2.853525
14.994860 2.853024
14.986997 2.852597
14.978168 2.852098
14.970299 2.851672
14.963211 2.851249
14.953424 2.850713
14.945651 2.850290
14.937408 2.849846
14.929485 2.849405
14.921063 2.848972
14.913468 2.848595
14.904792 2.848143
14.896235 2.847695
14.888252 2.847324
14.880052 2.846964
14.872334 2.846556
14.863767 2.846009
14.855491 2.845603
14.847717 2.845265
14.840053 2.844888
14.831506 2.844511
14.822950 2.844120
14.814885 2.843772
14.806645 2.843363
14.798697 2.843005
14.790242 2.842602
14.782326 2.842142
14.774013 2.841706
14.766109 2.841354
14.757849 2.840921
14.749958 2.840541
14.741992 2.840128
14.733693 2.839692
14.725721 2.839225
14.717180 2.838758
14.709210 2.838300
14.701158 2.837806
14.693018 2.837311
14.686736 2.836966
14.683573 2.836740
14.683573 2.836740
14.679847 2.836570
14.670030 2.835923
14.662134 2.835318
14.653656 2.834755
14.645851 2.834280
14.637325 2.833720
14.631071 2.833363
14.621282 2.832754
14.613138 2.832232
14.604890 2.831871
14.597043 2.831590
14.588841 2.831183
14.580256 2.830693
14.572066 2.830223
14.566423 2.829902
14.556098 2.829333
14.547675 2.828888
14.539137 2.828389
14.531586 2.827997
14.523067 2.827552
14.514812 2.827137
14.506697 2.826773
14.498495 2.826299
14.490858 2.825958
14.482228 2.825548
14.474236 2.825226
14.465472 2.824804
14.457580 2.824471
14.451550 2.824206
14.441240 2.823733
14.433024 2.823358
14.425090 2.823017
14.416393 2.822612
14.410340 2.822360
14.399888 2.821900
14.392530 2.821585
14.384356 2.821238
14.375385 2.820883
14.368011 2.820556
14.359250 2.820259
14.351000 2.819923
14.342748 2.819625
14.335375 2.819251
14.327002 2.818952
14.318189 2.818651
14.310078 2.818346
14.301672 2.818055
14.296151 2.817915
14.285638 2.817678
14.277418 2.817460
14.269150 2.817243
14.261065 2.817044
14.254968 2.816927
14.245258 2.816673
14.238739 2.816522
14.228640 2.816300
14.220373 2.816100
14.212774 2.815912
14.206100 2.815752
14.196647 2.815495
14.188234 2.815275
14.179668 2.815026
14.171433 2.814803
14.170743 2.814765
14.170744 2.814764
14.166495 2.814650
14.156785 2.814421
14.150563 2.814187
14.142024 2.813980
14.132523 2.813704
14.123493 2.813447
14.115459 2.813163
14.107402 2.812935
14.101121 2.812700
14.090858 2.812380
14.083170 2.812090
14.074647 2.811835
14.066574 2.811542
14.058370 2.811247
14.050320 2.810948
14.041780 2.810662
14.034439 2.810374
14.025499 2.810063
14.017709 2.809756
14.009123 2.809448
14.002910 2.809229
13.992913 2.808846
13.984509 2.808545
13.976231 2.808264
13.968779 2.808002
13.961834 2.807765
13.951898 2.807427
13.943897 2.807166
13.935458 2.806883
13.927705 2.806628
13.919280 2.806370
13.911180 2.806129
13.903254 2.805893
13.894748 2.805615
13.888653 2.805416
13.878202 2.805094
13.870367 2.804870
13.862596 2.804622
13.853601 2.804401
13.845804 2.804115
13.837623 2.803915
13.828974 2.803580
13.822473 2.803248
13.813015 2.802946
13.804592 2.802719
13.796822 2.802447
13.788516 2.802225
13.780605 2.801966
13.772036 2.801752
13.764165 2.801533
13.756217 2.801329
13.748058 2.801104
13.739912 2.800923
13.731612 2.800732
13.723122 2.800546
13.715369 2.800353
13.707027 2.800169
13.698479 2.799995
13.690866 2.799812
13.682697 2.799621
13.675746 2.799489
13.667671 2.799299
13.658288 2.799126
13.649887 2.798973
13.648762 2.798917
13.648762 2.798917
13.641477 2.798844
13.632727 2.798691
13.624915 2.798547
13.616282 2.798378
13.608640 2.798212
13.599602 2.798050
13.592029 2.797901
13.583694 2.797758
13.575902 2.797589
13.567509 2.797434
13.558771 2.797253
13.551088 2.797091
13.542833 2.796914
13.535070 2.796777
13.526481 2.796602
13.518394 2.796397
13.509809 2.796221
13.501634 2.796069
13.494065 2.795905
13.485955 2.795717
13.477140 2.795557
13.469498 2.795401
13.461237 2.795250
13.452487 2.795080
13.444782 2.794955
13.436865 2.794806
13.427981 2.794624
13.420169 2.794456
13.412397 2.794327
13.403494 2.794122
13.395815 2.793948
13.387817 2.793794
13.379697 2.793657
13.372932 2.793498
13.362513 2.793296
13.354594 2.793106
13.346656 2.792983
13.338310 2.792793
13.330146 2.792686
13.321935 2.792491
13.314257 2.792379
13.305903 2.792213
13.297662 2.792089
13.289597 2.791950
13.281268 2.791825
13.272871 2.791667
13.264475 2.791553
13.256570 2.791426
13.248250 2.791300
13.240178 2.791151
13.232572 2.791044
13.224069 2.790931
13.215750 2.790801
13.207756 2.790668
13.199342 2.790372
13.191518 2.790124
13.185070 2.789996
13.174877 2.789798
13.167125 2.789605
13.158886 2.789477
13.150640 2.789288
13.142267 2.789132
13.134069 2.788943
13.126320 2.788781
13.124960 2.788744
13.124946 2.788763
13.124931 2.788783
13.117701 2.788697
13.108598 2.788498
13.100538 2.788357
13.092396 2.788208
13.084121 2.788004
13.076259 2.787847
13.068179 2.787678
13.059740 2.787508
13.051573 2.787311
13.043228 2.787157
13.035109 2.786969
13.028562 2.786821
13.018920 2.786622
13.012277 2.786510
13.002627 2.786292
12.994207 2.786137
12.985957 2.785971
12.978028 2.785826
12.969674 2.785662
12.961227 2.785512
12.953632 2.785377
12.945126 2.785234
12.937453 2.785112
12.928798 2.784991
12.921029 2.784877
12.912339 2.784750
12.904324 2.784637
12.895989 2.784412
12.887811 2.784296
12.881354 2.784063
12.871552 2.783826
12.863222 2.783625
12.854892 2.783453
12.847608 2.783283
12.839102 2.783101
12.830619 2.782926
12.822607 2.782779
12.816151 2.782627
12.806292 2.782452
12.797967 2.782284
12.790305 2.782156
12.781579 2.781982
12.773999 2.781868
12.765828 2.781708
12.758959 2.781610
12.748933 2.781410
12.741026 2.781303
12.732874 2.781147
12.724799 2.781018
12.716581 2.780856
12.708662 2.780748
12.699782 2.780576
12.691700 2.780440
12.683546 2.780273
12.675307 2.780168
12.669362 2.780042
12.660538 2.779912
12.651229 2.779684
12.642824 2.779594
12.634879 2.779396
12.626612 2.779237
12.618527 2.779050
12.609901 2.778919
12.602022 2.778719
12.601169 2.778677
12.601169 2.778677
12.601169 2.778677
12.595027 2.778332
12.585763 2.776596
12.577779 2.774338
12.569694 2.773543
12.561460 2.772520
12.553488 2.771600
12.544745 2.770544
12.537432 2.769838
12.528955 2.769118
12.520866 2.768520
12.514634 2.768242
12.504523 2.768812
12.496584 2.769527
12.488453 2.770150
12.480543 2.771064
12.471688 2.772331
12.464112 2.773491
12.455449 2.775094
12.447468 2.776796
12.439919 2.778417
12.431738 2.780109
12.423820 2.782160
12.415257 2.784201
12.407639 2.785764
12.399344 2.787475
12.391466 2.789053
12.383119 2.790910
12.375313 2.792826
12.366730 2.794697
12.358989 2.796355
12.351121 2.798203
12.343211 2.799800
12.334922 2.801772
12.327052 2.803571
12.318830 2.805480
12.310738 2.807332
12.302170 2.809272
12.294635 2.810984
12.286787 2.812796
12.278489 2.814725
12.271786 2.816244
12.262272 2.818495
12.253655 2.820398
12.245682 2.822319
12.239380 2.823817
12.229904 2.826118
12.222046 2.828144
12.215351 2.829808
12.205754 2.832211
12.197440 2.834368
12.189407 2.836461
12.181819 2.838633
12.173612 2.840820
12.164862 2.843218
12.156765 2.845438
12.148726 2.847537
12.140767 2.849695
12.133040 2.851853
12.124857 2.854132
12.117541 2.856162
12.109823 2.858267
12.101521 2.860572
12.100238 2.860866
12.100238 2.860866
12.094099 2.862523
12.084177 2.865233
12.078514 2.866801
12.068709 2.869472
12.060219 2.872019
12.053709 2.873792
12.044431 2.876383
12.036561 2.878620
12.028677 2.880892
12.020690 2.883269
12.012914 2.885558
12.004892 2.887959
11.997273 2.890288
11.991072 2.892165
11.981506 2.895137
11.973017 2.897703
11.965320 2.900077
11.957561 2.902401
11.950210 2.904617
11.941700 2.907171
11.933835 2.909535
11.926661 2.911521
11.918437 2.913790
11.912575 2.915435
11.902680 2.917779
11.894711 2.919468
11.886422 2.921047
11.878216 2.922477
11.870742 2.923666
11.862630 2.925133
11.855227 2.926667
11.846914 2.927954
11.840937 2.929134
11.831455 2.930917
11.823126 2.931890
11.814895 2.933033
11.807383 2.934368
11.799032 2.935752
11.792327 2.936993
11.783152 2.938505
11.775281 2.939739
11.767371 2.941125
11.759142 2.942512
11.753138 2.943591
11.745103 2.944802
11.734689 2.946464
11.726917 2.947675
11.718057 2.948998
11.710840 2.950154
11.702364 2.951441
11.694457 2.952632
11.687385 2.953688
11.677558 2.955125
11.669176 2.956306
11.661201 2.957472
11.653345 2.958548
11.645349 2.959605
11.636514 2.960790
11.628737 2.961785
11.620503 2.962851
11.613759 2.963697
11.604681 2.964836
11.603508 2.964996
11.603508 2.964996
11.602935 2.965100
11.590395 2.966922
11.582946 2.967468
11.574947 2.968394
11.566710 2.969244
11.558336 2.970238
11.550017 2.971183
11.542427 2.971927
11.533963 2.972553
11.525838 2.973259
11.517704 2.973889
11.509502 2.974545
11.501448 2.975134
11.493504 2.975777
11.485151 2.976406
11.477019 2.976941
11.468946 2.977398
11.462001 2.977700
11.452596 2.978388
11.444530 2.978871
11.436048 2.979429
11.428129 2.979917
11.420165 2.980297
11.411798 2.980535
11.403214 2.980973
11.395120 2.981149
11.387211 2.981453
11.378895 2.981760
11.370767 2.981987
11.362262 2.982405
11.354762 2.982742
11.346246 2.983096
11.338200 2.983457
11.330113 2.983798
11.321385 2.984186
11.314854 2.984487
11.305392 2.984909
11.297321 2.985268
11.289158 2.985645
11.281217 2.986031
11.272632 2.986494
11.264840 2.987180
11.256082 2.987675
11.248452 2.988042
11.240366 2.988837
11.232320 2.989546
11.223771 2.990223
11.215412 2.990826
11.207905 2.991324
11.199266 2.991928
11.191466 2.992732
11.183441 2.993327
11.175153 2.993901
11.166717 2.994453
11.158778 2.994924
11.151446 2.995381
11.142118 2.996024
11.133803 2.996665
11.125961 2.997204
11.117378 2.997861
11.109626 2.998422
11.101409 2.998994
11.092844 2.999575
11.091949 2.999600
11.091950 2.999600
11.088825 2.999715
11.079428 3.000220
11.070344 3.000627
11.061907 3.001276
11.053206 3.001662
11.044950 3.002178
11.037498 3.002666
11.029324 3.003002
11.021338 3.003106
11.012728 3.003505
11.004822 3.003963
10.996458 3.004464
10.988767 3.004676
10.979963 3.004983
10.972024 3.005274
10.964118 3.005542
10.956120 3.005832
10.947626 3.006157
10.938889 3.006482
10.931465 3.006775
10.922807 3.007133
10.915026 3.007431
10.906875 3.007782
10.898782 3.008115
10.891764 3.008420
10.883517 3.008766
10.873805 3.009189
10.865557 3.009540
10.857949 3.009879
10.849835 3.010239
10.841014 3.010630
10.833504 3.010949
10.827063 3.011266
10.817006 3.011704
10.808656 3.012073
10.800471 3.012461
10.792153 3.012894
10.784179 3.013282
10.777042 3.013628
10.767891 3.014057
10.759406 3.014488
10.751351 3.014858
10.742492 3.015400
10.734594 3.015967
10.726324 3.016425
10.718492 3.016812
10.709961 3.017318
10.704191 3.017588
10.693867 3.018173
10.685685 3.018507
10.676865 3.019186
10.669204 3.019545
10.661393 3.019933
10.652621 3.020270
10.644502 3.020744
10.636075 3.021252
10.627915 3.021687
10.620010 3.022125
10.612501 3.022557
10.603590 3.023064
10.595603 3.023535
10.587433 3.024292
10.579594 3.024806
10.578210 3.024835
10.578210 3.024835
10.571252 3.025217
10.561311 3.025805
10.553969 3.026203
10.545368 3.026662
10.537990 3.027074
10.528889 3.027561
10.521106 3.027949
10.512619 3.028394
10.504642 3.028802
10.496560 3.029187
10.488181 3.029666
10.479847 3.029775
10.471826 3.029989
10.463570 3.030339
10.455327 3.030691
10.447972 3.030963
10.439227 3.031267
10.431051 3.031539
10.423123 3.031826
10.414856 3.032099
10.406428 3.032403
10.398274 3.032686
10.390601 3.032954
10.382023 3.033277
10.374159 3.033529
10.366066 3.033812
10.358009 3.034075
10.350129 3.034198
10.341702 3.034383
10.333524 3.034643
10.325595 3.034830
10.316949 3.035137
10.308372 3.035421
10.300872 3.035691
10.292249 3.035985
10.284142 3.036308
10.275735 3.036603
10.267920 3.036940
10.259862 3.037260
10.251601 3.037601
10.243257 3.037962
10.235110 3.038319
10.227489 3.038663
10.220093 3.038959
10.210854 3.039536
10.202079 3.040008
10.194487 3.040393
10.186317 3.040799
10.179921 3.041120
10.170128 3.041610
10.161665 3.042098
10.153640 3.042529
10.145247 3.042974
10.136972 3.043356
10.128459 3.043771
10.121781 3.044086
10.112629 3.044507
10.104635 3.044812
10.097290 3.045097
10.087901 3.045471
10.079982 3.045786
10.071738 3.046123
10.063331 3.046443
10.062234 3.046473
10.062234 3.046473
10.055830 3.046690
10.047193 3.046979
10.038364 3.047456
10.029630 3.047778
10.021701 3.048089
10.013549 3.048373
10.005283 3.048705
9.997235 3.048981
9.988519 3.049303
9.980478 3.049597
9.972649 3.049867
9.964651 3.050081
9.956553 3.050363
9.950170 3.050563
9.939472 3.050893
9.931464 3.051155
9.923784 3.051400
9.915525 3.051649
9.907598 3.051851
9.899245 3.052148
9.890575 3.052408
9.882243 3.052676
9.874646 3.052902
9.866409 3.053191
9.857888 3.053411
9.849596 3.053715
9.841229 3.053987
9.833618 3.054237
9.825608 3.054452
9.817453 3.054740
9.809038 3.054970
9.801115 3.055229
9.792267 3.055522
9.784828 3.055842
9.775997 3.056156
9.767834 3.056484
9.760251 3.056785
9.751559 3.057143
9.743212 3.057495
9.735139 3.057859
9.727777 3.058139
9.719434 3.058497
9.711103 3.058873
9.702904 3.059222
9.694811 3.059549
9.688283 3.059847
9.677948 3.060267
9.670609 3.060578
9.662275 3.060894
9.653563 3.061289
9.645869 3.061593
9.639333 3.061829
9.631335 3.062111
9.620725 3.062505
9.613049 3.062783
9.604810 3.063031
9.596806 3.063287
9.589046 3.063512
9.580202 3.063771
9.572154 3.063976
9.563585 3.064218
9.555582 3.064358
9.547574 3.064530
9.546458 3.064568
9.546458 3.064568
9.540407 3.064683
9.531394 3.064870
9.524260 3.064939
9.515711 3.065064
9.507521 3.065199
9.499636 3.065327
9.492320 3.065450
9.484134 3.065623
9.474334 3.065802
9.466984 3.065957
9.458328 3.066154
9.452445 3.066276
9.442005 3.066537
9.434246 3.066720
9.426328 3.066938
9.417262 3.067171
9.409486 3.067384
9.401510 3.067585
9.392760 3.067847
9.384834 3.068069
9.378139 3.068275
9.368633 3.068548
9.360613 3.068822
9.352460 3.069050
9.344211 3.069370
9.335957 3.069594
9.327632 3.069919
9.321566 3.070102
9.311492 3.070498
9.302755 3.070808
9.295241 3.071085
9.286677 3.071397
9.279063 3.071718
9.272523 3.071931
9.261943 3.072392
9.254051 3.072687
9.246343 3.072997
9.237598 3.073322
9.229434 3.073664
9.221599 3.073949
9.213730 3.074232
9.205284 3.074523
9.197359 3.074826
9.189206 3.075074
9.180938 3.075382
9.172771 3.075609
9.164364 3.075895
9.155982 3.076123
9.148228 3.076441
9.140019 3.076646
9.131408 3.076932
9.123488 3.077199
9.114988 3.077484
9.107233 3.077745
9.098744 3.078049
9.090903 3.078300
9.082544 3.078561
9.075510 3.078800
9.066371 3.079124
9.057506 3.079376
9.049339 3.079617
9.041838 3.079838
9.033537 3.080082
9.024940 3.080328
9.024212 3.080368
9.024212 3.080367
9.020224 3.080388
9.008222 3.080627
8.999965 3.080797
8.992287 3.080975
8.983754 3.081146
8.975703 3.081272
8.967453 3.081412
8.959627 3.081586
8.952780 3.081704
8.944061 3.081908
8.934696 3.082053
8.926198 3.082166
8.918423 3.082257
8.909920 3.082367
8.902262 3.082476
8.895644 3.082570
8.885693 3.082731
8.877168 3.082839
8.869399 3.082984
8.861274 3.083108
8.853024 3.083278
8.844699 3.083408
8.836946 3.083546
8.828696 3.083711
8.820370 3.083892
8.812049 3.084029
8.804207 3.084186
8.796028 3.084375
8.787700 3.084564
8.779789 3.084690
8.771346 3.084878
8.762848 3.085045
8.755221 3.085208
8.746423 3.085353
8.738506 3.085641
8.730773 3.085865
8.722021 3.086066
8.714375 3.086262
8.706361 3.086711
8.697923 3.087135
8.689831 3.087393
8.681714 3.087605
8.673759 3.087959
8.665520 3.088214
8.657464 3.088496
8.648892 3.088774
8.640398 3.089036
8.633116 3.089247
8.624860 3.089535
8.616150 3.089770
8.608329 3.090008
8.599986 3.090245
8.592024 3.090495
8.583735 3.090698
8.575475 3.090922
8.567465 3.091132
8.559179 3.091375
8.552305 3.091492
8.542762 3.091742
8.534679 3.091915
8.526532 3.092077
8.518156 3.092207
8.512013 3.092364
8.501577 3.092510
8.500802 3.092516
8.500803 3.092516
8.500802 3.092516
8.495253 3.092524
8.486209 3.092619
8.479386 3.092715
8.471797 3.092767
8.464299 3.092844
8.454225 3.092913
8.447553 3.092994
8.437781 3.093104
8.430104 3.093194
8.422105 3.093243
8.413442 3.093280
8.405609 3.093338
8.397254 3.093438
8.389344 3.093487
8.380481 3.093577
8.372797 3.093599
8.364629 3.093671
8.356159 3.093736
8.347881 3.093839
8.339889 3.093898
8.333593 3.094014
8.323974 3.094107
8.315732 3.094215
8.307153 3.094276
8.298822 3.094410
8.291065 3.094502
8.282986 3.094607
8.276914 3.094689
8.266806 3.094830
8.259648 3.094909
8.250606 3.095032
8.242287 3.095138
8.234054 3.095276
8.226054 3.095351
8.217821 3.095447
8.211369 3.095529
8.201429 3.095652
8.193148 3.095716
8.187099 3.095770
8.176432 3.095892
8.168869 3.096028
8.160617 3.096250
8.154247 3.096382
8.144489 3.096544
8.136367 3.096637
8.127957 3.096790
8.119452 3.096989
8.111532 3.097135
8.103347 3.097409
8.096551 3.097561
8.087061 3.097771
8.078241 3.097970
8.070142 3.098131
8.062132 3.098304
8.054091 3.098500
8.045558 3.098687
8.037874 3.098821
8.029513 3.099004
8.021558 3.099203
8.013161 3.099366
8.005228 3.099524
7.996568 3.099706
7.988808 3.099897
7.980547 3.100038
7.979282 3.100064
7.979267 3.100044
7.979250 3.100023
7.972339 3.100136
7.962965 3.100329
7.956641 3.100445
7.946272 3.100652
7.938820 3.100801
7.929991 3.100937
7.922090 3.101064
7.913579 3.101209
7.905501 3.101337
7.897824 3.101490
7.889733 3.101627
7.880902 3.101803
7.875322 3.101915
7.865135 3.102148
7.856746 3.102315
7.848714 3.102516
7.840631 3.102682
7.832715 3.102860
7.824212 3.103072
7.815852 3.103292
7.807521 3.103452
7.801155 3.103619
7.791662 3.103851
7.784719 3.104027
7.775101 3.104227
7.766736 3.104454
7.760443 3.104625
7.750422 3.104865
7.742342 3.105031
7.735576 3.105189
7.728055 3.105361
7.717984 3.105607
7.711006 3.105738
7.703329 3.105887
7.695509 3.106050
7.685551 3.106231
7.677554 3.106582
7.669189 3.106946
7.662795 3.107148
7.652225 3.107356
7.644588 3.107516
7.638338 3.107665
7.628234 3.107928
7.619512 3.108120
7.611743 3.108325
7.603826 3.108630
7.595567 3.108826
7.587492 3.109035
7.578980 3.109235
7.570318 3.109452
7.562065 3.109634
7.554690 3.109815
7.546074 3.110008
7.537648 3.110202
7.529797 3.110363
7.521722 3.110537
7.513626 3.110693
7.505353 3.110858
7.496757 3.111024
7.489001 3.111173
7.480247 3.111335
7.472803 3.111472
7.464194 3.111627
7.455774 3.111771
7.454907 3.111783
7.454893 3.111765
7.454876 3.111744
7.451199 3.111721
7.441758 3.112078
7.433973 3.112875
7.425828 3.113118
7.417775 3.113364
7.409117 3.113586
7.401525 3.113661
7.393249 3.113690
7.384874 3.113846
7.377022 3.114005
7.368253 3.114084
7.360172 3.114198
7.352076 3.114322
7.345782 3.114372
7.335890 3.114423
7.327493 3.114500
7.319324 3.114572
7.311822 3.114601
7.303009 3.114681
7.295428 3.114763
7.288819 3.114824
7.280828 3.114888
7.270958 3.114993
7.262480 3.115099
7.256294 3.115148
7.245855 3.115268
7.237640 3.115358
7.229312 3.115462
7.221966 3.115536
7.213552 3.115641
7.204997 3.115743
7.197345 3.115851
7.188808 3.116094
7.180699 3.116356
7.172780 3.116979
7.166328 3.117466
7.156425 3.118352
7.147940 3.119320
7.140076 3.120108
7.131471 3.121010
7.125340 3.121393
7.115637 3.121867
7.107299 3.122723
7.098282 3.123600
7.091066 3.123909
7.082591 3.124697
7.075523 3.125177
7.066470 3.125816
7.058307 3.126488
7.050117 3.127014
7.041225 3.127831
7.033245 3.128578
7.024908 3.129056
7.016472 3.129511
7.008929 3.130852
7.000500 3.132500
6.994339 3.133589
6.984945 3.135965
6.976301 3.138159
6.968935 3.140011
6.961008 3.142278
6.952866 3.144882
6.944842 3.147879
6.943743 3.148172
6.943743 3.148173
6.940306 3.149117
6.929426 3.152201
6.923319 3.154075
6.913475 3.156951
6.906037 3.159122
6.897544 3.161677
6.889551 3.164003
6.881786 3.166307
6.873987 3.168629
6.865885 3.171033
6.859290 3.173002
6.850372 3.175654
6.842597 3.177975
6.835727 3.180022
6.826671 3.182766
6.817925 3.185406
6.810034 3.187800
6.802195 3.190130
6.794537 3.192513
6.786703 3.194808
6.778491 3.197287
6.770657 3.199642
6.762585 3.202003
6.755443 3.204162
6.745966 3.206974
6.738683 3.209177
6.730853 3.211505
6.722540 3.214006
6.714597 3.216463
6.706580 3.218837
6.698730 3.221124
6.690918 3.223372
6.682127 3.225863
6.674850 3.227932
6.666118 3.230388
6.658961 3.232409
6.650187 3.234869
6.642233 3.237118
6.635844 3.238937
6.628083 3.241227
6.618328 3.243975
6.610424 3.246169
6.604201 3.247879
6.594911 3.250270
6.589160 3.251759
6.578843 3.254488
6.571535 3.256303
6.562870 3.258575
6.555355 3.260789
6.547242 3.262851
6.541431 3.264131
6.531545 3.266301
6.523232 3.268059
6.515721 3.269624
6.507896 3.271234
6.499603 3.272913
6.491709 3.274421
6.483953 3.276024
6.477665 3.277406
6.467391 3.279341
6.461156 3.280610
6.451506 3.282173
6.443853 3.283352
6.442475 3.283554
6.442475 3.283554
6.439479 3.284151
6.427915 3.287202
6.420839 3.292324
6.412540 3.296575
6.404499 3.301197
6.398230 3.304602
6.389795 3.307865
6.379930 3.312711
6.371847 3.315815
6.363523 3.319104
6.355331 3.322708
6.347405 3.326112
6.338538 3.329685
6.330779 3.332655
6.321705 3.334797
6.313639 3.336683
6.305537 3.338607
6.297828 3.340074
6.289237 3.337778
6.280929 3.333973
6.273623 3.330560
6.265498 3.326630
6.257562 3.323193
6.250950 3.320542
6.241488 3.317335
6.234671 3.315490
6.225622 3.312675
6.217327 3.310220
6.210256 3.307922
6.201802 3.304995
6.193764 3.302175
6.187658 3.300103
6.178460 3.296891
6.172685 3.294847
6.163105 3.291309
6.155233 3.288274
6.146703 3.284929
6.139525 3.282352
6.131763 3.279444
6.123729 3.276462
6.115742 3.273527
6.108176 3.270697
6.100244 3.267770
6.092305 3.264835
6.083943 3.261762
6.076415 3.258949
6.068687 3.256107
6.060837 3.253196
6.052614 3.250199
6.044841 3.247303
6.036655 3.244295
6.029161 3.241553
6.020778 3.238499
6.012899 3.235613
6.005026 3.232751
5.997645 3.230046
5.989494 3.227102
5.982134 3.224487
5.973453 3.221325
5.967292 3.219074
5.957994 3.215775
5.950080 3.213012
5.942833 3.210613
5.934813 3.207862
5.933745 3.207497
5.933744 3.207499
5.933744 3.207499
5.933744 3.207499
5.933744 3.207500
5.933744 3.207500
5.933744 3.207500
5.933744 3.207500
5.933744 3.207500
5.933744 3.207500
5.933744 3.207500
5.933744 3.207500
5.933744 3.207500
5.933744 3.207500
5.933744 3.207500
5.933744 3.207500
5.926558 3.204827
5.918118 3.202638
5.910707 3.199919
5.902329 3.197028
5.894685 3.194366
5.886726 3.191393
5.879213 3.188535
5.871103 3.185498
5.862976 3.182426
5.854869 3.179273
5.847919 3.176553
5.839794 3.173315
5.831476 3.169996
5.824258 3.167019
5.816100 3.163738
5.808863 3.160730
5.801390 3.157678
5.793525 3.154431
5.785691 3.151191
5.778502 3.148180
5.770357 3.144810
5.762358 3.141529
5.755252 3.138592
5.747565 3.135394
5.739254 3.131983
5.731683 3.128890
5.724144 3.125788
5.716129 3.122506
5.708402 3.119366
5.700967 3.116350
5.692919 3.113121
5.685466 3.110160
5.679116 3.107606
5.669565 3.103848
5.663419 3.101404
5.654667 3.098296
5.646508 3.095153
5.638726 3.092227
5.631115 3.089285
5.623291 3.086338
5.615333 3.083408
5.607606 3.080579
5.601704 3.078499
5.592324 3.075080
5.584223 3.072064
5.576230 3.069150
5.569038 3.066490
5.561113 3.063751
5.553006 3.060980
5.545475 3.058458
5.539067 3.056340
5.529733 3.052973
5.521782 3.050256
5.513652 3.047718
5.505646 3.045148
5.497425 3.042396
5.489850 3.039994
5.481966 3.037352
5.473956 3.034793
5.466066 3.032525
5.457973 3.029925
5.450260 3.027634
5.441944 3.025191
5.435399 3.023253
5.426004 3.020205
5.418477 3.017926
5.410429 3.015520
5.402164 3.013089
5.394115 3.010870
5.386558 3.008606
5.378850 3.006366
5.370239 3.003964
5.362719 3.001886
5.354264 2.999653
5.346720 2.997631
5.339369 2.995758
5.330798 2.993783
5.323078 2.992081
5.315423 2.990411
5.306777 2.988716
5.300541 2.987345
5.291559 2.985692
5.283525 2.984128
5.275341 2.982625
5.268673 2.981389
5.259731 2.979600
5.251821 2.978299
5.244121 2.976840
5.236299 2.975446
5.228288 2.974108
5.220149 2.972601
5.211993 2.971430
5.203971 2.969952
5.196165 2.968846
5.188437 2.967720
5.179701 2.966069
5.172160 2.964731
5.163753 2.963467
5.156010 2.962194
5.147285 2.960888
5.139298 2.959614
5.131739 2.958407
5.123239 2.956990
5.115522 2.955769
5.106946 2.954408
5.099354 2.953252
5.092586 2.952189
5.084747 2.951064
5.074595 2.949523
5.066702 2.948364
5.058156 2.947087
5.049834 2.945999
5.041718 2.944733
5.034291 2.943624
5.025919 2.942431
5.018140 2.941508
5.009959 2.940516
5.001949 2.939653
4.993955 2.938705
4.985854 2.937708
4.977180 2.936712
4.968955 2.935856
4.961255 2.935121
4.953241 2.934262
4.945037 2.933505
4.936729 2.932894
4.928572 2.932279
4.920198 2.931722
4.911921 2.931253
4.904135 2.931121
4.898217 2.931118
4.887764 2.930865
4.879714 2.930809
4.871447 2.930757
4.863872 2.930641
4.856340 2.930696
4.847429 2.930752
4.838512 2.930950
4.830293 2.931009
4.822128 2.931021
4.814205 2.931058
4.806614 2.931070
4.797712 2.931174
4.791758 2.931211
4.782930 2.931463
4.773314 2.931600
4.765040 2.931727
4.757168 2.931781
4.749006 2.931848
4.740429 2.931908
4.732306 2.932021
4.724203 2.932086
4.718240 2.932126
4.707552 2.932218
4.699429 2.932316
4.691195 2.932406
4.683519 2.932477
4.675026 2.932556
4.666752 2.932636
4.658566 2.932697
4.650565 2.932758
4.642880 2.932801
4.634388 2.932883
4.625978 2.932919
4.617814 2.932967
4.609551 2.933000
4.601549 2.933063
4.593387 2.933068
4.585376 2.933131
4.577288 2.933122
4.568812 2.933168
4.561132 2.933160
4.552691 2.933213
4.544516 2.933198
4.536263 2.933211
4.528176 2.933207
4.519928 2.933233
4.511594 2.933228
4.504161 2.933222
4.495416 2.933230
4.487485 2.933257
4.478806 2.933243
4.470868 2.933226
4.463346 2.933270
4.455166 2.933288
4.446514 2.933297
4.438180 2.933345
4.430340 2.933417
4.421988 2.933449
4.415610 2.933489
4.405149 2.933599
4.396967 2.933665
4.389116 2.933757
4.380875 2.933804
4.372609 2.933927
4.364321 2.934027
4.356384 2.934106
4.348156 2.934213
4.340171 2.934336
4.332012 2.934444
4.325058 2.934517
4.315405 2.934668
4.307310 2.934780
4.299802 2.934886
4.291379 2.934976
4.283458 2.935115
4.274563 2.935203
4.266303 2.935298
4.258449 2.935371
4.250859 2.935484
4.242435 2.935574
4.233766 2.935655
4.225667 2.935707
4.219475 2.935787
4.211459 2.935817
4.201094 2.935870
4.192985 2.935887
4.184646 2.935920
4.176728 2.935942
4.168380 2.935915
4.160447 2.935920
4.152122 2.935862
4.143710 2.935755
4.135858 2.935720
4.127358 2.935691
4.119109 2.935629
4.111343 2.935592
4.103241 2.935519
4.095306 2.935460
4.086728 2.935382
4.078633 2.935334
4.070279 2.935241
4.061952 2.935153
4.053766 2.935086
4.045816 2.935032
4.037406 2.934953
4.029296 2.934871
4.021770 2.934833
4.012836 2.934755
4.005547 2.934713
3.996649 2.934643
3.988796 2.934610
3.980677 2.934564
3.972474 2.934556
3.964061 2.934512
3.956362 2.934490
3.947369 2.934451
3.940182 2.934471
3.931326 2.934443
3.925186 2.934456
3.916219 2.934448
3.906811 2.934492
3.898701 2.934471
3.890514 2.934530
3.882526 2.934563
3.873858 2.934635
3.866187 2.934643
3.858176 2.934720
3.849440 2.934789
3.841189 2.934863
3.833267 2.934905
3.825013 2.934993
3.817011 2.935077
3.808674 2.935157
3.800751 2.935210
3.792812 2.935311
3.786090 2.935369
3.775642 2.935465
3.769188 2.935519
3.760038 2.935619
3.751541 2.935667
3.743209 2.935737
3.735287 2.935753
3.727120 2.935857
3.719028 2.935890
3.710694 2.935910
3.702201 2.935934
3.694192 2.935970
3.686664 2.935970
3.677849 2.935966
3.669759 2.935956
3.661350 2.935953
3.653081 2.935931
3.645536 2.935900
3.637515 2.935877
3.628691 2.935834
3.621060 2.935778
3.612390 2.935712
3.604543 2.935674
3.595876 2.935603
3.587584 2.935536
3.579639 2.935442
3.572148 2.935497
3.563013 2.935515
3.555019 2.935544
3.546927 2.935713
3.538437 2.935739
3.530596 2.935795
3.522190 2.935836
3.514675 2.935929
3.506266 2.935991
3.497941 2.936114
3.490155 2.936172
3.481483 2.936308
3.473559 2.936420
3.465709 2.936559
3.456729 2.936696
3.448805 2.936855
3.440724 2.937048
3.432637 2.937244
3.424956 2.937418
3.416221 2.937626
3.408045 2.937859
3.400121 2.938147
3.391948 2.938422
3.383688 2.938647
3.375427 2.938928
3.369375 2.939138
3.359115 2.939498
3.351440 2.939742
3.343014 2.940045
3.334528 2.940403
3.326442 2.940724
3.317776 2.941061
3.310019 2.941358
3.303125 2.941646
3.293311 2.942024
3.285117 2.942339
3.277336 2.942619
3.269411 2.942956
3.262850 2.943165
3.252724 2.943567
3.244608 2.943817
3.236353 2.944141
3.228454 2.944382
3.220201 2.944530
3.212003 2.944756
3.204396 2.944947
3.195747 2.945162
3.187598 2.945325
3.179126 2.945507
3.171216 2.945640
3.163028 2.945818
3.154763 2.945967
3.146682 2.946160
3.138518 2.946290
3.130162 2.946501
3.122216 2.946693
3.114137 2.946856
3.105721 2.947031
3.097466 2.947190
3.089064 2.947371
3.081154 2.947556
3.072878 2.947722
3.064935 2.947877
3.056703 2.948102
3.048371 2.948294
3.040941 2.948474
3.039381 2.948515
3.039381 2.948515
3.039381 2.948515
3.038986 2.948528
3.026124 2.948831
3.020017 2.948931
3.012267 2.949118
3.004117 2.949404
2.995861 2.949672
2.987827 2.949965
2.979607 2.950267
2.971293 2.950613
2.963238 2.950936
2.954875 2.951280
2.946892 2.951612
2.938809 2.951990
2.930732 2.952156
2.922472 2.952563
2.914403 2.953050
2.906189 2.953505
2.898477 2.953818
2.889907 2.954949
2.882295 2.955585
2.873577 2.956971
2.866563 2.958133
2.858619 2.959277
2.851329 2.960734
2.841913 2.963098
2.833703 2.964653
2.825804 2.965869
2.819229 2.967005
2.809783 2.968538
2.800653 2.969938
2.793190 2.971046
2.784819 2.972455
2.776879 2.973799
2.768718 2.975361
2.760031 2.976949
2.751803 2.978390
2.743891 2.979732
2.737631 2.980871
2.727658 2.982663
2.719214 2.984129
2.712835 2.985282
2.703461 2.987334
2.695432 2.988766
2.687257 2.990542
2.678789 2.992251
2.670285 2.993928
2.662766 2.995548
2.654377 2.997038
2.647135 2.998259
2.638811 3.000338
2.630134 3.002240
2.622709 3.003948
2.613987 3.005937
2.605907 3.007886
2.598774 3.009726
2.590911 3.011676
2.583739 3.013446
2.574846 3.015636
2.566157 3.018063
2.559107 3.020000
2.550707 3.022374
2.542896 3.024409
2.535070 3.026561
2.531473 3.027528
2.531473 3.027528
2.530975 3.027701
2.520277 3.030421
2.513675 3.032717
2.504614 3.035141
2.497043 3.037120
2.489326 3.039127
2.481309 3.041072
2.473290 3.043004
2.465353 3.045105
2.457279 3.047204
2.449552 3.049225
2.440994 3.051533
2.433039 3.054063
2.424850 3.056890
2.416871 3.059170
2.409418 3.061203
2.400997 3.063484
2.393240 3.065503
2.384913 3.067786
2.377063 3.070044
2.369537 3.072228
2.361076 3.074613
2.353400 3.076784
2.345026 3.079154
2.337976 3.081181
2.329237 3.083597
2.322207 3.085553
2.314069 3.087695
2.305127 3.090195
2.296796 3.092408
2.289007 3.094635
2.280975 3.096717
2.272994 3.098868
2.265090 3.100988
2.257534 3.103046
2.249363 3.105243
2.240912 3.107503
2.232924 3.109635
2.225437 3.111704
2.217253 3.113871
2.208985 3.115996
2.202217 3.117792
2.194600 3.119543
2.188802 3.121313
2.182116 3.122956
2.176322 3.124285
2.169707 3.126028
2.163091 3.127491
2.158679 3.128761
2.153123 3.129580
2.148588 3.130528
2.144240 3.131421
2.139395 3.132384
2.134585 3.133350
2.131084 3.134009
2.128253 3.134621
2.124593 3.135248
2.120439 3.135944
2.117421 3.136539
2.114223 3.137183
2.111181 3.137790
2.108031 3.138374
2.105155 3.138912
2.102111 3.139460
2.100296 3.139797
2.098161 3.140221
2.096082 3.140621
2.093687 3.141044
2.091545 3.141465
2.089944 3.141452
2.088098 3.141684
2.085871 3.142077
2.083810 3.142460
2.081815 3.142807
2.079782 3.143154
2.077786 3.143529
2.075806 3.143193
2.074953 3.141922
2.074690 3.139937
2.073485 3.139192
2.072561 3.138232
2.070979 3.137867
2.070244 3.136761
2.069270 3.136371
2.067789 3.136253
2.066506 3.136699
2.065585 3.137370
2.065133 3.137607
2.064928 3.137848
2.064820 3.138165
2.064513 3.138599
2.064454 3.138714
2.064049 3.139242
2.064294 3.139067
2.064030 3.139576
2.063787 3.139826
2.063528 3.140053
2.063312 3.140248
2.063348 3.140432
2.062908 3.140843
2.062337 3.141238
2.062016 3.141487
2.061699 3.141813
2.061346 3.142154
2.060941 3.142500
2.060667 3.142746
2.060219 3.143212
2.059828 3.143539
2.059566 3.143833
2.059256 3.143830
2.058936 3.144070
2.058549 3.144628
2.058259 3.145148
2.057880 3.145402
2.057620 3.145951
2.057196 3.146280
2.056821 3.146743
2.056504 3.147255
2.056051 3.147716
2.056021 3.148083
2.055660 3.148292
2.055331 3.148705
2.055089 3.149120
2.054907 3.149634
2.054786 3.150232
2.054612 3.150822
2.054053 3.151424
2.053948 3.151662
2.053800 3.151769
2.053750 3.152222
2.053437 3.153009
2.052926 3.153365
2.052608 3.153692
2.052426 3.153846
2.052271 3.154651
2.052056 3.155209
2.052046 3.155705
2.052019 3.156001
2.051975 3.156145
2.051834 3.156383
2.051803 3.157089
2.051539 3.157589
2.051100 3.158202
2.051046 3.158858
2.050544 3.159244
2.049870 3.159506
2.049573 3.159754
2.049283 3.159927
2.049189 3.160434
2.049742 3.161090
2.049855 3.161266
2.049809 3.161933
2.048808 3.161814
2.047176 3.170661
2.045085 3.183638
2.043132 3.195357
2.041080 3.207333
2.039052 3.216458
2.037372 3.229599
2.036299 3.239843
2.035958 3.251229
2.036253 3.261786
2.037203 3.275582
2.038215 3.287585
2.039480 3.300146
2.040430 3.313007
2.041024 3.326370
2.041427 3.337492
2.041438 3.350994
2.041132 3.363734
2.040726 3.375337
2.040454 3.387556
2.040543 3.398748
2.040619 3.411048
2.040601 3.422901
2.040432 3.435195
2.040535 3.448705
2.040624 3.460656
2.040712 3.473375
2.040829 3.483994
2.040952 3.497643
2.041129 3.509626
2.041346 3.521963
2.041492 3.532458
2.041842 3.545319
2.042187 3.558301
2.042452 3.568885
2.042809 3.582289
2.043164 3.595069
2.043518 3.607145
2.043877 3.619478
2.044183 3.630336
2.044571 3.643820
2.044926 3.655616
2.045244 3.666649
2.045619 3.680178
2.045958 3.692658
2.046295 3.705213
2.046598 3.717060
2.046836 3.727318
2.047175 3.740351
2.047511 3.753598
2.047789 3.765088
2.048093 3.778376
2.048360 3.790847
2.048642 3.803351
2.048829 3.811863
2.049082 3.824393
2.049388 3.839887
2.049593 3.848899
2.049892 3.863573
2.050168 3.877558
2.050405 3.889384
2.050679 3.902111
2.050912 3.913055
2.051146 3.925223
2.051441 3.938250
2.051725 3.951275
2.051977 3.962984
2.052257 3.976255
2.052530 3.988504
2.052702 3.997468
2.053043 4.013111
2.053311 4.024711
2.053528 4.035046
2.053802 4.049005
2.054065 4.061507
2.054279 4.070805
2.054634 4.086282
2.054842 4.096781
2.055176 4.110223
2.055450 4.122426
2.055682 4.135164
2.055905 4.146725
2.056167 4.159565
2.056414 4.171844
2.056589 4.183458
2.056787 4.195329
2.056964 4.208187
2.057142 4.219833
2.057257 4.231613
2.057407 4.243333
2.057530 4.256027
2.057629 4.267880
2.057720 4.281565
2.057797 4.293523
2.057867 4.305360
2.057894 4.316547
2.057933 4.330131
2.057956 4.341709
2.057956 4.353212
2.057948 4.366736
2.057945 4.378366
2.057942 4.391605
2.057937 4.404262
2.057933 4.415542
2.057910 4.427275
2.057902 4.440078
2.057894 4.452609
2.057887 4.463708
2.057893 4.475883
2.057931 4.488803
2.057975 4.501405
2.057994 4.513741
2.058008 4.524036
2.058093 4.537080
2.058146 4.549988
2.058227 4.561405
2.058284 4.574070
2.058380 4.584743
2.058454 4.597884
2.058539 4.610286
2.058623 4.620805
2.058730 4.634615
2.058814 4.646056
2.058867 4.657713
2.058975 4.670961
2.059038 4.682054
2.059137 4.693873
2.059182 4.706918
2.059252 4.719096
2.059283 4.731670
2.059304 4.743694
2.059305 4.756134
2.059343 4.767834
2.059338 4.780589
2.059303 4.792567
2.059301 4.804582
2.059261 4.817229
2.059219 4.829360
2.059152 4.840023
2.059110 4.852962
2.059030 4.866088
2.058954 4.876815
2.058886 4.890015
2.058838 4.901311
2.058764 4.915109
2.058686 4.925476
2.058667 4.936186
2.058599 4.949986
2.058548 4.963218
2.058512 4.975559
2.058526 4.987786
2.058449 4.998594
2.058442 5.011450
2.058469 5.023548
2.058495 5.035941
2.058518 5.048752
2.058543 5.060876
2.058604 5.071533
2.058643 5.084809
2.058700 5.096539
2.058747 5.107833
2.058824 5.120545
2.058869 5.133350
2.058914 5.145570
2.058982 5.156390
2.059046 5.169333
2.059090 5.181697
2.059101 5.193459
2.059163 5.204583
2.059183 5.216262
2.059176 5.230338
2.059182 5.238821
2.059183 5.253027
2.059149 5.266968
2.059119 5.278323
2.059104 5.290365
2.059062 5.303105
2.058992 5.313787
2.058912 5.327343
2.058886 5.338827
2.058804 5.351747
2.058727 5.363731
2.058652 5.374854
2.058576 5.388740
2.058498 5.399217
2.058413 5.411661
2.058370 5.425094
2.058300 5.437523
2.058233 5.449071
2.058223 5.458457
2.058165 5.472457
2.058128 5.485594
2.058092 5.498059
2.058099 5.510292
2.058103 5.521707
2.058102 5.534614
2.058126 5.545362
2.058179 5.557084
2.058222 5.570440
2.058243 5.582807
2.058286 5.594375
2.058365 5.605609
2.058420 5.618414
2.058453 5.630820
2.058514 5.642939
2.058570 5.653811
2.058618 5.667572
2.058644 5.678579
2.058719 5.691474
2.058766 5.703912
2.058760 5.715354
2.058782 5.726379
2.058803 5.738821
2.058797 5.751714
2.058754 5.764109
2.058738 5.776033
2.058715 5.788927
2.058664 5.800941
2.058608 5.811266
2.058568 5.824266
2.058489 5.837205
2.058405 5.849582
2.058329 5.861905
2.058292 5.872588
2.058206 5.886407
2.058106 5.898560
2.058057 5.910357
2.057999 5.921954
2.057930 5.933483
2.057867 5.946390
2.057836 5.959356
2.057783 5.970222
2.057743 5.983842
2.057736 5.995392
2.057747 6.006956
2.057735 6.020206
2.057727 6.032272
2.057773 6.042809
2.057789 6.056546
2.057797 6.067270
2.057816 6.073043
2.057816 6.073043
2.057816 6.073043
2.057816 6.073043
2.057816 6.073043
2.057816 6.073043
2.057815 6.073044
2.057815 6.073044
2.057815 6.073044
2.057815 6.073044
2.057814 6.073045
2.057814 6.073045
2.057813 6.073044
2.057814 6.073045
2.057814 6.073045
2.057814 6.073045
2.057814 6.073045
2.057813 6.073045
2.057834 6.082191
2.057914 6.095783
2.057980 6.107728
2.057996 6.116402
2.058060 6.130052
2.058139 6.144151
2.058190 6.156012
2.058250 6.168308
2.058266 6.180518
2.058333 6.192589
2.058364 6.204472
2.058383 6.216189
2.058414 6.228803
2.058434 6.239343
2.058432 6.253181
2.058373 6.265074
2.058400 6.277204
2.058367 6.289238
2.058306 6.300097
2.058259 6.313451
2.058228 6.325316
2.058135 6.338261
2.058074 6.349604
2.058028 6.361807
2.057953 6.375015
2.057859 6.386779
2.057786 6.397781
2.057724 6.411304
2.057666 6.422075
2.057590 6.436037
2.057544 6.446212
2.057493 6.460190
2.057420 6.472383
2.057382 6.484460
2.057391 6.496869
2.057361 6.507454
2.057346 6.520547
2.057377 6.530115
2.057399 6.545227
2.057417 6.556824
2.057434 6.568363
2.057492 6.581122
2.057540 6.593688
2.057577 6.603875
2.057620 6.615802
2.057697 6.629194
2.057755 6.641792
2.057780 6.652188
2.057851 6.664261
2.057923 6.676661
2.057972 6.689529
2.057978 6.701025
2.058018 6.713592
2.058036 6.724748
2.058036 6.738724
2.058026 6.749988
2.058045 6.763239
2.058019 6.774309
2.057989 6.786887
2.057944 6.799308
2.057930 6.811463
2.057873 6.822944
2.057791 6.834504
2.057736 6.847728
2.057670 6.860171
2.057596 6.872377
2.057514 6.884185
2.057450 6.897135
2.057373 6.909296
2.057306 6.921607
2.057266 6.932614
2.057204 6.945738
2.057141 6.956388
2.057090 6.969648
2.057085 6.981649
2.057045 6.994040
2.057012 7.005538
2.057020 7.017688
2.057027 7.030465
2.057013 7.042733
2.057037 7.055042
2.057084 7.065704
2.057127 7.079114
2.057174 7.091338
2.057200 7.101695
2.057292 7.115144
2.057342 7.127519
2.057380 7.138048
2.057446 7.151685
2.057515 7.162447
2.057557 7.174944
2.057592 7.187048
2.057657 7.199047
2.057696 7.210876
2.057706 7.222864
2.057715 7.236545
2.057757 7.247230
2.057743 7.260228
2.057720 7.272234
2.057689 7.283677
2.057667 7.296527
2.057619 7.309381
2.057566 7.321048
2.057526 7.333378
2.057468 7.346045
2.057381 7.358117
2.057303 7.370070
2.057257 7.382633
2.057178 7.393585
2.057078 7.406974
2.057026 7.417713
2.056959 7.430212
2.056891 7.442319
2.056821 7.456090
2.056806 7.467669
2.056756 7.479168
2.056714 7.490861
2.056691 7.503220
2.056720 7.516496
2.056694 7.529142
2.056685 7.540718
2.056713 7.553466
2.056735 7.563815
2.056764 7.576651
2.056798 7.588441
2.056880 7.601734
2.056933 7.613520
2.056983 7.626087
2.057052 7.634640
2.057133 7.649692
2.057190 7.662015
2.057210 7.672584
2.057280 7.685133
2.057334 7.697357
2.057369 7.708663
2.057383 7.721642
2.057436 7.734221
2.057466 7.746759
2.057431 7.758112
2.057445 7.770194
2.057450 7.781496
2.057418 7.795238
2.057351 7.805981
2.057321 7.819395
2.057278 7.831113
2.057223 7.842208
2.057122 7.856061
2.057086 7.866773
2.056987 7.879040
2.056910 7.891387
2.056865 7.903733
2.056792 7.915667
2.056698 7.927733
2.056622 7.940611
2.056580 7.953566
2.056525 7.965247
2.056484 7.977665
2.056450 7.990245
2.056478 8.002389
2.056427 8.015051
2.056424 8.025495
2.056453 8.038966
2.056500 8.050734
2.056536 8.063449
2.056550 8.074174
2.056628 8.087535
2.056666 8.099613
2.056727 8.111334
2.056782 8.122221
2.056874 8.135413
2.056914 8.147429
2.056982 8.160217
2.057053 8.170805
2.057110 8.182380
2.057157 8.195322
2.057185 8.206971
2.057277 8.219111
2.057299 8.231095
2.057300 8.244297
2.057289 8.257058
2.057323 8.269093
2.057302 8.281493
2.057285 8.292983
2.057274 8.305165
2.057251 8.317380
2.057199 8.330369
2.057122 8.341198
2.057094 8.353889
2.057028 8.366422
2.056959 8.378285
2.056886 8.389905
2.056827 8.402838
2.056754 8.413814
2.056673 8.427427
2.056642 8.438773
2.056583 8.451084
2.056519 8.462402
2.056486 8.475317
2.056471 8.487087
2.056445 8.499969
2.056421 8.512486
2.056437 8.524248
2.056448 8.536408
2.056451 8.548907
2.056481 8.561114
2.056548 8.573052
2.056587 8.584999
2.056636 8.597588
2.056703 8.608236
2.056779 8.619971
2.056860 8.633301
2.056899 8.645261
2.056989 8.656822
2.057056 8.668096
2.057122 8.680658
2.057179 8.693597
2.057246 8.705276
2.057272 8.716613
2.057314 8.730325
2.057350 8.740634
2.057383 8.753951
2.057378 8.765244
2.057351 8.778514
2.057378 8.789497
2.057349 8.803065
2.057317 8.815622
2.057275 8.827483
2.057251 8.839804
2.057190 8.852149
2.057120 8.863758
2.057068 8.875661
2.057018 8.888162
2.056945 8.899796
2.056868 8.911374
2.056817 8.925289
2.056758 8.937109
2.056706 8.948446
2.056641 8.961979
2.056636 8.972472
2.056578 8.985872
2.056556 8.998164
2.056566 9.009965
2.056549 9.016160
2.056549 9.016160
2.056549 9.016160
2.056549 9.016159
2.056550 9.016159
2.056550 9.016159
2.056551 9.016159
2.056551 9.016159
2.056551 9.016159
2.056552 9.016158
2.056552 9.016158
2.056552 9.016158
2.056553 9.016158
2.056553 9.016158
2.056554 9.016157
2.056555 9.016157
2.056554 9.016157
2.056557 9.017576
2.056561 9.029267
2.056609 9.042398
2.056615 9.050395
2.056659 9.066658
2.056706 9.078699
2.056785 9.090706
2.056837 9.101463
2.056896 9.115004
2.056988 9.125693
2.057051 9.137675
2.057138 9.150853
2.057188 9.161582
2.057293 9.173862
2.057349 9.186079
2.057412 9.198450
2.057479 9.210029
2.057544 9.222279
2.057575 9.235167
2.057575 9.248153
2.057614 9.258972
2.057640 9.271292
2.057626 9.284427
2.057594 9.295382
2.057609 9.308757
2.057575 9.321095
2.057527 9.332197
2.057468 9.345640
2.057445 9.356633
2.057378 9.368363
2.057293 9.381811
2.057253 9.393435
2.057202 9.405174
2.057132 9.418341
2.057084 9.428503
2.057033 9.442443
2.056964 9.454839
2.056917 9.466764
2.056910 9.478175
2.056883 9.491699
2.056866 9.504062
2.056846 9.515613
2.056873 9.528249
2.056890 9.539934
2.056913 9.552554
2.056946 9.564490
2.057011 9.576588
2.057038 9.585271
2.057083 9.599780
2.057173 9.612959
2.057239 9.623607
2.057314 9.636834
2.057369 9.649290
2.057467 9.661553
2.057531 9.673220
2.057594 9.684352
2.057641 9.697026
2.057732 9.710002
2.057763 9.721729
2.057806 9.733970
2.057848 9.745522
2.057883 9.758652
2.057879 9.770534
2.057881 9.779052
2.057868 9.794814
2.057872 9.805566
2.057836 9.818859
2.057783 9.830659
2.057773 9.842243
2.057712 9.854280
2.057650 9.865545
2.057611 9.879186
2.057543 9.892375
2.057481 9.904589
2.057415 9.915256
2.057370 9.929012
2.057322 9.939542
2.057253 9.953261
2.057204 9.965451
2.057183 9.977015
2.057141 9.988531
2.057108 10.001529
2.057131 10.014088
2.057126 10.025765
2.057118 10.036769
2.057146 10.050625
2.057183 10.058997
2.057241 10.073605
2.057280 10.086821
2.057348 10.098815
2.057408 10.109905
2.057483 10.122349
2.057554 10.135360
2.057649 10.147179
2.057722 10.159400
2.057765 10.171004
2.057832 10.183559
2.057925 10.194333
2.057992 10.208017
2.058033 10.220005
2.058088 10.230866
2.058142 10.244088
2.058155 10.254827
2.058160 10.267428
2.058201 10.277150
2.058206 10.292986
2.058176 10.304306
2.058146 10.317175
2.058147 10.329860
2.058111 10.341182
2.058041 10.353699
2.057983 10.366500
2.057946 10.378592
2.057868 10.390761
2.057802 10.403080
2.057762 10.414929
2.057687 10.425925
2.057623 10.439747
2.057565 10.452002
2.057548 10.463848
2.057512 10.474924
2.057463 10.487837
2.057464 10.500050
2.057443 10.513063
2.057436 10.523715
2.057435 10.537241
2.057490 10.549489
2.057503 10.560678
2.057532 10.571697
2.057606 10.584100
2.057683 10.597673
2.057747 10.609731
2.057783 10.620808
2.057881 10.633671
2.057954 10.646050
2.058037 10.658040
2.058094 10.667513
2.058197 10.681865
2.058248 10.693728
2.058311 10.706388
2.058374 10.717364
2.058443 10.730327
2.058495 10.743057
2.058491 10.755080
2.058530 10.767085
2.058566 10.779360
2.058548 10.788984
2.058522 10.802991
2.058542 10.814657
2.058503 10.827772
2.058468 10.837775
2.058425 10.851828
2.058392 10.863553
2.058332 10.876845
2.058253 10.887707
2.058232 10.899084
2.058146 10.913574
2.058091 10.925492
2.058030 10.936937
2.057997 10.949923
2.057930 10.962072
2.057888 10.974177
2.057876 10.986177
2.057858 10.998116
2.057841 11.011079
2.057825 11.023194
2.057854 11.035281
2.057873 11.047701
2.057877 11.058093
2.057923 11.071768
2.057989 11.083471
2.058018 11.095661
2.058087 11.107995
2.058173 11.120058
2.058254 11.131817
2.058285 11.140668
2.058380 11.155602
2.058489 11.168711
2.058557 11.180726
2.058614 11.191499
2.058673 11.204433
2.058765 11.217040
2.058799 11.227437
2.058836 11.239545
2.058891 11.252997
2.058923 11.264306
2.058928 11.277246
2.058893 11.289840
2.058939 11.301407
2.058924 11.313156
2.058882 11.325279
2.058839 11.338068
2.058821 11.349049
2.058771 11.361327
2.058709 11.373960
2.058678 11.384796
2.058606 11.397739
2.058538 11.411904
2.058466 11.423080
2.058434 11.435975
2.058366 11.448606
2.058308 11.457884
2.058265 11.472358
2.058241 11.484645
2.058195 11.495806
2.058157 11.509316
2.058203 11.519521
2.058176 11.533395
2.058171 11.545904
2.058190 11.557860
2.058249 11.570130
2.058274 11.580669
2.058303 11.594056
2.058374 11.604953
2.058430 11.617938
2.058491 11.629875
2.058563 11.642995
2.058660 11.654332
2.058737 11.667046
2.058799 11.679127
2.058852 11.691133
2.058950 11.702907
2.059004 11.715395
2.059027 11.726854
2.059086 11.738323
2.059137 11.751500
2.059164 11.763944
2.059156 11.775886
2.059206 11.788399
2.059211 11.800367
2.059170 11.812419
2.059153 11.823281
2.059139 11.836972
2.059096 11.848948
2.059024 11.860073
2.058979 11.872354
2.058923 11.885777
2.058866 11.896363
2.058781 11.910243
2.058744 11.920817
2.058756 11.924694
2.058756 11.924694
2.058756 11.924694
2.058756 11.924694
2.058756 11.924694
2.058757 11.924694
2.058757 11.924694
2.058757 11.924694
2.058757 11.924694
2.058757 11.924694
2.058757 11.924694
2.058757 11.924694
2.058757 11.924694
2.058758 11.924695
2.058758 11.924695
2.058758 11.924695
2.058758 11.924695
2.058756 11.924746
2.058684 11.937716
2.058623 11.948687
2.058540 11.961716
2.058493 11.975057
2.058454 11.986748
2.058410 11.999259
2.058387 12.010410
2.058400 12.023605
2.058387 12.035466
2.058365 12.047168
2.058382 12.059739
2.058438 12.072011
2.058457 12.083875
2.058466 12.092738
2.058553 12.106385
2.058599 12.119461
2.058651 12.131783
2.058701 12.144323
2.058797 12.155906
2.058862 12.168042
2.058916 12.179878
2.058977 12.192455
2.059062 12.204561
2.059082 12.215580
2.059113 12.227850
2.059173 12.239609
2.059198 12.253074
2.059197 12.264224
2.059198 12.277352
2.059222 12.287878
2.059199 12.299906
2.059162 12.312101
2.059139 12.325440
2.059117 12.336738
2.059062 12.350118
2.058983 12.360814
2.058939 12.374028
2.058867 12.386262
2.058777 12.398619
2.058695 12.410339
2.058625 12.423306
2.058531 12.435618
2.058456 12.447618
2.058423 12.458410
2.058368 12.471694
2.058288 12.482662
2.058240 12.496041
2.058233 12.506995
2.058202 12.520393
2.058177 12.532087
2.058177 12.545051
2.058179 12.556511
2.058175 12.568228
2.058186 12.581156
2.058241 12.592270
2.058276 12.604879
2.058310 12.617355
2.058352 12.628691
2.058431 12.640817
2.058437 12.650433
2.058502 12.665185
2.058566 12.676933
2.058629 12.688975
2.058680 12.701148
2.058728 12.713316
2.058784 12.724820
2.058814 12.737190
2.058833 12.749437
2.058834 12.762590
2.058873 12.774492
2.058861 12.785403
2.058827 12.798970
2.058803 12.809946
2.058784 12.822254
2.058716 12.836062
2.058658 12.846655
2.058624 12.858694
2.058553 12.872000
2.058460 12.884404
2.058375 12.896687
2.058333 12.907671
2.058240 12.921546
2.058149 12.932781
2.058066 12.945798
2.057995 12.958119
2.057908 12.970295
2.057837 12.982222
2.057816 12.994203
2.057755 13.005500
2.057719 13.018400
2.057707 13.029851
2.057735 13.043070
2.057698 13.054637
2.057695 13.066816
2.057732 13.079332
2.057757 13.090361
2.057772 13.103021
2.057818 13.114147
2.057881 13.126812
2.057918 13.138627
2.057963 13.150367
2.058039 13.163337
2.058105 13.174996
2.058162 13.187704
2.058194 13.200161
2.058271 13.210466
2.058295 13.220645
2.058332 13.235157
2.058357 13.247487
2.058380 13.260736
2.058369 13.271309
2.058336 13.284381
2.058367 13.296113
2.058356 13.308055
2.058310 13.321409
2.058238 13.332743
2.058227 13.344148
2.058156 13.356351
2.058064 13.369883
2.057984 13.381458
2.057922 13.393102
2.057819 13.406626
2.057739 13.417610
2.057673 13.431167
2.057601 13.441799
2.057508 13.455445
2.057427 13.466122
2.057374 13.480222
2.057309 13.491667
2.057243 13.504294
2.057216 13.515825
2.057197 13.527129
2.057161 13.540550
2.057137 13.552569
2.057169 13.563587
2.057180 13.576270
2.057182 13.589241
2.057199 13.601148
2.057274 13.613364
2.057302 13.624007
2.057341 13.637766
2.057392 13.649318
2.057454 13.662059
2.057490 13.673998
2.057529 13.682582
2.057605 13.698303
2.057638 13.708962
2.057678 13.722479
2.057690 13.733749
2.057744 13.746577
2.057759 13.757922
2.057736 13.769625
2.057744 13.781712
2.057742 13.795205
2.057717 13.807064
2.057669 13.819255
2.057646 13.831485
2.057595 13.843451
2.057516 13.855416
2.057448 13.867075
2.057400 13.880001
2.057316 13.891611
2.057211 13.903358
2.057128 13.916812
2.057084 13.925245
2.056954 13.941162
2.056908 13.949834
2.056808 13.965796
2.056731 13.978034
2.056642 13.988748
2.056603 14.000910
2.056561 14.014524
2.056519 14.026705
2.056479 14.038630
2.056503 14.048316
2.056462 14.062863
2.056447 14.074573
2.056470 14.085407
2.056502 14.099271
2.056521 14.111337
2.056555 14.123431
2.056619 14.134108
2.056680 14.147761
2.056710 14.157966
2.056767 14.171812
2.056855 14.183682
2.056906 14.196000
2.056969 14.207552
2.057002 14.220144
2.057081 14.231209
2.057105 14.243418
2.057141 14.255884
2.057173 14.267095
2.057192 14.280704
2.057170 14.291324
2.057127 14.304107
2.057158 14.316573
2.057118 14.329496
2.057081 14.341353
2.057007 14.353753
2.056985 14.365544
2.056901 14.377425
2.056833 14.389007
2.056765 14.402273
2.056699 14.414223
2.056607 14.425874
2.056526 14.438073
2.056485 14.449550
2.056415 14.461979
2.056342 14.475591
2.056297 14.485172
2.056246 14.499638
2.056187 14.512044
2.056155 14.523806
2.056182 14.535024
2.056133 14.547436
2.056121 14.560453
2.056136 14.571187
2.056171 14.584938
2.056197 14.597104
2.056225 14.609103
2.056281 14.620800
2.056329 14.632588
2.056391 14.645467
2.056459 14.657594
2.056543 14.669402
2.056608 14.681234
2.056656 14.692762
2.056726 14.704343
2.056811 14.717146
2.056867 14.729544
2.056884 14.741063
2.056942 14.753662
2.056998 14.766366
2.057016 14.777400
2.057000 14.788987
2.057045 14.802937
2.057040 14.814860
2.057003 14.826572
2.056965 14.839388
2.056963 14.850346
2.056911 14.863857
2.056902 14.865602
2.056902 14.865602
2.056902 14.865602
2.056902 14.865603
2.056893 14.868348
2.056814 14.880812
2.056738 14.894250
2.056667 14.905973
2.056619 14.918118
2.056549 14.930259
2.056462 14.941223
2.056422 14.953866
2.056341 14.967262
2.056288 14.979509
2.056266 14.987829
2.056209 15.003253
2.056155 15.015859
2.056115 15.027517
2.056109 15.040078
2.056149 15.052699
2.056106 15.063931
2.056102 15.076878
2.056159 15.088898
2.056180 15.099780
2.056238 15.112198
2.056265 15.123756
2.056361 15.137397
2.056395 15.147632
2.056466 15.160437
2.056544 15.172067
2.056627 15.185580
2.056677 15.196546
2.056729 15.209091
2.056818 15.221946
2.056875 15.232444
2.056933 15.246040
2.056946 15.258184
2.057012 15.269874
2.057017 15.282096
2.057007 15.294525
2.057040 15.305511
2.057049 15.318810
2.057023 15.330344
2.056970 15.343131
2.056966 15.354760
2.056923 15.366331
2.056868 15.379847
2.056862 15.381300
2.056862 15.381300
2.056862 15.381300
2.056862 15.381300
2.056862 15.381326
2.056782 15.394130
2.056735 15.405736
2.056660 15.418656
2.056576 15.429732
2.056490 15.443982
2.056453 15.456087
2.056379 15.468273
2.056310 15.479033
2.056292 15.490801
2.056228 15.503132
2.056188 15.516759
2.056173 15.528359
2.056207 15.540224
2.056162 15.551915
2.056156 15.564415
2.056183 15.576333
2.056214 15.589862
2.056247 15.601421
2.056258 15.610566
2.056338 15.624871
2.056390 15.637986
2.056440 15.650187
2.056510 15.662226
2.056571 15.671035
2.056666 15.686766
2.056725 15.698808
2.056775 15.710331
2.056850 15.721630
2.056911 15.735278
2.056947 15.747055
2.056992 15.757608
2.057017 15.769711
2.057054 15.782317
2.057032 15.795694
2.057065 15.806011
2.057049 15.816442
2.057024 15.831649
2.057004 15.842901
2.056987 15.856115
2.056946 15.868533
2.056868 15.879539
2.056846 15.891481
2.056773 15.904459
2.056778 15.905849
2.056778 15.905849
2.056778 15.905849
2.056778 15.905849
2.056778 15.905849
2.056778 15.905849
2.056778 15.905849
2.056778 15.905849
2.056778 15.905849
2.056778 15.905849
2.056778 15.905849
2.056778 15.905849
2.056779 15.905848
2.056779 15.905848
2.056779 15.905848
2.056779 15.905848
2.056779 15.905848
2.056779 15.905848
2.056722 15.916105
2.056642 15.927389
2.056611 15.940436
2.056531 15.952681
2.056482 15.963931
2.056428 15.977505
2.056398 15.989565
2.056364 16.002115
2.056349 16.012453
2.056361 16.025724
2.056414 16.037792
2.056513 16.050434
2.056638 16.062895
2.056805 16.073633
2.057024 16.086803
2.057391 16.099007
2.057785 16.111549
2.058095 16.122837
2.058796 16.135424
2.059268 16.148129
2.059774 16.159254
2.060568 16.173372
2.061155 16.184736
2.061962 16.197784
2.062674 16.210087
2.063556 16.222223
2.064368 16.233997
2.065248 16.245998
2.066259 16.258581
2.067102 16.271338
2.068085 16.285654
2.068475 16.296558
2.068613 16.310139
2.068544 16.322218
2.068583 16.334391
2.068506 16.346155
2.068582 16.357571
2.068615 16.370499
2.068763 16.381947
2.068975 16.395468
2.069097 16.407915
2.069183 16.419958
2.069123 16.432705
2.069127 16.444233
2.069098 16.457325
2.069018 16.469395
2.068850 16.480564
2.068731 16.493689
2.068671 16.505413
2.068567 16.516958
2.068519 16.529163
2.068411 16.538391
2.068269 16.554300
2.068144 16.566439
2.068067 16.578075
2.067937 16.589725
2.067786 16.602688
2.067672 16.613489
2.067521 16.626553
2.067388 16.637638
2.067214 16.650473
2.067037 16.661432
2.066828 16.674372
2.066648 16.686628
2.066447 16.697256
2.066217 16.707863
2.066025 16.718624
2.065780 16.729233
2.065503 16.740206
2.065313 16.749149
2.065028 16.759064
2.064804 16.768122
2.064532 16.776388
