25.110905 13.558180
25.087965 13.563567
25.066216 13.566203
25.043089 13.569997
25.020441 13.574233
24.998329 13.578215
24.973858 13.582776
24.953362 13.586908
24.929361 13.591328
24.907290 13.595284
24.882132 13.600055
24.863947 13.603744
24.837933 13.609059
24.814131 13.614249
24.789333 13.619535
24.767618 13.624129
24.745131 13.628792
24.722673 13.633759
24.697971 13.638976
24.675287 13.644088
24.653980 13.648404
24.632227 13.652907
24.610516 13.658025
24.591362 13.662908
24.572966 13.668014
24.554672 13.673238
24.537033 13.678690
24.518164 13.684449
24.500265 13.689957
24.489548 13.693034
24.489496 13.693050
24.489496 13.693050
24.489496 13.693050
24.489496 13.693050
24.489496 13.693050
24.489496 13.693050
24.489496 13.693050
24.489496 13.693050
24.489496 13.693050
24.489496 13.693050
24.489496 13.693050
24.489496 13.693050
24.480865 13.696042
24.465891 13.698490
24.448433 13.699823
24.429499 13.700283
24.410555 13.699822
24.392063 13.698721
24.365053 13.696896
24.342918 13.695276
24.319139 13.693377
24.296022 13.692271
24.272306 13.692007
24.248423 13.691716
24.225651 13.691546
24.206587 13.691549
24.179731 13.691621
24.156359 13.691607
24.131172 13.691537
24.109098 13.691208
24.087170 13.690826
24.063810 13.690004
24.038227 13.688850
24.016685 13.687100
23.991972 13.684658
23.968163 13.682343
23.944012 13.679840
23.919542 13.677233
23.896038 13.674807
23.875162 13.672666
23.849489 13.669866
23.827545 13.667668
23.805454 13.665330
23.782421 13.662549
23.759081 13.659766
23.736872 13.657105
23.714125 13.654317
23.689291 13.651161
23.667356 13.648280
23.644228 13.645159
23.622091 13.642092
23.598495 13.638754
23.574387 13.635266
23.549170 13.631517
23.528376 13.628494
23.505896 13.625280
23.481552 13.621886
23.457380 13.618526
23.435081 13.615488
23.410147 13.612149
23.388908 13.609344
23.366919 13.606435
23.343142 13.603275
23.319893 13.600235
23.298080 13.597437
23.273947 13.594275
23.252087 13.591366
23.228649 13.588234
23.205317 13.585046
23.179901 13.581656
23.159426 13.578920
23.135666 13.575816
23.112232 13.572831
23.090124 13.569912
23.070690 13.567362
23.044020 13.563849
23.019003 13.560493
22.996439 13.557420
22.972433 13.554177
22.953175 13.551605
22.925137 13.547762
22.902037 13.544645
22.880154 13.541675
22.856621 13.538564
22.835886 13.535702
22.809986 13.532354
22.786741 13.529330
22.763596 13.526272
22.738646 13.522990
22.716471 13.520025
22.694256 13.516983
22.670406 13.513754
22.646564 13.510379
22.624525 13.507231
22.600969 13.503830
22.578356 13.500482
22.555595 13.497288
22.531336 13.493906
22.507805 13.490611
22.484163 13.487374
22.462263 13.484416
22.437099 13.481120
22.417303 13.478591
22.390484 13.475232
22.367809 13.472537
22.343872 13.469717
22.321674 13.467124
22.301060 13.464799
22.274746 13.461948
22.253044 13.459625
22.229362 13.457041
22.205269 13.454311
22.182119 13.451733
22.158720 13.449041
22.136831 13.446497
22.114519 13.443937
22.088360 13.440928
22.066509 13.438538
22.042032 13.435844
22.018766 13.433306
21.995161 13.430831
21.971470 13.428445
21.948536 13.426157
21.931681 13.424495
21.901701 13.421608
21.876900 13.419289
21.853991 13.417232
21.830858 13.415176
21.808262 13.413236
21.784290 13.411233
21.761452 13.409348
21.738237 13.407475
21.714453 13.405524
21.690794 13.403537
21.668356 13.401520
21.644464 13.399534
21.621092 13.397749
21.599520 13.395936
21.575480 13.394023
21.574047 13.393989
21.574047 13.393990
21.574049 13.393990
21.574049 13.393990
21.563738 13.393041
21.551474 13.391947
21.533436 13.390383
21.512817 13.388607
21.489670 13.386377
21.467131 13.384138
21.443251 13.381785
21.420639 13.379651
21.399921 13.377691
21.378695 13.375591
21.356569 13.373325
21.336739 13.371189
21.317739 13.369285
21.297735 13.367223
21.279858 13.365330
21.260666 13.363143
21.242554 13.360823
21.224960 13.358759
21.207289 13.356021
21.191259 13.353693
21.175339 13.351502
21.159798 13.348908
21.143049 13.346015
21.128319 13.343800
21.112688 13.341329
21.099125 13.339243
21.084824 13.337034
21.071083 13.334909
21.057404 13.332758
21.051193 13.331887
21.051191 13.331885
21.051191 13.331885
21.051191 13.331885
21.050898 13.331808
21.038784 13.329517
21.023167 13.329379
21.005465 13.330125
20.987432 13.331690
20.964205 13.335216
20.944660 13.338624
20.920918 13.342239
20.897276 13.344666
20.875715 13.345876
20.853445 13.347112
20.831402 13.348446
20.809208 13.348752
20.789268 13.348810
20.770189 13.348021
20.751097 13.347291
20.735834 13.347625
20.715136 13.348693
20.697313 13.349499
20.679626 13.351191
20.661221 13.352665
20.645674 13.353980
20.631386 13.355937
20.614607 13.359035
20.599028 13.361622
20.583931 13.364051
20.570602 13.366586
20.556782 13.368805
20.543585 13.370885
20.540905 13.371294
20.540905 13.371293
20.540905 13.371293
20.540529 13.371446
20.528496 13.372997
20.513660 13.374880
20.497866 13.377498
20.477568 13.381034
20.458176 13.384429
20.436592 13.387923
20.413506 13.391597
20.392817 13.394731
20.371256 13.398066
20.349323 13.401399
20.327587 13.404811
20.307741 13.407940
20.288954 13.411000
20.268972 13.414054
20.250317 13.417004
20.230978 13.419840
20.218529 13.421685
20.195843 13.424937
20.180017 13.427164
20.162336 13.429616
20.147493 13.431581
20.130577 13.433988
20.117138 13.435892
20.099703 13.438287
20.085733 13.440102
20.070953 13.442005
20.057373 13.443816
20.044287 13.445556
20.040159 13.446059
20.040159 13.446059
20.040161 13.446059
20.040096 13.446069
20.030119 13.447297
20.012405 13.450130
19.994387 13.452892
19.975039 13.455051
19.952486 13.457853
19.930923 13.460917
19.909840 13.463780
19.890984 13.466522
19.866089 13.469825
19.844349 13.472841
19.824562 13.475665
19.805662 13.478456
19.781208 13.482003
19.763985 13.484413
19.744617 13.487030
19.726006 13.489449
19.708868 13.491755
19.691303 13.493985
19.675116 13.496032
19.659155 13.498034
19.642223 13.500281
19.626707 13.502306
19.609715 13.504456
19.595884 13.506128
19.582901 13.507711
19.568283 13.509493
19.554411 13.511162
19.541759 13.512739
19.538975 13.513029
19.538963 13.513050
19.538952 13.513072
19.538004 13.513279
19.526114 13.515205
19.509943 13.517188
19.490496 13.519634
19.470591 13.522178
19.448202 13.525075
19.428057 13.527664
19.409201 13.530049
19.381601 13.533511
19.361702 13.536070
19.338497 13.539117
19.317400 13.541801
19.297918 13.544462
19.278717 13.547055
19.258944 13.549602
19.240524 13.551960
19.221891 13.554365
19.203642 13.556754
19.186726 13.558863
19.170876 13.560843
19.157179 13.562504
19.137043 13.564902
19.120813 13.566836
19.105791 13.568608
19.091238 13.570282
19.077803 13.571936
19.062805 13.573785
19.049736 13.575416
19.036676 13.577086
19.034472 13.577351
19.034460 13.577373
19.034451 13.577391
19.032789 13.577779
19.019421 13.579938
19.003040 13.582231
18.981329 13.585052
18.960978 13.587760
18.939032 13.590513
18.916496 13.593447
18.894697 13.596289
18.871147 13.599372
18.850502 13.602056
18.829201 13.604795
18.808056 13.607481
18.785759 13.610330
18.766605 13.612783
18.745878 13.615450
18.728334 13.617651
18.708620 13.620081
18.691517 13.622146
18.673840 13.624313
18.656677 13.626372
18.640570 13.628357
18.624414 13.630250
18.607927 13.632298
18.593485 13.634075
18.577055 13.636125
18.562338 13.637825
18.547234 13.639743
18.532642 13.641641
18.531164 13.641735
18.531153 13.641758
18.531139 13.641782
18.530970 13.641831
18.518677 13.643482
18.502293 13.645540
18.484163 13.647851
18.464798 13.649708
18.442461 13.652065
18.419476 13.654534
18.396963 13.657116
18.374424 13.659603
18.352343 13.662161
18.329668 13.664801
18.310225 13.667038
18.290632 13.669104
18.269411 13.671416
18.251516 13.673313
18.232395 13.675297
18.215591 13.676982
18.201540 13.678370
18.179392 13.680785
18.162483 13.682531
18.144276 13.684324
18.129087 13.685781
18.112890 13.687271
18.098333 13.688598
18.083363 13.689917
18.068529 13.691249
18.054930 13.692497
18.041056 13.693731
18.026560 13.694934
18.023291 13.695071
18.023300 13.695062
18.023306 13.695054
18.018257 13.695567
18.004513 13.696880
17.985394 13.698458
17.964397 13.699883
17.942799 13.701698
17.919395 13.703573
17.897890 13.705428
17.874235 13.707554
17.852705 13.709573
17.834414 13.711386
17.810518 13.713818
17.790590 13.715873
17.770462 13.717760
17.751448 13.719675
17.731974 13.721589
17.713272 13.723346
17.695839 13.725027
17.677696 13.726613
17.662533 13.727929
17.645470 13.729374
17.629812 13.730684
17.613291 13.732034
17.598225 13.733563
17.582830 13.734937
17.569134 13.736184
17.554756 13.737593
17.540892 13.739054
17.527666 13.740577
17.514072 13.742015
17.511452 13.742311
17.511452 13.742311
17.511452 13.742311
17.511452 13.742311
17.500572 13.743829
17.483318 13.745074
17.463022 13.746355
17.442495 13.747785
17.419916 13.749591
17.395779 13.751622
17.375250 13.753314
17.353094 13.755059
17.331276 13.756886
17.311239 13.758576
17.289242 13.760409
17.270475 13.761973
17.251268 13.763524
17.232342 13.765051
17.213419 13.766579
17.196056 13.767877
17.178970 13.769099
17.162342 13.770283
17.146317 13.771432
17.128990 13.772554
17.113121 13.773693
17.097347 13.774784
17.081923 13.775767
17.067142 13.776695
17.053852 13.777522
17.038202 13.778508
17.025871 13.779403
17.012384 13.780241
16.998613 13.781162
16.986210 13.782006
16.983910 13.782175
16.983910 13.782175
16.983912 13.782175
16.978916 13.782515
16.965145 13.783563
16.946299 13.784510
16.924843 13.785605
16.902342 13.786747
16.880480 13.787860
16.854637 13.789520
16.833223 13.790684
16.812845 13.791582
16.790813 13.792783
16.769335 13.793804
16.749277 13.794801
16.730898 13.795687
16.711077 13.796647
16.692701 13.797469
16.673048 13.798182
16.656113 13.798755
16.638264 13.799563
16.623753 13.800119
16.605101 13.801092
16.588758 13.801690
16.575001 13.802215
16.558289 13.802824
16.541412 13.803605
16.528433 13.804119
16.515917 13.804847
16.500036 13.805722
16.486521 13.806521
16.472736 13.807346
16.470240 13.807468
16.470224 13.807489
16.470211 13.807512
16.469618 13.807572
16.457457 13.808368
16.441820 13.806965
16.423174 13.803432
16.402050 13.800524
16.383116 13.799128
16.359148 13.797776
16.338963 13.796745
16.314886 13.794980
16.293713 13.794123
16.272423 13.793641
16.250982 13.792587
16.230988 13.791285
16.212372 13.789481
16.191309 13.787451
16.173006 13.785527
16.154013 13.783548
16.136398 13.781701
16.120386 13.779781
16.104063 13.777982
16.087147 13.776070
16.071058 13.774160
16.054270 13.772123
16.039820 13.770364
16.024410 13.768414
16.010427 13.766659
15.995729 13.764795
15.981797 13.762995
15.966842 13.760936
15.964878 13.760829
15.964890 13.760850
15.964903 13.760875
15.960110 13.760362
15.946657 13.758915
15.925355 13.756384
15.906284 13.754204
15.883164 13.751730
15.865696 13.749832
15.837956 13.746872
15.817669 13.744835
15.794262 13.742381
15.774224 13.740308
15.753071 13.738100
15.733038 13.735997
15.712952 13.734016
15.694985 13.732183
15.675611 13.730187
15.657471 13.728257
15.641123 13.726579
15.622332 13.724586
15.605604 13.722816
15.590069 13.721162
15.575021 13.719413
15.557306 13.717349
15.541657 13.715568
15.526607 13.713822
15.512754 13.712209
15.497099 13.710339
15.484358 13.708807
15.470456 13.707227
15.456433 13.705593
15.443950 13.703717
15.442368 13.703239
15.442368 13.703239
15.442367 13.703239
15.441794 13.703132
15.430074 13.702136
15.413002 13.700477
15.393737 13.699090
15.374386 13.697637
15.351763 13.695976
15.332313 13.694622
15.309654 13.692756
15.285281 13.690482
15.264955 13.688787
15.244744 13.687046
15.223274 13.685337
15.202791 13.683659
15.183486 13.682226
15.164566 13.680793
15.145304 13.679277
15.129383 13.678120
15.107443 13.676301
15.091231 13.674955
15.074450 13.673593
15.058471 13.672157
15.041474 13.670609
15.024197 13.669363
15.009893 13.667999
14.995296 13.666602
14.980755 13.664965
14.967892 13.663959
14.953997 13.662835
14.940004 13.661535
14.925845 13.660478
14.913712 13.659407
14.910408 13.659089
14.910408 13.659089
14.910408 13.659089
14.909420 13.659027
14.896217 13.658211
14.879428 13.659678
14.863030 13.662063
14.841136 13.663835
14.819307 13.665309
14.797984 13.666850
14.772985 13.668049
14.752062 13.668475
14.729413 13.668814
14.708690 13.669621
14.686934 13.670409
14.668014 13.670891
14.647000 13.672166
14.627083 13.672794
14.609889 13.673162
14.590499 13.674074
14.575989 13.674614
14.554638 13.676493
14.538825 13.677911
14.522230 13.679314
14.505932 13.680914
14.490253 13.682518
14.475865 13.683961
14.460690 13.685629
14.446272 13.687318
14.432347 13.688861
14.420617 13.690232
14.405619 13.692107
14.393480 13.693603
14.380052 13.695102
14.377568 13.695310
14.377585 13.695329
14.377602 13.695347
14.375310 13.695771
14.363606 13.697165
14.345294 13.699512
14.328032 13.701247
14.303674 13.703577
14.285282 13.705362
14.262743 13.707531
14.239827 13.709698
14.218851 13.711635
14.197073 13.713645
14.175298 13.715630
14.155031 13.717344
14.132987 13.719110
14.116388 13.720456
14.097111 13.722006
14.078466 13.723489
14.060425 13.724731
14.042882 13.726026
14.025945 13.727234
14.009763 13.728361
13.992579 13.729826
13.976890 13.731226
13.960774 13.732590
13.944287 13.733992
13.930825 13.734961
13.916587 13.735944
13.903079 13.737176
13.889668 13.738410
13.875626 13.739651
13.872762 13.739744
13.872762 13.739744
13.872762 13.739744
13.872762 13.739744
13.862717 13.740944
13.850570 13.741395
13.832962 13.741686
13.815066 13.742268
13.794844 13.743475
13.773289 13.744798
13.752014 13.746059
13.727677 13.747614
13.706968 13.748926
13.683983 13.750494
13.663968 13.751843
13.641453 13.753268
13.622768 13.754443
13.603592 13.755691
13.584244 13.756927
13.567230 13.758056
13.549372 13.759354
13.532037 13.760540
13.515287 13.761641
13.498488 13.763039
13.482170 13.764692
13.467360 13.765809
13.452217 13.767011
13.435475 13.768694
13.421511 13.769950
13.407743 13.771228
13.393236 13.772429
13.380718 13.773365
13.366566 13.774631
13.353969 13.775942
13.347325 13.776279
13.347325 13.776279
13.347325 13.776279
13.347325 13.776279
13.347325 13.776279
13.340893 13.777061
13.321429 13.777682
13.301023 13.777131
13.279423 13.776430
13.255770 13.776360
13.233463 13.775833
13.209401 13.774885
13.188991 13.774714
13.166789 13.774861
13.144974 13.775070
13.124490 13.775515
13.103438 13.775037
13.084760 13.774048
13.064642 13.772793
13.046223 13.771250
13.028796 13.769475
13.010463 13.767436
12.992873 13.765512
12.977807 13.763847
12.960397 13.761587
12.944078 13.760015
12.930476 13.758842
12.914894 13.756833
12.899201 13.754630
12.885476 13.753003
12.872042 13.751265
12.858240 13.749300
12.845277 13.747638
12.832358 13.745470
12.819476 13.743157
12.815524 13.742388
12.815524 13.742388
12.815524 13.742388
12.815524 13.742388
12.807669 13.740892
12.790210 13.739845
12.770728 13.739833
12.748753 13.739802
12.728542 13.740220
12.703867 13.740605
12.683265 13.740516
12.658298 13.740458
12.638426 13.740473
12.617186 13.740415
12.595418 13.739353
12.576394 13.738359
12.556670 13.736838
12.535947 13.735185
12.518566 13.735082
12.500546 13.736353
12.482924 13.737719
12.465104 13.739041
12.447942 13.740322
12.431926 13.741708
12.416670 13.743259
12.400568 13.744833
12.385555 13.746187
12.369788 13.747773
12.355068 13.749310
12.342113 13.750688
12.327376 13.752449
12.314812 13.753649
12.301732 13.755134
12.289284 13.756535
12.286444 13.756844
12.286441 13.756844
12.286438 13.756844
12.286435 13.756844
12.277056 13.758297
12.263212 13.758437
12.246389 13.757539
12.227139 13.756304
12.206694 13.755670
12.185575 13.754985
12.164102 13.754010
12.139462 13.752580
12.118210 13.751678
12.094457 13.751298
12.075278 13.751116
12.056064 13.750002
12.035536 13.748999
12.014922 13.747925
11.996582 13.746614
11.977722 13.745222
11.959636 13.743784
11.942655 13.742197
11.925797 13.740746
11.907637 13.739084
11.890873 13.737716
11.874617 13.736002
11.860438 13.734271
11.846850 13.732738
11.831778 13.731064
11.818111 13.729589
11.804549 13.728086
11.790522 13.726439
11.777929 13.724591
11.765139 13.722761
11.759046 13.722173
11.759027 13.722193
11.759008 13.722213
11.758990 13.722232
11.758223 13.722136
11.745519 13.720310
11.728868 13.720229
11.709103 13.719897
11.689904 13.719840
11.669520 13.720295
11.647878 13.720780
11.626162 13.721146
11.603406 13.720787
11.582705 13.720723
11.559849 13.720612
11.539489 13.719811
11.521070 13.718648
11.500188 13.717790
11.480215 13.717006
11.461474 13.716854
11.442638 13.717371
11.425487 13.718582
11.408197 13.720144
11.393965 13.721312
11.373805 13.723270
11.358479 13.724924
11.341599 13.727206
11.325594 13.728914
11.311967 13.730496
11.297482 13.732103
11.282428 13.733788
11.270195 13.734934
11.255990 13.736654
11.242132 13.738327
11.229612 13.739795
11.226697 13.740149
11.226697 13.740149
11.226697 13.740149
11.225607 13.740297
11.212786 13.742224
11.196547 13.743282
11.177352 13.744233
11.153438 13.745853
11.132113 13.747381
11.110682 13.748910
11.086036 13.750615
11.064930 13.752097
11.043875 13.753577
11.022260 13.755189
11.001297 13.756714
10.982097 13.758130
10.961836 13.759785
10.943730 13.761259
10.925682 13.762782
10.908754 13.764211
10.890293 13.765588
10.873686 13.766928
10.857727 13.768093
10.839921 13.769451
10.824741 13.770701
10.808893 13.771858
10.794343 13.773047
10.779649 13.774344
10.765582 13.775551
10.752055 13.776672
10.737270 13.777851
10.723957 13.779143
10.712205 13.780135
10.698901 13.781403
10.696473 13.781490
10.696472 13.781490
10.696473 13.781490
10.695240 13.781515
10.682449 13.783590
10.665849 13.782383
10.648105 13.781379
10.626742 13.780462
10.605529 13.779406
10.581330 13.777761
10.559799 13.776393
10.537395 13.775366
10.516819 13.774621
10.495254 13.774400
10.474355 13.773668
10.455271 13.773738
10.435512 13.773538
10.414516 13.773597
10.396945 13.772312
10.378483 13.771325
10.362038 13.770564
10.343575 13.769011
10.330385 13.767597
10.311338 13.765780
10.293974 13.763762
10.281790 13.762360
10.264453 13.759744
10.251260 13.757667
10.235304 13.754534
10.221944 13.752200
10.208817 13.749867
10.194025 13.747248
10.181629 13.744900
10.168743 13.742612
10.165961 13.741885
10.165956 13.741889
10.165944 13.741895
10.165645 13.741813
10.154428 13.739472
10.138099 13.738428
10.120035 13.737936
10.098678 13.737076
10.078014 13.735450
10.057592 13.734532
10.035097 13.733713
10.013070 13.733345
9.990357 13.732142
9.970105 13.730085
9.949308 13.728252
9.927753 13.726095
9.909472 13.724533
9.889932 13.723418
9.869385 13.722004
9.852374 13.723102
9.835122 13.724674
9.817585 13.725971
9.800903 13.727511
9.784421 13.729048
9.768928 13.730517
9.753575 13.732132
9.738228 13.733441
9.723969 13.734838
9.709370 13.736279
9.695846 13.737740
9.682158 13.739039
9.667857 13.740489
9.653076 13.741617
9.642241 13.743148
9.629752 13.745171
9.626837 13.745996
9.626837 13.745996
9.626837 13.745996
9.626839 13.745996
9.617715 13.747682
9.603985 13.747138
9.582297 13.747396
9.561604 13.748696
9.538786 13.749945
9.516896 13.751369
9.493867 13.753106
9.470525 13.754804
9.449560 13.756232
9.428730 13.757495
9.408914 13.758790
9.389422 13.760160
9.368610 13.761679
9.350391 13.763010
9.331174 13.764400
9.312817 13.765769
9.296455 13.766964
9.278938 13.768240
9.262589 13.769434
9.246032 13.770637
9.230115 13.771753
9.214616 13.772902
9.201055 13.773930
9.185936 13.775011
9.171895 13.776067
9.158164 13.777146
9.143855 13.778071
9.130617 13.779049
9.117407 13.780179
9.104880 13.780967
9.101314 13.781333
9.101314 13.781333
9.101314 13.781333
9.101314 13.781333
9.092302 13.782207
9.080443 13.783538
9.063694 13.781734
9.043170 13.779909
9.021797 13.779019
8.998781 13.778037
8.976192 13.776994
8.954269 13.775775
8.931892 13.774921
8.911418 13.774299
8.889513 13.773038
8.869268 13.771992
8.848803 13.770566
8.828477 13.769342
8.810672 13.768139
8.794799 13.766743
8.773442 13.764677
8.756294 13.763018
8.741614 13.761368
8.725109 13.759143
8.708187 13.756521
8.692327 13.754313
8.677849 13.752363
8.662179 13.750116
8.646648 13.747668
8.633166 13.745612
8.618643 13.743376
8.606499 13.741380
8.591100 13.738948
8.578947 13.737149
8.573383 13.736429
8.573383 13.736429
8.573383 13.736429
8.573382 13.736430
8.563356 13.734696
8.546494 13.732906
8.526507 13.730729
8.504110 13.727934
8.481881 13.725343
8.461294 13.723055
8.437716 13.720451
8.415257 13.718048
8.394107 13.715972
8.373117 13.713820
8.353584 13.711973
8.331396 13.709848
8.311581 13.707734
8.294242 13.705706
8.275169 13.703757
8.258184 13.701989
8.239639 13.700137
8.221803 13.698340
8.205461 13.696521
8.188605 13.694635
8.172851 13.692802
8.157904 13.691191
8.142529 13.689563
8.128531 13.688037
8.114744 13.686646
8.101777 13.685363
8.087438 13.683947
8.074605 13.682664
8.064260 13.681594
8.064249 13.681593
8.064249 13.681593
8.064249 13.681593
8.064249 13.681592
8.053752 13.680829
8.040293 13.679851
8.021717 13.678321
8.001225 13.676814
7.981116 13.675350
7.957813 13.673657
7.936019 13.672159
7.914267 13.670729
7.893603 13.669472
7.872456 13.668148
7.852978 13.667053
7.831079 13.665676
7.811548 13.664570
7.792308 13.663481
7.773499 13.662387
7.755580 13.661392
7.737786 13.660349
7.720143 13.659281
7.704056 13.658256
7.687255 13.657197
7.674530 13.656459
7.655461 13.655043
7.640175 13.653891
7.625262 13.652724
7.612354 13.651692
7.595753 13.650553
7.581736 13.649600
7.568450 13.648672
7.555648 13.647783
7.546213 13.647038
7.537016 13.646498
7.537016 13.646498
7.537016 13.646498
7.537016 13.646498
7.526361 13.645788
7.510128 13.644829
7.489082 13.643589
7.467194 13.642305
7.445963 13.641138
7.423087 13.639931
7.401281 13.638813
7.377805 13.637708
7.358210 13.636824
7.336884 13.635908
7.315389 13.634963
7.296079 13.634234
7.277128 13.633609
7.258533 13.632967
7.239141 13.632291
7.221651 13.631717
7.205183 13.631131
7.187133 13.630450
7.173222 13.629965
7.154709 13.629259
7.138640 13.628638
7.123941 13.628055
7.109782 13.627098
7.095057 13.626299
7.080586 13.625644
7.067274 13.625036
7.053025 13.624210
7.037703 13.623364
7.026454 13.622661
7.019288 13.622334
7.019288 13.622334
7.019288 13.622334
7.019288 13.622334
7.019288 13.622334
7.012385 13.622131
6.998185 13.621682
6.980435 13.620921
6.957241 13.619987
6.935489 13.619159
6.912308 13.618209
6.890052 13.617246
6.868848 13.616546
6.846000 13.615834
6.830173 13.615353
6.804097 13.614594
6.783043 13.614024
6.764812 13.613520
6.746999 13.613064
6.726942 13.612570
6.709030 13.612036
6.690677 13.611455
6.674875 13.610996
6.657913 13.610525
6.641179 13.610011
6.626320 13.609472
6.610961 13.608847
6.594888 13.608226
6.581347 13.607698
6.565786 13.607082
6.553657 13.606620
6.539338 13.606023
6.525547 13.605463
6.511976 13.604790
6.499580 13.604212
6.489962 13.603805
6.490040 13.603812
6.490040 13.603812
6.490040 13.603812
6.490040 13.603812
6.479986 13.603380
6.464408 13.602798
6.445004 13.602157
6.424215 13.601473
6.401938 13.600764
6.377565 13.600171
6.357817 13.599730
6.335871 13.599356
6.312997 13.598950
6.291449 13.598569
6.272365 13.598229
6.251903 13.597877
6.232612 13.597509
6.213334 13.597089
6.194374 13.596692
6.176324 13.596356
6.159086 13.595971
6.142759 13.595684
6.124829 13.595181
6.109204 13.594798
6.092551 13.594312
6.076601 13.593867
6.061990 13.593438
6.048675 13.593055
6.033777 13.592688
6.020017 13.592327
6.006023 13.591977
5.992135 13.591640
5.978782 13.591525
5.967177 13.591307
5.961329 13.591216
5.961329 13.591216
5.961329 13.591216
5.961340 13.591201
5.953076 13.591043
5.937971 13.590802
5.917451 13.590496
5.898301 13.590215
5.873521 13.589503
5.850512 13.588609
5.829384 13.587513
5.805139 13.586740
5.787781 13.586403
5.762435 13.585333
5.741413 13.583717
5.719427 13.581615
5.699628 13.579597
5.678102 13.577103
5.659638 13.575047
5.640895 13.572766
5.620527 13.570273
5.600533 13.567554
5.581175 13.565017
5.566932 13.562922
5.547823 13.560094
5.533289 13.557817
5.516137 13.555039
5.499998 13.552479
5.485064 13.550197
5.473892 13.548349
5.456346 13.545306
5.443831 13.543522
5.444048 13.543539
5.444066 13.543523
5.444084 13.543506
5.444101 13.543489
5.444117 13.543473
5.444135 13.543456
5.444152 13.543440
5.444170 13.543423
5.444186 13.543406
5.444204 13.543390
5.444221 13.543374
5.444239 13.543356
5.444256 13.543341
5.444273 13.543324
5.444291 13.543306
5.444309 13.543289
5.444327 13.543272
5.444343 13.543257
5.435407 13.541025
5.423520 13.538791
5.406494 13.535950
5.387380 13.532769
5.371558 13.530350
5.349742 13.526774
5.334029 13.524498
5.314897 13.521019
5.299240 13.518083
5.282776 13.514900
5.276208 13.513800
5.276208 13.513800
5.276208 13.513800
5.276208 13.513800
5.276211 13.513807
5.276225 13.513837
5.276237 13.513865
5.276249 13.513891
5.276261 13.513918
5.276273 13.513945
5.276286 13.513974
5.276298 13.514001
5.276311 13.514030
5.276324 13.514058
5.276334 13.514080
5.276349 13.514112
5.276360 13.514139
5.276374 13.514169
5.276386 13.514196
5.276398 13.514222
5.276411 13.514252
5.276423 13.514279
5.276437 13.514309
5.276448 13.514334
5.276460 13.514362
5.276473 13.514390
5.276485 13.514419
5.276497 13.514444
5.276511 13.514475
5.276524 13.514503
5.276535 13.514528
5.276547 13.514556
5.276559 13.514584
5.276572 13.514612
5.276586 13.514642
5.276598 13.514669
5.276610 13.514695
5.276622 13.514723
5.276634 13.514750
5.276648 13.514780
5.276659 13.514806
5.276672 13.514834
5.276684 13.514860
5.276696 13.514888
5.276709 13.514917
5.276721 13.514944
5.276732 13.514970
5.276746 13.515000
5.276758 13.515026
5.276771 13.515055
5.276783 13.515081
5.276797 13.515113
5.276808 13.515138
5.276821 13.515165
5.267098 13.512982
5.251771 13.509917
5.232386 13.505612
5.210334 13.500295
5.188007 13.494407
5.167359 13.488600
5.145812 13.482546
5.123355 13.476232
5.101040 13.469766
5.077426 13.462487
5.055845 13.455949
5.033320 13.449018
5.010256 13.440868
4.987539 13.432847
4.967385 13.425817
4.943978 13.417381
4.922678 13.409254
4.901825 13.400727
4.880658 13.391625
4.859907 13.381860
4.840975 13.372592
4.821267 13.362780
4.801794 13.351863
4.783477 13.341378
4.764523 13.330058
4.746100 13.318973
4.732522 13.310369
4.710443 13.295774
4.692021 13.282990
4.674623 13.270577
4.658900 13.259136
4.641186 13.245931
4.627553 13.235218
4.610973 13.221685
4.595773 13.208643
4.581817 13.196215
4.567558 13.183183
4.552693 13.169135
4.539425 13.156249
4.526169 13.142714
4.513581 13.129601
4.502159 13.117478
4.488316 13.102475
4.479610 13.092481
4.465036 13.075730
4.452137 13.060650
4.440766 13.046780
4.429488 13.032751
4.418616 13.019147
4.410799 13.009141
4.397381 12.991256
4.388151 12.978726
4.378160 12.965084
4.368155 12.950946
4.358263 12.936480
4.350047 12.924455
4.342102 12.911963
4.331183 12.894913
4.322777 12.881384
4.316581 12.871114
4.306487 12.853933
4.298207 12.839221
4.290358 12.825352
4.282879 12.811248
4.275891 12.798282
4.268545 12.783189
4.262060 12.769748
4.255332 12.756073
4.248790 12.742117
4.242659 12.729132
4.236171 12.715119
4.230198 12.702137
4.223345 12.687312
4.217807 12.675163
4.212078 12.662380
4.205516 12.647326
4.200179 12.634769
4.194125 12.620680
4.188724 12.607787
4.183056 12.594465
4.177406 12.580643
4.172887 12.569415
4.167073 12.554483
4.161508 12.540297
4.155900 12.525496
4.150961 12.512285
4.145892 12.498677
4.141130 12.485312
4.136530 12.472096
4.131274 12.457296
4.126375 12.443160
4.121932 12.430164
4.117208 12.416508
4.112520 12.402733
4.108059 12.389296
4.103713 12.376349
4.098507 12.361369
4.093460 12.347367
4.088588 12.333537
4.083880 12.319741
4.079448 12.306477
4.074768 12.292790
4.070149 12.279209
4.065096 12.265015
4.060342 12.251263
4.055722 12.238254
4.051011 12.224716
4.046122 12.210530
4.041470 12.197560
4.036556 12.183748
4.031909 12.171134
4.026363 12.155865
4.021460 12.142282
4.015996 12.127989
4.010879 12.114744
4.006094 12.102240
4.000847 12.088624
3.995196 12.074252
3.989776 12.060821
3.983986 12.046483
3.977904 12.031582
3.972603 12.018291
3.966942 12.004241
3.961161 11.990118
3.955103 11.975758
3.949764 11.963023
3.944282 11.949824
3.938330 11.935583
3.932591 11.921814
3.926559 11.907606
3.921207 11.895050
3.915227 11.881258
3.909819 11.868948
3.904486 11.856588
3.899019 11.843966
3.893693 11.831705
3.888644 11.820160
3.884031 11.809472
3.879571 11.799056
3.874753 11.788085
3.870284 11.777874
3.865752 11.766985
3.861053 11.755761
3.856745 11.745589
3.851951 11.734187
3.848708 11.726772
3.844446 11.716761
3.840438 11.706920
3.836968 11.698519
3.833308 11.689746
3.829808 11.680894
3.826191 11.671590
3.822748 11.662530
3.819193 11.653338
3.816965 11.648171
3.816959 11.648167
3.816959 11.648167
3.816959 11.648167
3.815208 11.642936
3.809887 11.628425
3.804993 11.615056
3.799840 11.601028
3.794909 11.587821
3.789210 11.572674
3.784538 11.560290
3.778902 11.546015
3.773727 11.532382
3.768131 11.518060
3.762856 11.505115
3.756492 11.489424
3.751330 11.476726
3.744860 11.461486
3.739498 11.448408
3.733426 11.434190
3.726978 11.418740
3.721119 11.405253
3.715039 11.391590
3.708991 11.377866
3.702496 11.363579
3.695941 11.349504
3.689659 11.335810
3.683475 11.322528
3.676742 11.308359
3.670047 11.294669
3.663261 11.281063
3.656668 11.267270
3.650127 11.254340
3.643688 11.240592
3.637621 11.227584
3.632377 11.216104
3.625586 11.201676
3.619747 11.189147
3.616310 11.181344
3.616297 11.181314
3.616297 11.181314
3.616297 11.181314
3.616296 11.181314
3.612664 11.173821
3.606765 11.161537
3.600489 11.147952
3.593823 11.133501
3.586867 11.118443
3.580975 11.105673
3.574713 11.092133
3.567921 11.077279
3.561956 11.064220
3.555909 11.050723
3.549530 11.036407
3.543440 11.022750
3.537001 11.008163
3.531305 10.995269
3.525303 10.981643
3.519372 10.968037
3.512940 10.953208
3.507627 10.940739
3.501863 10.927392
3.495378 10.912591
3.489566 10.898792
3.483583 10.884718
3.478367 10.872456
3.472283 10.857564
3.467013 10.845201
3.461142 10.830900
3.456336 10.819212
3.449771 10.803553
3.444017 10.789577
3.439057 10.777217
3.433120 10.762224
3.428113 10.749673
3.422656 10.735553
3.418230 10.723907
3.415833 10.717613
3.415833 10.717613
3.415833 10.717613
3.415833 10.717613
3.415833 10.717613
3.411997 10.706975
3.407870 10.695572
3.402610 10.681799
3.397895 10.669119
3.392681 10.655276
3.387425 10.641385
3.381664 10.627599
3.376171 10.614489
3.370393 10.600255
3.364294 10.586194
3.358158 10.572646
3.351753 10.558096
3.345879 10.544564
3.339546 10.529983
3.333577 10.516389
3.327142 10.501609
3.321631 10.489073
3.315422 10.474985
3.309177 10.460653
3.303430 10.447560
3.296794 10.432481
3.291154 10.419590
3.284974 10.405603
3.278680 10.391346
3.273024 10.378518
3.266812 10.364525
3.260415 10.350469
3.254733 10.337739
3.249030 10.324643
3.242982 10.310718
3.237106 10.296211
3.232389 10.284431
3.227325 10.271952
3.222248 10.258885
3.217811 10.247561
3.213593 10.235221
3.210147 10.225453
3.205405 10.210799
3.201735 10.199374
3.198116 10.187270
3.194439 10.175234
3.190779 10.163668
3.187111 10.151685
3.185596 10.147190
3.185596 10.147190
3.185596 10.147190
3.185596 10.147190
3.183871 10.140481
3.181354 10.130807
3.176967 10.114654
3.174510 10.102066
3.171768 10.088823
3.169345 10.076411
3.166597 10.062709
3.164273 10.049204
3.161901 10.036440
3.159611 10.022908
3.156818 10.009267
3.154390 9.996393
3.151821 9.982787
3.149191 9.968951
3.147006 9.956555
3.144940 9.942899
3.143005 9.930360
3.141527 9.917867
3.140780 9.905138
3.140357 9.892464
3.140091 9.880441
3.140192 9.867309
3.140113 9.855066
3.140207 9.843183
3.140605 9.831818
3.140952 9.820268
3.141277 9.808844
3.141974 9.795430
3.142410 9.784626
3.143103 9.772962
3.143893 9.761770
3.144553 9.748649
3.145193 9.736725
3.145974 9.725587
3.146738 9.714366
3.147570 9.701932
3.148184 9.690170
3.148826 9.678432
3.149447 9.667008
3.150101 9.655023
3.150793 9.642686
3.151437 9.630426
3.151802 9.623703
3.151802 9.623702
3.151801 9.623703
3.151802 9.623706
3.152239 9.614171
3.152850 9.602695
3.153402 9.590459
3.153918 9.578876
3.154416 9.567162
3.154914 9.553650
3.155304 9.542686
3.155781 9.530722
3.156074 9.517966
3.156344 9.507013
3.156762 9.493624
3.157089 9.482645
3.157432 9.470345
3.157764 9.458251
3.158007 9.446645
3.158229 9.434517
3.158518 9.422780
3.158803 9.410168
3.159029 9.399944
3.159307 9.386763
3.159511 9.374866
3.159732 9.361894
3.159923 9.350810
3.160151 9.337989
3.160319 9.327006
3.160495 9.315342
3.160668 9.303058
3.160833 9.291048
3.161002 9.279058
3.161122 9.266913
3.161253 9.254370
3.161345 9.243378
3.161497 9.231018
3.161568 9.219049
3.161644 9.207469
3.161725 9.195039
3.161795 9.183014
3.161799 9.170876
3.161836 9.158083
3.161858 9.145942
3.161862 9.133760
3.161841 9.122076
3.161843 9.108651
3.161829 9.102324
3.161828 9.102324
3.161828 9.102324
3.161828 9.102324
3.161831 9.094246
3.161834 9.081760
3.161736 9.070024
3.161733 9.057843
3.161713 9.044982
3.161696 9.032917
3.161655 9.019933
3.161652 9.007639
3.161640 8.995924
3.161626 8.984060
3.161612 8.971972
3.161622 8.959876
3.161625 8.947454
3.161635 8.935171
3.161659 8.923351
3.161695 8.911295
3.161736 8.898734
3.161762 8.887094
3.161804 8.874706
3.161852 8.861913
3.161900 8.850631
3.161966 8.839497
3.162014 8.826831
3.162087 8.815134
3.162141 8.802141
3.162198 8.792768
3.162268 8.779074
3.162314 8.766485
3.162352 8.755081
3.162391 8.742826
3.162459 8.730558
3.162450 8.719128
3.162495 8.705615
3.162515 8.693555
3.162524 8.681848
3.162504 8.669484
3.162523 8.659482
3.162519 8.646115
3.162474 8.633590
3.162449 8.621311
3.162420 8.609311
3.162407 8.595939
3.162347 8.584674
3.162356 8.584842
3.162356 8.584842
3.162356 8.584842
3.162357 8.584841
3.162312 8.575050
3.162301 8.562881
3.162215 8.553002
3.162187 8.539572
3.162133 8.526081
3.162111 8.513633
3.162044 8.501777
3.162041 8.489128
3.162024 8.476642
3.161993 8.464828
3.161974 8.452430
3.161976 8.440350
3.162004 8.428106
3.161975 8.416084
3.162000 8.403017
3.162012 8.391650
3.162060 8.379152
3.162060 8.367252
3.162121 8.355945
3.162172 8.343620
3.162199 8.332295
3.162239 8.319800
3.162294 8.306898
3.162347 8.296180
3.162386 8.283890
3.162455 8.271053
3.162483 8.259943
3.162498 8.248309
3.162529 8.234826
3.162568 8.225749
3.162596 8.213341
3.162588 8.199872
3.162599 8.187376
3.162601 8.175403
3.162613 8.161918
3.162565 8.149898
3.162571 8.137503
3.162544 8.126612
3.162498 8.113556
3.162449 8.102072
3.162404 8.088455
3.162372 8.077540
3.162323 8.070205
3.162323 8.070205
3.162323 8.070205
3.162323 8.070205
3.162319 8.069719
3.162267 8.057090
3.162210 8.045461
3.162112 8.032575
3.162081 8.019958
3.162035 8.008556
3.161988 7.996357
3.161948 7.983856
3.161925 7.970351
3.161909 7.959229
3.161862 7.946975
3.161851 7.934773
3.161833 7.922485
3.161832 7.909874
3.161807 7.898275
3.161840 7.885354
3.161853 7.873247
3.161869 7.862781
3.161894 7.849910
3.161943 7.837051
3.161978 7.825011
3.161985 7.814163
3.162029 7.801282
3.162060 7.790455
3.162083 7.778116
3.162088 7.766408
3.162127 7.753021
3.162141 7.741178
3.162147 7.729370
3.162163 7.717777
3.162160 7.705570
3.162175 7.692482
3.162141 7.681078
3.162121 7.668019
3.162102 7.656672
3.162050 7.644891
3.162003 7.632414
3.161972 7.618961
3.161923 7.606964
3.161867 7.594994
3.161817 7.582937
3.161769 7.570519
3.161740 7.558640
3.161727 7.556254
3.161727 7.556254
3.161727 7.556254
3.161727 7.556254
3.161727 7.556254
3.161667 7.550139
3.161608 7.536487
3.161573 7.525038
3.161493 7.513020
3.161456 7.500881
3.161396 7.487273
3.161370 7.476514
3.161318 7.462951
3.161306 7.451876
3.161301 7.441321
3.161272 7.427875
3.161281 7.415011
3.161280 7.404994
3.161305 7.390978
3.161300 7.380615
3.161326 7.367527
3.161350 7.355274
3.161371 7.342340
3.161389 7.330484
3.161419 7.318998
3.161464 7.306568
3.161498 7.294368
3.161527 7.282694
3.161555 7.270988
3.161576 7.259298
3.161602 7.246918
3.161624 7.235248
3.161651 7.222955
3.161647 7.209924
3.161650 7.199201
3.161633 7.186738
3.161628 7.174892
3.161589 7.162875
3.161572 7.150476
3.161531 7.138126
3.161499 7.124870
3.161467 7.115816
3.161418 7.101602
3.161397 7.088727
3.161310 7.076087
3.161269 7.064753
3.161215 7.051680
3.161190 7.040407
3.161191 7.040549
3.161191 7.040550
3.161191 7.040550
3.161191 7.040550
3.161180 7.040558
3.161114 7.034767
3.161058 7.019882
3.160999 7.007122
3.160938 6.995379
3.160897 6.983783
3.160876 6.970739
3.160855 6.958335
3.160841 6.947023
3.160823 6.935863
3.160810 6.923352
3.160804 6.910954
3.160809 6.898845
3.160820 6.885800
3.160821 6.874458
3.160835 6.863156
3.160851 6.850788
3.160848 6.837747
3.160841 6.827078
3.160808 6.814552
3.160796 6.802415
3.160804 6.790365
3.160774 6.778283
3.160705 6.766619
3.160639 6.754604
3.160581 6.742538
3.160476 6.729965
3.160359 6.718610
3.160254 6.706563
3.160151 6.694095
3.160034 6.681455
3.159918 6.669267
3.159803 6.656458
3.159761 6.644372
3.159681 6.632812
3.159589 6.620352
3.159530 6.607744
3.159422 6.595723
3.159326 6.582230
3.159248 6.571410
3.159157 6.558473
3.159016 6.545788
3.158902 6.533920
3.158836 6.522866
3.158841 6.523036
3.158841 6.523036
3.158842 6.523036
3.158842 6.523036
3.158772 6.516857
3.158657 6.504581
3.158529 6.492342
3.158434 6.481656
3.158295 6.468859
3.158217 6.456335
3.158113 6.445054
3.158004 6.431278
3.157902 6.420094
3.157831 6.406739
3.157729 6.395063
3.157648 6.384098
3.157562 6.370549
3.157500 6.359125
3.157421 6.346861
3.157336 6.335444
3.157290 6.322804
3.157216 6.311438
3.157168 6.298986
3.157096 6.286217
3.157051 6.274853
3.156954 6.262041
3.156878 6.250524
3.156835 6.239329
3.156753 6.227104
3.156656 6.214981
3.156548 6.202754
3.156482 6.190319
3.156362 6.178678
3.156255 6.165993
3.156145 6.154368
3.156033 6.143726
3.155884 6.128773
3.155747 6.116514
3.155624 6.104107
3.155488 6.091523
3.155355 6.080563
3.155184 6.067515
3.155069 6.054687
3.154917 6.042833
3.154758 6.031024
3.154622 6.019930
3.154477 6.005655
3.154485 6.005286
3.154485 6.005286
3.154485 6.005286
3.154484 6.005287
3.154484 6.005287
3.154441 6.003462
3.154308 5.991326
3.154166 5.979093
3.154032 5.967406
3.153925 5.955171
3.153807 5.942413
3.153686 5.930963
3.153589 5.918216
3.153522 5.906271
3.153426 5.893919
3.153370 5.882443
3.153309 5.869497
3.153259 5.858450
3.153219 5.846251
3.153166 5.833289
3.153160 5.820861
3.153152 5.809045
3.153145 5.797452
3.153150 5.786028
3.153139 5.772635
3.153127 5.762120
3.153101 5.748817
3.153089 5.738290
3.153040 5.725084
3.153026 5.713156
3.152977 5.700692
3.152956 5.689040
3.152891 5.677520
3.152837 5.664130
3.152782 5.653032
3.152726 5.640133
3.152659 5.628906
3.152574 5.615673
3.152511 5.602882
3.152400 5.590837
3.152333 5.579391
3.152251 5.567030
3.152142 5.553400
3.152031 5.541040
3.151932 5.529612
3.151840 5.518385
3.151779 5.505530
3.151700 5.492990
3.151690 5.490445
3.151690 5.490446
3.151690 5.490445
3.151690 5.490445
3.151604 5.480915
3.151551 5.468908
3.151458 5.457092
3.151384 5.445732
3.151295 5.431781
3.151222 5.419981
3.151129 5.407344
3.151013 5.396275
3.150950 5.384110
3.150847 5.370922
3.150762 5.361519
3.150650 5.347387
3.150604 5.336147
3.150510 5.324074
3.150437 5.310664
3.150386 5.298950
3.150335 5.286819
3.150280 5.274664
3.150198 5.262838
3.150161 5.250594
3.150060 5.238942
3.149991 5.230227
3.149913 5.214989
3.149865 5.203213
3.149741 5.189735
3.149673 5.181268
3.149594 5.167139
3.149500 5.154561
3.149396 5.141356
3.149339 5.129741
3.149282 5.117521
3.149240 5.104359
3.149178 5.091847
3.149113 5.080148
3.149030 5.069686
3.148941 5.056097
3.148856 5.043754
3.148737 5.031925
3.148661 5.019330
3.148559 5.006164
3.148480 4.993654
3.148424 4.981441
3.148362 4.973235
3.148362 4.973235
3.148362 4.973235
3.148362 4.973234
3.148346 4.965666
3.148271 4.952809
3.148233 4.940933
3.148182 4.930041
3.148145 4.917101
3.148112 4.903865
3.148071 4.891933
3.148065 4.880034
3.148037 4.868621
3.148005 4.855983
3.147954 4.844270
3.147931 4.831994
3.147892 4.819595
3.147852 4.807477
3.147813 4.796665
3.147775 4.783333
3.147725 4.771335
3.147701 4.763301
3.147640 4.747536
3.147590 4.735609
3.147522 4.723669
3.147454 4.711773
3.147415 4.700367
3.147309 4.688521
3.147213 4.675714
3.147132 4.664291
3.147030 4.651848
3.146915 4.638924
3.146769 4.626176
3.146667 4.613750
3.146533 4.602308
3.146386 4.589207
3.146242 4.576916
3.146146 4.564956
3.145975 4.552189
3.145833 4.541619
3.145674 4.528480
3.145561 4.516130
3.145426 4.503697
3.145267 4.490633
3.145176 4.479156
3.145013 4.466158
3.144799 4.455513
3.144809 4.455694
3.144809 4.455694
3.144809 4.455694
3.144809 4.455694
3.144742 4.449877
3.144553 4.438896
3.144364 4.426178
3.144213 4.413542
3.144061 4.401504
3.143812 4.389098
3.143647 4.376519
3.143482 4.364968
3.143282 4.352359
3.143098 4.340821
3.142941 4.328076
3.142791 4.316533
3.142620 4.304149
3.142496 4.292281
3.142364 4.279836
3.142252 4.268237
3.142101 4.255713
3.142019 4.244968
3.141854 4.231804
3.141593 4.220477
3.141423 4.207394
3.141286 4.194835
3.141158 4.182650
3.141022 4.171498
3.140867 4.159338
3.140729 4.146522
3.140581 4.134017
3.140294 4.123407
3.140090 4.109317
3.139968 4.098606
3.139758 4.084731
3.139591 4.073498
3.139446 4.060550
3.139298 4.048979
3.139133 4.035993
3.138986 4.023282
3.138869 4.011613
3.138804 3.998345
3.138656 3.986294
3.138566 3.975197
3.138445 3.961588
3.138339 3.950482
3.138240 3.937969
3.138230 3.937871
3.138221 3.937865
3.138201 3.937851
3.138173 3.937831
3.138145 3.937811
3.138392 3.929054
3.137895 3.916760
3.137938 3.904415
3.138574 3.891716
3.138084 3.879328
3.138134 3.866857
3.138294 3.855143
3.140387 3.842288
3.142887 3.830080
3.145411 3.818815
3.147527 3.809361
3.150158 3.798056
3.152728 3.787151
3.155343 3.776459
3.157862 3.766928
3.160391 3.756453
3.163071 3.745056
3.165559 3.736384
3.168948 3.725415
3.172570 3.714074
3.175012 3.706171
3.179681 3.692678
3.183623 3.682246
3.186745 3.672393
3.190196 3.662654
3.194447 3.650676
3.197204 3.641527
3.200644 3.632034
3.204658 3.622583
3.208554 3.612695
3.212538 3.604483
3.217736 3.594401
3.222589 3.585818
3.228157 3.577132
3.232960 3.569624
3.238441 3.560449
3.244087 3.551490
3.248899 3.544293
3.254977 3.536251
3.260524 3.529138
3.266001 3.522337
3.272637 3.514423
3.278820 3.507596
3.285222 3.500686
3.289586 3.496150
3.297799 3.487661
3.303459 3.482132
3.310677 3.475260
3.316912 3.469440
3.323501 3.463466
3.330036 3.457671
3.335935 3.452338
3.343555 3.445797
3.349262 3.441224
3.356458 3.435576
3.363678 3.430579
3.370741 3.425233
3.377749 3.420477
3.384872 3.416022
3.390820 3.412062
3.398146 3.407750
3.405689 3.403583
3.413169 3.399504
3.420782 3.395517
3.428585 3.391333
3.435786 3.387753
3.443275 3.384323
3.451058 3.380892
3.457498 3.377980
3.465887 3.373970
3.472543 3.371099
3.481129 3.367832
3.487973 3.365142
3.495982 3.362148
3.502124 3.360046
3.500934 3.360382
3.494901 3.362474
3.488085 3.366065
3.478523 3.370987
3.471382 3.373941
3.464102 3.376603
3.456547 3.379775
3.448471 3.383657
3.441169 3.387238
3.433996 3.391350
3.426199 3.396368
3.419850 3.400664
3.412241 3.405821
3.404764 3.411337
3.398647 3.416149
3.390821 3.422728
3.384422 3.428393
3.377856 3.434444
3.371649 3.440498
3.365520 3.446567
3.358693 3.454067
3.353808 3.459407
3.346174 3.467819
3.340317 3.474334
3.334557 3.480916
3.327987 3.488569
3.322268 3.495667
3.317074 3.501880
3.310833 3.509810
3.305331 3.517206
3.300470 3.524003
3.295159 3.531203
3.289984 3.538500
3.284409 3.547007
3.278988 3.555360
3.274061 3.563368
3.269145 3.571665
3.264549 3.579189
3.259986 3.587499
3.255443 3.595809
3.250817 3.604085
3.246508 3.612227
3.242063 3.621225
3.238739 3.628798
3.234318 3.638338
3.230330 3.647446
3.226514 3.656456
3.222981 3.664878
3.218782 3.675129
3.215241 3.684339
3.211610 3.694143
3.207828 3.704075
3.205262 3.710912
3.201240 3.721534
3.198205 3.731029
3.194698 3.741879
3.191525 3.750776
3.188146 3.760934
3.184901 3.770858
3.181958 3.780163
3.178876 3.789776
3.175450 3.800083
3.172335 3.810909
3.169601 3.819589
3.166600 3.829736
3.163737 3.840080
3.160838 3.850549
3.158235 3.861112
3.155795 3.871585
3.153409 3.882062
3.150848 3.893040
3.148672 3.903894
3.146418 3.914595
3.147994 3.908216
3.151315 3.893565
3.153875 3.882104
3.156141 3.870961
3.158644 3.859900
3.160610 3.850533
3.163752 3.837843
3.166412 3.826618
3.168929 3.815346
3.171684 3.804444
3.174752 3.793250
3.178104 3.782040
3.180967 3.771687
3.184091 3.761887
3.187599 3.751612
3.191055 3.740958
3.194261 3.730993
3.197841 3.719908
3.200932 3.710747
3.204713 3.700014
3.208814 3.688899
3.212145 3.679383
3.215720 3.670850
3.219851 3.661201
3.224480 3.650627
3.228857 3.641344
3.232503 3.632287
3.236195 3.624543
3.240583 3.615912
3.245169 3.606335
3.250131 3.597414
3.255349 3.588420
3.259847 3.580373
3.264908 3.571662
3.270040 3.562943
3.274961 3.554731
3.279593 3.547407
3.285408 3.538210
3.289932 3.531188
3.295752 3.522284
3.301029 3.514406
3.306802 3.505816
3.312155 3.498000
3.317614 3.490293
3.323334 3.482216
3.328930 3.474508
3.332950 3.469017
3.339838 3.459733
3.345241 3.452561
3.351719 3.444067
3.357374 3.436700
3.363405 3.429088
3.368829 3.422151
3.374826 3.414435
3.380568 3.406959
3.386242 3.399965
3.391045 3.394181
3.397944 3.385816
3.404883 3.377871
3.411163 3.370625
3.416577 3.364489
3.422795 3.357530
3.428796 3.350769
3.435212 3.343576
3.441271 3.336879
3.447813 3.329789
3.454324 3.322910
3.460406 3.316609
3.466273 3.310786
3.472651 3.304679
3.479380 3.298568
3.486858 3.292076
3.492361 3.287446
3.499266 3.281738
3.506806 3.276778
3.513348 3.272141
3.521070 3.266663
3.527923 3.262122
3.534963 3.257420
3.541901 3.252825
3.549276 3.248824
3.556449 3.244784
3.564149 3.240435
3.571582 3.236188
3.578384 3.232276
3.586627 3.228148
3.594101 3.224089
3.600954 3.220361
3.607336 3.216805
3.615807 3.212883
3.624163 3.208974
3.630398 3.205817
3.638777 3.201890
3.645935 3.198472
3.652984 3.195138
3.660832 3.191391
3.668227 3.188134
3.676409 3.184438
3.683852 3.181314
3.691305 3.178353
3.698868 3.175210
3.706434 3.172168
3.714095 3.169048
3.722054 3.165955
3.729193 3.163334
3.737341 3.160401
3.745235 3.157421
3.752993 3.154587
3.760959 3.151874
3.768734 3.149350
3.775503 3.147086
3.782113 3.144843
3.792173 3.141574
3.799987 3.138803
3.808209 3.135937
3.816197 3.133477
3.824013 3.131113
3.831646 3.128871
3.839303 3.126689
3.847013 3.124562
3.854844 3.122398
3.863346 3.120245
3.871164 3.118266
3.880023 3.116062
3.887137 3.114378
3.894995 3.112463
3.903132 3.110466
3.911334 3.108313
3.919206 3.106354
3.927671 3.104269
3.936166 3.102049
3.943414 3.100028
3.951577 3.097519
3.959665 3.095229
3.968093 3.092833
3.976220 3.090149
3.983983 3.087889
3.992229 3.085254
4.000613 3.082644
4.008417 3.079850
4.016696 3.076949
4.024818 3.073875
4.032103 3.071200
4.040071 3.067942
4.047893 3.064715
4.055463 3.062042
4.062253 3.059252
4.068925 3.057050
4.076698 3.053898
4.085164 3.050334
4.093667 3.046782
4.101170 3.043643
4.108641 3.040642
4.116360 3.037380
4.123581 3.034428
4.131395 3.031154
4.139019 3.028188
4.146767 3.025178
4.154891 3.022072
4.163049 3.018916
4.170856 3.015937
4.178711 3.013012
4.186484 3.010333
4.193182 3.007944
4.200902 3.005230
4.208869 3.002542
4.217513 2.999437
4.224349 2.997102
4.232575 2.994613
4.238957 2.992533
4.248210 2.989434
4.256979 2.987130
4.264864 2.984912
4.272429 2.982826
4.280127 2.980809
4.288791 2.978540
4.296812 2.976528
4.302514 2.975189
4.312679 2.972896
4.320807 2.971143
4.328841 2.969662
4.337029 2.968015
4.345153 2.966565
4.352828 2.965093
4.361516 2.963790
4.369358 2.962406
4.377354 2.961015
4.385707 2.959709
4.393648 2.958371
4.401377 2.957153
4.409548 2.956009
4.417950 2.954575
4.425925 2.953265
4.433908 2.952203
4.441966 2.951243
4.449577 2.950341
4.455530 2.949536
4.466033 2.948175
4.473754 2.947143
4.481936 2.945967
4.489341 2.945170
4.497478 2.944131
4.506461 2.942986
4.514577 2.941941
4.522057 2.941012
4.530548 2.940135
4.538682 2.939193
4.546965 2.938381
4.554542 2.937723
4.562386 2.936935
4.570142 2.936535
4.579006 2.935709
4.587364 2.934965
4.595020 2.934281
4.602478 2.933773
4.611271 2.933412
4.617298 2.932923
4.627484 2.932265
4.635718 2.931750
4.643895 2.931481
4.651690 2.931001
4.657636 2.930644
4.668030 2.930233
4.676328 2.930353
4.683795 2.930393
4.692094 2.930197
4.700237 2.929880
4.708113 2.929725
4.716690 2.929403
4.724956 2.929123
4.733502 2.928788
4.741446 2.928524
4.749538 2.928430
4.757559 2.928464
4.765997 2.928281
4.774200 2.928036
4.783120 2.927817
4.790745 2.927621
4.798703 2.927434
4.806964 2.927210
4.816090 2.926993
4.823301 2.926802
4.832115 2.926620
4.839852 2.926425
4.848070 2.926259
4.857172 2.926072
4.865012 2.925917
4.873788 2.925735
4.882060 2.925575
4.889260 2.925445
4.898370 2.925252
4.905344 2.925102
4.913792 2.924923
4.922699 2.924785
4.930575 2.924620
4.939372 2.924456
4.947533 2.924247
4.954745 2.924153
4.962974 2.924004
4.971158 2.923907
4.979536 2.923729
4.988192 2.923632
4.996447 2.923527
5.003491 2.923482
5.011778 2.923400
5.019890 2.923343
5.028158 2.923317
5.036098 2.923275
5.044978 2.923232
5.053338 2.923194
5.060801 2.923165
5.069448 2.923148
5.077620 2.923145
5.084810 2.923135
5.093806 2.923122
5.101723 2.923134
5.109253 2.923147
5.118177 2.923167
5.124545 2.923163
5.134241 2.923219
5.141953 2.923245
5.149862 2.923284
5.156387 2.923295
5.166319 2.923344
5.174868 2.923342
5.182702 2.923331
5.191316 2.923349
5.198969 2.923363
5.207710 2.923346
5.215382 2.923364
5.224096 2.923392
5.230649 2.923456
5.240055 2.923454
5.248319 2.923525
5.255319 2.923558
5.264346 2.923660
5.272871 2.923666
5.281249 2.923759
5.289243 2.923820
5.295922 2.923873
5.305962 2.923857
5.314437 2.923920
5.321021 2.923945
5.330753 2.923992
5.339192 2.924025
5.346802 2.924086
5.355429 2.924118
5.363734 2.924131
5.371781 2.924169
5.380145 2.924237
5.388423 2.924265
5.396381 2.924306
5.405150 2.924379
5.413067 2.924435
5.421281 2.924463
5.429705 2.924490
5.438086 2.924546
5.445938 2.924590
5.453754 2.924635
5.461827 2.924668
5.468192 2.924744
5.478534 2.924815
5.486102 2.924855
5.494814 2.924841
5.502526 2.924908
5.511056 2.924926
5.518716 2.924977
5.526977 2.924997
5.533702 2.925064
5.542906 2.925070
5.551363 2.925035
5.559137 2.924891
5.567629 2.924881
5.576060 2.924845
5.584013 2.924859
5.592343 2.924864
5.600447 2.924911
5.607784 2.924830
5.614744 2.924715
5.624057 2.924637
5.632178 2.924641
5.641111 2.924608
5.648783 2.924534
5.656460 2.924516
5.664704 2.924497
5.673697 2.924492
5.681440 2.924533
5.689899 2.924529
5.698288 2.924545
5.706217 2.924468
5.713672 2.924477
5.720474 2.924404
5.731029 2.924359
5.737598 2.924356
5.747320 2.924391
5.755543 2.924361
5.763138 2.924371
5.771192 2.924412
5.780473 2.924441
5.786974 2.924450
5.794872 2.924444
5.804533 2.924501
5.812941 2.924539
5.821009 2.924581
5.829566 2.924600
5.838064 2.924654
5.846382 2.924692
5.854521 2.924760
5.862090 2.924810
5.871088 2.924884
5.877147 2.924933
5.885041 2.925017
5.893576 2.925029
5.903900 2.925082
5.911908 2.925129
5.919811 2.925157
5.928168 2.925170
5.936510 2.925196
5.944772 2.925137
5.952821 2.925067
5.961102 2.925006
5.969237 2.924972
5.977151 2.924911
5.985769 2.924882
5.993443 2.924840
5.999690 2.924795
6.009192 2.924757
6.018040 2.924758
6.026237 2.924718
6.033940 2.924706
6.042085 2.924716
6.050056 2.924731
6.058697 2.924731
6.066708 2.924763
6.074844 2.924769
6.082109 2.924805
6.090714 2.924827
6.098649 2.924857
6.106884 2.924877
6.115695 2.924898
6.123622 2.924905
6.130890 2.924831
6.138965 2.924809
6.148172 2.924723
6.155813 2.924680
6.163983 2.924628
6.171711 2.924614
6.179871 2.924552
6.188220 2.924481
6.196162 2.924453
6.205056 2.924457
6.213411 2.924390
6.220592 2.924366
6.229652 2.924324
6.236930 2.924361
6.245360 2.924287
6.254035 2.924250
6.262508 2.924204
6.270954 2.924172
6.278169 2.924116
6.287267 2.924048
6.293494 2.924001
6.303705 2.923919
6.312057 2.924115
6.319942 2.924110
6.328444 2.924048
6.335845 2.924022
6.344535 2.923961
6.353130 2.923916
6.359385 2.923867
6.368021 2.923714
6.377138 2.923683
6.385658 2.923638
6.394079 2.923591
6.402461 2.923532
6.410040 2.923501
6.413744 2.923491
6.413727 2.923516
6.413713 2.923535
6.424456 2.923490
6.432763 2.923416
6.441326 2.923340
6.448986 2.923293
6.457608 2.923209
6.465034 2.923133
6.473106 2.923049
6.481534 2.922984
6.489080 2.922912
6.497438 2.922912
6.504665 2.922862
6.514483 2.922811
6.522676 2.922784
6.530501 2.922729
6.538015 2.922706
6.546865 2.922655
6.552841 2.922639
6.562703 2.922576
6.571256 2.922539
6.578575 2.922482
6.586761 2.922458
6.594725 2.922425
6.602758 2.922375
6.609224 2.922347
6.619870 2.922328
6.627267 2.922306
6.636194 2.922271
6.644228 2.922228
6.652348 2.922225
6.660487 2.922205
6.668535 2.922152
6.676994 2.922120
6.685157 2.922127
6.693324 2.922104
6.701231 2.922048
6.708612 2.922044
6.716791 2.922026
6.725049 2.922002
6.733130 2.921976
6.741459 2.921991
6.750367 2.921969
6.758749 2.921951
6.766875 2.921930
6.774840 2.921940
6.782801 2.921912
6.791436 2.921887
6.798931 2.921888
6.807242 2.921922
6.815443 2.921899
6.824206 2.921912
6.832804 2.921914
6.840212 2.921950
6.848479 2.921910
6.855784 2.921942
6.864665 2.921925
6.873131 2.921940
6.881603 2.921901
6.889739 2.921925
6.897615 2.921917
6.905725 2.921907
6.914917 2.921877
6.922388 2.921917
6.931363 2.921893
6.938548 2.921870
6.947510 2.921852
6.955846 2.921872
6.963842 2.921851
6.971497 2.921815
6.980271 2.921795
6.987897 2.921777
6.996705 2.921757
7.004756 2.921743
7.012220 2.921744
7.020166 2.921734
7.028636 2.921729
7.036649 2.921704
7.044591 2.921705
7.053479 2.921698
7.060929 2.921675
7.067183 2.921650
7.076802 2.921683
7.085146 2.921682
7.093429 2.921712
7.102167 2.921689
7.109493 2.921712
7.117595 2.921682
7.125691 2.921649
7.133671 2.921626
7.142345 2.921617
7.150870 2.921570
7.158928 2.921515
7.166336 2.921493
7.174530 2.921504
7.183395 2.921450
7.190954 2.921427
7.197635 2.921409
7.207366 2.921364
7.215622 2.921397
7.223960 2.921387
7.231740 2.921354
7.240257 2.921337
7.249049 2.921411
7.256845 2.921479
7.264477 2.921454
7.273266 2.921476
7.281023 2.921438
7.289229 2.921476
7.298197 2.921504
7.306098 2.921487
7.314013 2.921459
7.322345 2.921451
7.330158 2.921517
7.339024 2.921486
7.347667 2.921476
7.355777 2.921478
7.363816 2.921500
7.371518 2.921464
7.380464 2.921537
7.388524 2.921538
7.396288 2.921542
7.404418 2.921530
7.412508 2.921581
7.420732 2.921587
7.428840 2.921576
7.438005 2.921573
7.445095 2.921585
7.453514 2.921546
7.462068 2.921561
7.468985 2.921553
7.478438 2.921564
7.486904 2.921527
7.494783 2.921521
7.502642 2.921489
7.511138 2.921461
7.518519 2.921428
7.527605 2.921383
7.534794 2.921350
7.543827 2.921262
7.551198 2.921272
7.559245 2.921255
7.567261 2.921214
7.575527 2.921132
7.583644 2.921108
7.591642 2.921129
7.599761 2.921168
7.608472 2.921154
7.616175 2.921206
7.624269 2.921259
7.633084 2.921256
7.640161 2.921253
7.649201 2.921231
7.656480 2.921234
7.664778 2.921229
7.673193 2.921203
7.680825 2.921289
7.689223 2.921304
7.697976 2.921298
7.705491 2.921273
7.714488 2.921263
7.720990 2.921253
7.728921 2.921241
7.738175 2.921384
7.746382 2.921660
7.754853 2.921783
7.763580 2.921819
7.770885 2.921851
7.779996 2.921922
7.787950 2.921948
7.796598 2.921968
7.803804 2.922041
7.813116 2.922142
7.820664 2.922166
7.828907 2.922221
7.836968 2.922256
7.845911 2.922315
7.853543 2.922331
7.862279 2.922354
7.870797 2.922371
7.878163 2.922373
7.886476 2.922382
7.894788 2.922374
7.903757 2.922398
7.910801 2.922362
7.918451 2.922373
7.927565 2.922296
7.935864 2.922255
7.944024 2.922237
7.952213 2.922223
7.960415 2.922156
7.969198 2.922119
7.975716 2.922112
7.985043 2.922113
7.991566 2.922096
8.001199 2.922064
8.009304 2.922055
8.017158 2.922015
8.025635 2.921964
8.034288 2.921915
8.042412 2.921855
8.049916 2.921832
8.058691 2.921794
8.066782 2.921763
8.074923 2.921747
8.082411 2.921698
8.090227 2.921674
8.099249 2.921630
8.106860 2.921598
8.115335 2.921510
8.123765 2.921450
8.131639 2.921387
8.139910 2.921335
8.148088 2.921315
8.156223 2.921372
8.163825 2.921422
8.172280 2.921422
8.180333 2.921396
8.188768 2.921413
8.196863 2.921392
8.204337 2.921371
8.212405 2.921312
8.221447 2.921422
8.229648 2.921406
8.237805 2.921407
8.245278 2.921405
8.253801 2.921483
8.261845 2.921500
8.269895 2.921519
8.277290 2.921520
8.286410 2.921550
8.294721 2.921533
8.302898 2.921531
8.310993 2.921548
8.319948 2.921561
8.328275 2.921599
8.335731 2.921604
8.344051 2.921621
8.352468 2.921625
8.361472 2.921581
8.369515 2.921629
8.377901 2.921654
8.385282 2.921654
8.392349 2.921661
8.401460 2.921651
8.410395 2.921638
8.418775 2.921598
8.426986 2.921604
8.435122 2.921597
8.443593 2.921595
8.450868 2.921539
8.459628 2.921548
8.467879 2.921545
8.476105 2.921543
8.484006 2.921483
8.492361 2.921477
8.499746 2.921443
8.507551 2.921570
8.514553 2.921570
8.524323 2.921600
8.532944 2.921600
8.540925 2.921613
8.549143 2.921587
8.557171 2.921556
8.564550 2.921555
8.572874 2.921666
8.580787 2.921763
8.589901 2.921822
8.597598 2.921823
8.605144 2.921919
8.613888 2.922005
8.621550 2.921970
8.630354 2.921996
8.638061 2.922033
8.646495 2.922051
8.654595 2.922088
8.661912 2.922082
8.670382 2.922087
8.678595 2.922103
8.687057 2.922107
8.694560 2.922071
8.702793 2.922128
8.711845 2.922141
8.719066 2.922132
8.727440 2.922117
8.736431 2.922128
8.744056 2.922113
8.752821 2.922082
8.760864 2.922043
8.769072 2.922143
8.776805 2.922176
8.784685 2.922163
8.793013 2.922183
8.801995 2.922245
8.810040 2.922282
8.818291 2.922345
8.826766 2.922400
8.834534 2.922442
8.842995 2.922469
8.850567 2.922460
8.859347 2.922528
8.868033 2.922535
8.875599 2.922629
8.882341 2.922630
8.891582 2.922708
8.900713 2.922701
8.908422 2.922750
8.917012 2.922757
8.924523 2.922837
8.932692 2.922829
8.941668 2.922870
8.948951 2.922873
8.956192 2.922883
8.965405 2.922883
8.974216 2.922882
8.981926 2.922857
8.990124 2.922844
8.998841 2.922812
9.006886 2.922840
9.013272 2.923006
9.022443 2.923028
9.030887 2.923035
9.038547 2.923027
9.047297 2.923048
9.055726 2.923037
9.063745 2.923028
9.071066 2.923018
9.079150 2.923013
9.087413 2.922968
9.095503 2.923023
9.102015 2.922996
9.112222 2.923002
9.119777 2.922961
9.128586 2.922944
9.136861 2.922909
9.144197 2.922875
9.152473 2.922808
9.160527 2.922759
9.169274 2.922768
9.177434 2.922728
9.184878 2.922840
9.193725 2.922820
9.201196 2.922790
9.210182 2.922795
9.218496 2.922768
9.226799 2.922721
9.234724 2.922691
9.242825 2.922734
9.250414 2.922725
9.259581 2.922677
9.266975 2.922653
9.275515 2.922639
9.283650 2.922608
9.292391 2.922538
9.298450 2.922546
9.308839 2.922491
9.317273 2.922603
9.324499 2.922575
9.333687 2.922563
9.341970 2.922549
9.349231 2.922532
9.357930 2.922511
9.365653 2.922513
9.374856 2.922473
9.380978 2.922445
9.391081 2.922374
9.399442 2.922358
9.406104 2.922325
9.415858 2.922277
9.424185 2.922223
9.432368 2.922192
9.439967 2.922007
9.448862 2.921955
9.456448 2.921899
9.464520 2.921876
9.472425 2.921809
9.481598 2.921795
9.488819 2.921810
9.497433 2.921782
9.505096 2.921765
9.513806 2.921728
9.521457 2.921702
9.529341 2.921693
9.538571 2.921670
9.546767 2.921661
9.554136 2.921640
9.562188 2.921590
9.570934 2.921570
9.579061 2.921540
9.587028 2.921506
9.595109 2.921424
9.603465 2.921382
9.610667 2.921450
9.618716 2.921594
9.627776 2.921680
9.635022 2.921709
9.641647 2.921769
9.652020 2.921860
9.660129 2.921900
9.668379 2.921864
9.675567 2.921908
9.683776 2.921916
9.692426 2.921932
9.700571 2.921947
9.708871 2.921965
9.716465 2.921938
9.725312 2.921948
9.733588 2.921968
9.739662 2.921958
9.749796 2.921959
9.757682 2.922078
9.765635 2.922099
9.774372 2.922171
9.782043 2.922223
9.791125 2.922340
9.798217 2.922452
9.806950 2.922525
9.815687 2.922629
9.823209 2.922664
9.831449 2.922723
9.840303 2.922767
9.847662 2.922836
9.856809 2.922890
9.864180 2.922999
9.872342 2.923063
9.880060 2.923149
9.889070 2.923193
9.897985 2.923234
9.906052 2.923276
9.914238 2.923326
9.917349 2.923326
9.917335 2.923306
9.917320 2.923287
9.923139 2.923311
9.935272 2.923334
9.942191 2.923315
9.948717 2.923354
9.957914 2.923374
9.966145 2.923359
9.974312 2.923356
9.982577 2.923352
9.990644 2.923359
9.999685 2.923327
10.007495 2.923311
10.015862 2.923263
10.022027 2.923240
10.031807 2.923193
10.039312 2.923169
10.048448 2.923100
10.055675 2.923077
10.063564 2.922985
10.072533 2.922975
10.080564 2.922940
10.088801 2.922929
10.096731 2.922844
10.105279 2.922850
10.113450 2.922821
10.120615 2.922789
10.128656 2.922735
10.136863 2.922721
10.144952 2.922717
10.153688 2.922709
10.161447 2.922664
10.170345 2.922655
10.178085 2.922639
10.186629 2.922607
10.194292 2.922573
10.202558 2.922554
10.210862 2.922504
10.219287 2.922479
10.227312 2.922478
10.235526 2.922523
10.242943 2.922616
10.251610 2.922728
10.259368 2.922790
10.267551 2.922886
10.275513 2.922946
10.283703 2.923025
10.292840 2.923051
10.300128 2.923131
10.309309 2.923196
10.316766 2.923266
10.325387 2.923334
10.333306 2.923392
10.339883 2.923433
10.349681 2.923526
10.358645 2.923683
10.366510 2.923866
10.375102 2.923985
10.383188 2.924108
10.389609 2.924183
10.399198 2.924333
10.407311 2.924437
10.416348 2.924534
10.424545 2.924561
10.432481 2.924672
10.440632 2.924726
10.441842 2.924699
10.441858 2.924676
10.441872 2.924659
10.442793 2.924661
10.454987 2.924773
10.461246 2.924801
10.471040 2.924891
10.478114 2.924929
10.487099 2.924981
10.494302 2.925030
10.503520 2.925078
10.511084 2.925105
10.519821 2.925130
10.527778 2.925170
10.536128 2.925185
10.544407 2.925177
10.552017 2.925195
10.559648 2.925207
10.568469 2.925185
10.575699 2.925195
10.584696 2.925179
10.591016 2.925175
10.600911 2.925136
10.607172 2.925091
10.616604 2.925030
10.625331 2.925027
10.633659 2.924971
10.640984 2.924948
10.649884 2.924894
10.657928 2.924893
10.665922 2.924824
10.674033 2.924798
10.682528 2.924750
10.689837 2.924731
10.698664 2.924675
10.706697 2.924673
10.713449 2.924622
10.722536 2.924602
10.730426 2.924551
10.739438 2.924539
10.747752 2.924467
10.755795 2.924469
10.764301 2.924412
10.772341 2.924392
10.780309 2.924350
10.786622 2.924333
10.797055 2.924280
10.804458 2.924245
10.813664 2.924222
10.821565 2.924200
10.829165 2.924160
10.836113 2.924109
10.845883 2.924098
10.853901 2.924062
10.862211 2.924033
10.870650 2.923973
10.878859 2.923958
10.886813 2.923912
10.896045 2.923883
10.903538 2.923826
10.911551 2.923832
10.919688 2.923730
10.928313 2.923731
10.936663 2.923651
10.944466 2.923659
10.952707 2.923568
10.961214 2.923526
10.969156 2.923514
10.977706 2.923492
10.985628 2.923419
10.993686 2.923403
11.001937 2.923360
11.009945 2.923321
11.017975 2.923244
11.026465 2.923221
11.034539 2.923165
11.042217 2.923122
11.050797 2.923041
11.059162 2.923015
11.066922 2.922943
11.075104 2.922888
11.083126 2.922807
11.090664 2.922765
11.099160 2.922668
11.108149 2.922559
11.115899 2.922440
11.123398 2.922342
11.131632 2.922292
11.139690 2.922266
11.146309 2.922339
11.156001 2.922277
11.164192 2.922210
11.172235 2.922162
11.180453 2.922100
11.188435 2.922074
11.196968 2.922016
11.204683 2.921943
11.212988 2.921923
11.221256 2.921900
11.229367 2.921986
11.238004 2.922001
11.245792 2.922009
11.254395 2.921973
11.262064 2.922016
11.269130 2.921979
11.278627 2.922032
11.287235 2.922082
11.295138 2.922235
11.303267 2.922254
11.311249 2.922288
11.319460 2.922310
11.328084 2.922608
11.336699 2.922645
11.344284 2.922704
11.352506 2.922755
11.360767 2.922801
11.369006 2.922804
11.376989 2.922867
11.385592 2.922877
11.394137 2.922899
11.402054 2.922929
11.410325 2.922971
11.418809 2.922953
11.426751 2.922965
11.434797 2.922956
11.443183 2.922953
11.450957 2.922945
11.459872 2.922938
11.468102 2.922899
11.476232 2.922858
11.484750 2.922828
11.492555 2.922786
11.500745 2.922724
11.508236 2.922639
11.517202 2.922608
11.524744 2.922539
11.532683 2.922462
11.541340 2.922386
11.549155 2.922336
11.558107 2.922213
11.565739 2.922121
11.573841 2.922039
11.581967 2.921983
11.589846 2.921906
11.597961 2.921812
11.606058 2.921794
11.614226 2.921762
11.622262 2.921666
11.630428 2.921594
11.638329 2.921524
11.646321 2.921477
11.654904 2.921355
11.662786 2.921399
11.671090 2.921336
11.678887 2.921304
11.687181 2.921237
11.695370 2.921447
11.701863 2.921419
11.710471 2.921398
11.720366 2.921334
11.728466 2.921492
11.736218 2.921468
11.744168 2.921456
11.753210 2.921435
11.760737 2.921524
11.769653 2.921530
11.777802 2.921560
11.785769 2.921546
11.793838 2.921584
11.802164 2.921561
11.809958 2.921628
11.818889 2.921664
11.826968 2.921770
11.835099 2.921807
11.843534 2.921822
11.851614 2.921863
11.859782 2.921887
11.867731 2.921892
11.876218 2.921880
11.884998 2.921903
11.892075 2.921890
11.901282 2.921871
11.909386 2.921801
11.917616 2.921837
11.926271 2.921835
11.933987 2.921849
11.941615 2.921814
11.949949 2.921812
11.956203 2.921793
11.966350 2.921911
11.974985 2.922033
11.983082 2.922075
11.990644 2.922080
11.999416 2.922151
12.007841 2.922179
12.015401 2.922258
12.023523 2.922319
12.032246 2.922365
12.040136 2.922373
12.048361 2.922401
12.056257 2.922379
12.064365 2.922412
12.072679 2.922398
12.080576 2.922396
12.088952 2.922357
12.096505 2.922422
12.104811 2.922392
12.112505 2.922363
12.120804 2.922347
12.128866 2.922324
12.137313 2.922272
12.145551 2.922204
12.153882 2.922137
12.161955 2.922133
12.169950 2.922086
12.178257 2.922022
12.186039 2.921997
12.194348 2.922050
12.202247 2.922019
12.210626 2.922000
12.218514 2.921993
12.226927 2.921959
12.235204 2.921897
12.243259 2.921860
12.251475 2.921861
12.259843 2.921818
12.267666 2.921789
12.276008 2.921773
12.284511 2.921830
12.292561 2.921861
12.300777 2.921864
12.308717 2.921880
12.317314 2.921932
12.325233 2.921918
12.333868 2.921935
12.341482 2.921928
12.350152 2.921970
12.358377 2.921960
12.367084 2.921981
12.375067 2.921966
12.383031 2.921966
12.391307 2.921965
12.399839 2.921989
12.407808 2.922003
12.415704 2.922015
12.424161 2.922024
12.432403 2.922060
12.440925 2.922056
12.448795 2.922013
12.457024 2.922005
12.465298 2.922080
12.473553 2.922102
12.481703 2.922121
12.489790 2.922144
12.497490 2.922187
12.506466 2.922212
12.513771 2.922207
12.522493 2.922236
12.530711 2.922233
12.538856 2.922205
12.546931 2.922166
12.554979 2.922139
12.562779 2.922101
12.569831 2.922065
12.579473 2.922004
12.587051 2.921932
12.595678 2.921984
12.603559 2.922185
12.612008 2.922192
12.620174 2.922171
12.628164 2.922141
12.636102 2.922110
12.644068 2.922071
12.650335 2.922025
12.660916 2.921979
12.668572 2.921916
12.676417 2.921867
12.684902 2.921808
12.693517 2.921778
12.701507 2.921719
12.709888 2.921699
12.717547 2.921669
12.726340 2.921950
12.734079 2.921919
12.741838 2.921911
12.750469 2.922024
12.758687 2.922216
12.766443 2.922302
12.775050 2.922315
12.783201 2.922360
12.790958 2.922367
12.799150 2.922398
12.807493 2.922427
12.815887 2.922444
12.824356 2.922467
12.832293 2.922455
12.841023 2.922477
12.849094 2.922566
12.857326 2.922619
12.865368 2.922657
12.873570 2.922696
12.881728 2.922734
12.890012 2.922744
12.898445 2.922756
12.905904 2.922785
12.914965 2.922780
12.923319 2.922751
12.931414 2.922743
12.939558 2.922765
12.947722 2.922765
12.956108 2.922784
12.964149 2.922817
12.972225 2.922829
12.980616 2.922826
12.988738 2.922793
12.995032 2.922807
13.004818 2.922765
13.013083 2.922734
13.021582 2.922661
13.029088 2.922661
13.037426 2.922581
13.045585 2.922517
13.053535 2.922445
13.061459 2.922404
13.069943 2.922295
13.077782 2.922219
13.086120 2.922114
13.094431 2.922072
13.102652 2.921968
13.111041 2.921899
13.118523 2.921866
13.127047 2.921843
13.135051 2.921754
13.143343 2.921720
13.150616 2.921669
13.159482 2.921618
13.167680 2.921529
13.175303 2.921507
13.184237 2.921439
13.191585 2.921402
13.199633 2.921339
13.208326 2.921314
13.216407 2.921278
13.224623 2.921237
13.232809 2.921183
13.239743 2.921146
13.248877 2.921113
13.257305 2.921054
13.265237 2.921033
13.273507 2.921104
13.281912 2.921124
13.288229 2.921091
13.298398 2.921247
13.306830 2.921450
13.314221 2.921492
13.322952 2.921516
13.331080 2.921585
13.338728 2.921695
13.347666 2.921764
13.355684 2.921794
13.364508 2.921869
13.372094 2.921886
13.380816 2.921933
13.388366 2.921932
13.397506 2.922002
13.405366 2.921993
13.413761 2.922010
13.421625 2.921996
13.430202 2.922038
13.438417 2.921999
13.446602 2.922042
13.454823 2.922010
13.462835 2.921998
13.471365 2.922006
13.479443 2.922039
13.486968 2.922069
13.495547 2.922068
13.503980 2.922050
13.512259 2.922109
13.520247 2.922108
13.527709 2.922083
13.536819 2.922069
13.544617 2.922069
13.552635 2.922052
13.561030 2.921999
13.569074 2.921956
13.577011 2.921903
13.585027 2.921850
13.593113 2.921765
13.601343 2.921697
13.609111 2.921632
13.617716 2.921612
13.625751 2.921546
13.633643 2.921513
13.641637 2.921482
13.650185 2.921456
13.658349 2.921391
13.666280 2.921354
13.674881 2.921340
13.682743 2.921374
13.690769 2.921325
13.698679 2.921333
13.707259 2.921349
13.715234 2.921342
13.723548 2.921296
13.731568 2.921318
13.739871 2.921275
13.747660 2.921372
13.756002 2.921366
13.764725 2.921454
13.772063 2.921425
13.781183 2.921492
13.789105 2.921495
13.797595 2.921595
13.805625 2.921605
13.813921 2.921681
13.821815 2.921749
13.829705 2.921836
13.838736 2.921913
13.846839 2.922004
13.854546 2.922095
13.862954 2.922187
13.871459 2.922254
13.879919 2.922346
13.887861 2.922450
13.895400 2.922527
13.904636 2.922609
13.912107 2.922701
13.920292 2.922777
13.929288 2.922834
13.936596 2.922893
13.944770 2.922945
13.953053 2.923000
13.955389 2.922997
13.955389 2.922996
13.955388 2.922996
13.955389 2.922996
13.961923 2.923001
13.971605 2.923101
13.979758 2.923143
13.987512 2.923156
13.995609 2.923132
14.004297 2.923128
14.012221 2.923116
14.019979 2.923119
14.028283 2.923071
14.037080 2.923070
14.044725 2.923039
14.052696 2.923023
14.061446 2.922952
14.068913 2.922943
14.075390 2.922890
14.085638 2.922864
14.094257 2.922797
14.102105 2.922777
14.110326 2.922700
14.118306 2.922655
14.126057 2.922572
14.134084 2.922559
14.142827 2.922490
14.150260 2.922482
14.159112 2.922428
14.167332 2.922411
14.175374 2.922338
14.182965 2.922338
14.191192 2.922267
14.199160 2.922243
14.208021 2.922206
14.216242 2.922200
14.224314 2.922139
14.231483 2.922129
14.240623 2.922096
14.248879 2.922093
14.256230 2.922052
14.264660 2.922062
14.273404 2.922036
14.281476 2.922124
14.289516 2.922112
14.297236 2.922139
14.306015 2.922148
14.314421 2.922195
14.320427 2.922215
14.330132 2.922228
14.338688 2.922248
14.346668 2.922283
14.355626 2.922322
14.363841 2.922332
14.371776 2.922356
14.380180 2.922416
14.388149 2.922477
14.395872 2.922481
14.404646 2.922547
14.411067 2.922574
14.420845 2.922636
14.429279 2.922605
14.437072 2.922677
14.445613 2.922698
14.454385 2.922768
14.461950 2.922771
14.470228 2.922858
14.477901 2.922883
14.478046 2.922858
14.478046 2.922857
14.478046 2.922857
14.467594 2.922769
14.460431 2.922706
14.451050 2.922540
14.442652 2.922431
14.435228 2.922300
14.426715 2.922180
14.418442 2.922019
14.410532 2.921892
14.403995 2.921748
14.394027 2.921580
14.385027 2.921402
14.377699 2.921269
14.369589 2.921099
14.360386 2.921082
14.352921 2.920859
14.343811 2.920666
14.335867 2.920472
14.327464 2.920334
14.319964 2.920142
14.311251 2.919984
14.302709 2.919699
14.294901 2.919458
14.287156 2.918939
14.278789 2.918471
14.270912 2.918221
14.262836 2.917882
14.254502 2.917491
14.245959 2.917029
14.237746 2.916620
14.229760 2.916349
14.221429 2.915922
14.212721 2.915349
14.204523 2.914871
14.196917 2.914386
14.189159 2.913937
14.180568 2.913268
14.172663 2.912602
14.164508 2.912334
14.156238 2.911918
14.148456 2.911247
14.140491 2.910587
14.132381 2.909895
14.124206 2.909082
14.116267 2.908336
14.109374 2.907680
14.099473 2.906751
14.091524 2.905964
14.084206 2.905243
14.075876 2.904309
14.067783 2.903311
14.059288 2.902439
14.051317 2.901508
14.042642 2.900313
14.035121 2.898827
14.026850 2.898055
14.018887 2.897184
14.010769 2.896288
14.002467 2.895234
13.993604 2.894059
13.986224 2.893127
13.978340 2.892147
13.969246 2.891011
13.966014 2.890603
13.966002 2.890581
13.975192 2.891550
13.982434 2.892241
13.990160 2.892967
13.998596 2.893795
14.006621 2.894717
14.015041 2.895699
14.023172 2.896743
14.031280 2.897730
14.039595 2.898741
14.047474 2.899683
14.055285 2.900829
14.063742 2.901925
14.071767 2.902799
14.080213 2.903965
14.087486 2.905001
14.095801 2.906077
14.103202 2.907051
14.111063 2.908001
14.119898 2.909079
14.127367 2.910039
14.135522 2.910988
14.143157 2.911894
14.152064 2.912620
14.159496 2.913076
14.167480 2.913497
14.175452 2.913944
14.183634 2.914537
14.191755 2.914829
14.200500 2.914708
14.208154 2.914560
14.216511 2.915034
14.224640 2.915595
14.232706 2.916029
14.241233 2.916598
14.249023 2.917089
14.257636 2.917687
14.265872 2.918201
14.274642 2.918847
14.282386 2.919302
14.290825 2.919824
14.298531 2.920295
14.305614 2.920786
14.315373 2.921377
14.323197 2.921816
14.331705 2.922318
14.339603 2.922632
14.347853 2.922997
14.355779 2.923437
14.364717 2.923852
14.373001 2.924254
14.380695 2.924614
14.389537 2.924980
14.397490 2.925327
14.405292 2.925687
14.413572 2.926033
14.422579 2.926418
14.430409 2.926727
14.438966 2.927064
14.446929 2.927355
14.454803 2.927559
14.463813 2.927841
14.470860 2.928058
14.479198 2.928311
14.487925 2.928572
14.495691 2.928801
14.504510 2.929060
14.512667 2.929301
14.520511 2.929627
14.528510 2.929852
14.536304 2.929920
14.544395 2.929987
14.553332 2.929998
14.560947 2.930068
14.569109 2.930078
14.577812 2.930081
14.585968 2.929983
14.593390 2.929902
14.601913 2.929893
14.609384 2.929838
14.617553 2.929811
14.626405 2.929751
14.634006 2.929738
14.641895 2.929650
14.650071 2.929585
14.658428 2.929531
14.666351 2.929510
14.674774 2.929429
14.683359 2.929414
14.690918 2.929373
14.698850 2.929350
14.707303 2.929285
14.716075 2.929251
14.723662 2.929216
14.731985 2.929158
14.738516 2.929104
14.747931 2.929051
14.756269 2.929004
14.764666 2.928948
14.773489 2.928886
14.781099 2.928838
14.789551 2.928542
14.797605 2.928359
14.805405 2.928048
14.813939 2.927867
14.822500 2.927739
14.830706 2.927909
14.838568 2.927901
14.847081 2.927793
14.853380 2.927691
14.863421 2.927623
14.871577 2.927494
14.879606 2.927266
14.887804 2.927116
14.896280 2.926779
14.904388 2.926687
14.912114 2.926084
14.920527 2.925466
14.929057 2.925098
14.937057 2.924490
14.944542 2.923686
14.951638 2.923037
14.961032 2.922255
14.969657 2.921545
14.978409 2.921533
14.986129 2.921720
14.993585 2.922284
15.002020 2.923050
15.010270 2.923319
15.019641 2.922092
15.027222 2.920743
15.036021 2.919269
15.043262 2.918166
15.049748 2.917112
15.057043 2.915687
15.064765 2.913948
15.070765 2.912491
15.077589 2.910532
15.087436 2.906493
15.095650 2.904428
15.102509 2.902694
15.111040 2.899960
15.120659 2.896410
15.129460 2.894514
15.137138 2.892511
15.144758 2.890358
15.153858 2.887768
15.161142 2.885678
15.169927 2.883128
15.177511 2.880808
15.186527 2.878304
15.193619 2.876404
15.202078 2.873559
15.210344 2.870858
15.217942 2.867941
15.225453 2.865425
15.231389 2.862913
15.240846 2.859185
15.249276 2.855717
15.256857 2.851831
15.264403 2.847669
15.271862 2.843914
15.279510 2.839912
15.286872 2.835958
15.294123 2.831637
15.301877 2.827099
15.309155 2.822490
15.315889 2.817853
15.323314 2.812521
15.329573 2.807713
15.336930 2.801690
15.343457 2.796282
15.350886 2.789990
15.356811 2.784600
15.362921 2.779194
15.368549 2.774186
15.374859 2.768465
15.378079 2.766009
15.378154 2.765954
15.378226 2.765950
15.378268 2.765908
15.378407 2.765902
15.378691 2.765907
15.378852 2.765852
15.379150 2.765754
15.379396 2.765668
15.379367 2.765702
15.379708 2.765915
15.379892 2.765836
15.380092 2.765537
15.380413 2.765582
15.380527 2.765417
15.380818 2.765258
15.380708 2.765246
15.380908 2.765184
15.381059 2.764955
15.381025 2.764371
15.381147 2.763861
15.380996 2.763091
15.381115 2.762544
15.381449 2.762041
15.381334 2.761167
15.381587 2.760476
15.381559 2.760250
15.381964 2.759945
15.381871 2.759264
15.381866 2.758571
15.382034 2.757881
15.382247 2.757176
15.382153 2.756395
15.381644 2.755237
15.381372 2.754798
15.380751 2.754209
15.380415 2.754176
15.379783 2.753855
15.379334 2.753994
15.379086 2.754297
15.379165 2.754928
15.378933 2.755044
15.378863 2.754985
15.378935 2.754707
15.379006 2.754238
15.379112 2.754107
15.379462 2.753830
15.379713 2.753725
15.379781 2.753699
15.380013 2.753868
15.380267 2.753884
15.380843 2.753787
15.381635 2.753635
15.381723 2.753623
15.382033 2.753539
15.381975 2.753587
15.382278 2.753559
15.382305 2.753670
15.382317 2.753735
15.382394 2.753720
15.382260 2.753742
15.382098 2.753673
15.382118 2.753747
15.382030 2.753684
15.381509 2.753519
15.381429 2.753565
15.381498 2.753476
15.381392 2.753524
15.381351 2.753592
15.381310 2.753541
15.381302 2.753368
15.381121 2.753589
15.381181 2.753849
15.381248 2.753795
15.381108 2.754001
15.381060 2.754218
15.380963 2.754594
15.380887 2.754922
15.380826 2.755505
15.380834 2.755934
15.380762 2.756497
15.380798 2.756805
15.380734 2.757323
15.380810 2.757498
15.380702 2.757810
15.380699 2.757864
15.380736 2.757712
15.380718 2.757620
15.380698 2.757591
15.380680 2.757564
15.380664 2.757539
15.380643 2.757509
15.380627 2.757485
15.380607 2.757456
15.380590 2.757432
15.380570 2.757402
15.380553 2.757377
15.380535 2.757351
15.380517 2.757324
15.380498 2.757297
15.380482 2.757273
15.380463 2.757244
15.380443 2.757215
15.380424 2.757188
15.380407 2.757163
15.380389 2.757137
15.380370 2.757108
15.380351 2.757081
15.380333 2.757055
15.380315 2.757027
15.380295 2.756998
15.380278 2.756972
15.380259 2.756945
15.380240 2.756919
15.380221 2.756891
15.380203 2.756864
15.380186 2.756838
15.380167 2.756810
15.380149 2.756784
15.380130 2.756757
15.380112 2.756730
15.380094 2.756703
15.380074 2.756674
15.380058 2.756651
15.380037 2.756620
15.380017 2.756592
15.380001 2.756567
15.379982 2.756539
15.379964 2.756512
15.379947 2.756487
15.379926 2.756457
15.379908 2.756431
15.379889 2.756403
15.379870 2.756376
15.379851 2.756348
15.379833 2.756321
15.379814 2.756294
15.379797 2.756268
15.379778 2.756240
15.379759 2.756212
15.379742 2.756187
15.379722 2.756158
15.379704 2.756132
15.379685 2.756104
15.379667 2.756078
15.379649 2.756051
15.379630 2.756023
15.379611 2.755996
15.379591 2.755967
15.379573 2.755940
15.379555 2.755913
15.379537 2.755887
15.379519 2.755859
15.379499 2.755832
15.379480 2.755805
15.379461 2.755776
15.379443 2.755749
15.379425 2.755723
15.379405 2.755694
15.379388 2.755668
15.379369 2.755641
15.379350 2.755612
15.379331 2.755585
15.379313 2.755558
15.379293 2.755529
15.379274 2.755503
15.379256 2.755476
15.379237 2.755447
15.379218 2.755420
15.379204 2.755399
15.379181 2.755366
15.379162 2.755338
15.379143 2.755309
15.379125 2.755283
15.379106 2.755255
15.379087 2.755228
15.379068 2.755200
15.379048 2.755171
15.379030 2.755144
15.379011 2.755116
15.378994 2.755091
15.378976 2.755065
15.378955 2.755034
15.378936 2.755006
15.378918 2.754979
15.378898 2.754951
15.378880 2.754924
15.378860 2.754895
15.378840 2.754867
15.378823 2.754841
15.378803 2.754812
15.378784 2.754785
15.378766 2.754758
15.378747 2.754730
15.378728 2.754702
15.378709 2.754674
15.378693 2.754650
15.378672 2.754620
15.378653 2.754591
15.378633 2.754563
15.378615 2.754537
15.378599 2.754514
15.378576 2.754480
15.378558 2.754454
15.378539 2.754425
15.378519 2.754397
15.378500 2.754368
15.378481 2.754341
15.378463 2.754313
15.378446 2.754288
15.378426 2.754260
15.378407 2.754230
15.378386 2.754202
15.378367 2.754174
15.378349 2.754148
15.378329 2.754119
15.378310 2.754091
15.378292 2.754064
15.378273 2.754036
15.378252 2.754005
15.378234 2.753979
15.378215 2.753951
15.378196 2.753923
15.378177 2.753895
15.378159 2.753869
15.378139 2.753840
15.378119 2.753811
15.378099 2.753783
15.378082 2.753756
15.378060 2.753726
15.378043 2.753700
15.378023 2.753670
15.378005 2.753644
15.377986 2.753616
15.377968 2.753589
15.377948 2.753560
15.377928 2.753531
15.377909 2.753503
15.377890 2.753476
15.377871 2.753447
15.377851 2.753419
15.377838 2.753399
15.377813 2.753363
15.377799 2.753343
15.377775 2.753308
15.377755 2.753278
15.377735 2.753250
15.377716 2.753222
15.377698 2.753194
15.377680 2.753168
15.377664 2.753145
15.377639 2.753109
15.377622 2.753083
15.377603 2.753055
15.377583 2.753026
15.377563 2.752998
15.377543 2.752969
15.377524 2.752941
15.377504 2.752912
15.377485 2.752884
15.377466 2.752856
15.377449 2.752830
15.377428 2.752801
15.377408 2.752771
15.377388 2.752742
15.377370 2.752715
15.377349 2.752685
15.377331 2.752658
15.377313 2.752631
15.377291 2.752600
15.377272 2.752572
15.377253 2.752543
15.377234 2.752517
15.377213 2.752487
15.377195 2.752460
15.377174 2.752430
15.377155 2.752402
15.377137 2.752375
15.377116 2.752345
15.377098 2.752318
15.377078 2.752288
15.377059 2.752261
15.377040 2.752234
15.377021 2.752206
15.376999 2.752174
15.376981 2.752147
15.376961 2.752118
15.376942 2.752090
15.376923 2.752062
15.376903 2.752033
15.376883 2.752003
15.376863 2.751976
15.376843 2.751947
15.376824 2.751919
15.376805 2.751890
15.376785 2.751861
15.376767 2.751834
15.376747 2.751806
15.376728 2.751777
15.376708 2.751748
15.376688 2.751719
15.376668 2.751690
15.376647 2.751660
15.376631 2.751635
15.376609 2.751604
15.376590 2.751575
15.376571 2.751548
15.376553 2.751521
15.376532 2.751491
15.376511 2.751460
15.376493 2.751434
15.376472 2.751404
15.376452 2.751376
15.376433 2.751347
15.376412 2.751317
15.376394 2.751291
15.376373 2.751260
15.376354 2.751231
15.376333 2.751201
15.376315 2.751175
15.376295 2.751146
15.376277 2.751120
15.376257 2.751090
15.376237 2.751060
15.376216 2.751031
15.376197 2.751002
15.376178 2.750975
15.376158 2.750945
15.376138 2.750917
15.376118 2.750887
15.376103 2.750866
15.376080 2.750831
15.376059 2.750800
15.376038 2.750771
15.376019 2.750742
15.376000 2.750716
15.375978 2.750684
15.375959 2.750656
15.375940 2.750628
15.375918 2.750597
15.375902 2.750573
15.375879 2.750540
15.375859 2.750510
15.375840 2.750482
15.375821 2.750455
15.375799 2.750422
15.375782 2.750398
15.375761 2.750367
15.375741 2.750337
15.375722 2.750309
15.375702 2.750281
15.375681 2.750250
15.375660 2.750219
15.375642 2.750193
15.375621 2.750162
15.375602 2.750134
15.375582 2.750106
15.375562 2.750077
15.375542 2.750047
15.375523 2.750020
15.375503 2.749990
15.375482 2.749960
15.375462 2.749931
15.375443 2.749902
15.375422 2.749872
15.375403 2.749846
15.375382 2.749815
15.375361 2.749785
15.375342 2.749756
15.375322 2.749727
15.375303 2.749699
15.375283 2.749670
15.375260 2.749637
15.375243 2.749611
15.375224 2.749584
15.375203 2.749553
15.375182 2.749523
15.375162 2.749494
15.375143 2.749466
15.375121 2.749435
15.375101 2.749405
15.375081 2.749376
15.375062 2.749348
15.375040 2.749317
15.375020 2.749287
15.375002 2.749260
15.374982 2.749231
15.374962 2.749202
15.374941 2.749171
15.374922 2.749144
15.374901 2.749113
15.374880 2.749083
15.374861 2.749054
15.374839 2.749023
15.374822 2.748997
15.374801 2.748968
15.374784 2.748942
15.374760 2.748907
15.374740 2.748878
15.374719 2.748848
15.374701 2.748822
15.374681 2.748792
15.374664 2.748769
15.374640 2.748732
15.374619 2.748704
15.374599 2.748672
15.374578 2.748643
